x1,x2,x3,x4,x5,x6,x7,x8,x9,x10
-1.2953476708655824,0.5143400502063492,-0.9776640592717641,-0.8325237401905758,0.3754920484318922,1.7502336828022196,2.1977875602358967,-1.0398655057795423,-0.5966063267153192,0.5155322850373589
1.1687893483087053,,,-0.48714297656389544,-1.9240211990303109,-1.33716777999237,,0.05881501998245523,1.0081028602641444,0.3543481150820647
0.9475394371676528,0.026724335847262387,-0.7049459469369983,,,,,,0.3356581594872362,0.47798096384222044
1.2327190860531176,-0.6787628729596047,,0.7561601975395755,,-0.4496841826791043,,,2.056203139775511,
0.8667284028007121,,,,,-0.34732387401956655,,1.8133418258699916,0.029382697013691877,
-1.4902865899118987,1.8655780310359804,-0.5519253764552517,2.0618382385011476,0.3988543514128821,0.14288520030245128,0.16984381232799758,2.2159509392766945,-2.1922185694208616,0.21434151950750518
-0.2652036075300573,-0.213093385083063,0.14931185214190373,-0.2662541494961267,0.1881306671883057,-0.02357746215505412,-1.313558178184649,0.3813660378108791,0.7160544516995808,-0.5420656175080836
1.8678960782240706,,,,0.030096952609887723,1.1413721047344205,,,-0.5702833418123653,
0.5736700329760898,0.8377449040461442,-0.07747721454355075,-0.5668085471070716,1.5842069873778322,-1.0723197145189576,-0.9413317556329183,-1.3271278095014138,-0.9435508196243241,1.2473448771190034
1.2808327565132032,,0.49631439555678053,,,2.2181070076744334,,0.3544194053297085,,-0.22493437716977951
-0.692425551419969,0.09758224092846901,0.3099231745993484,-0.3411254938103623,-1.4544127529070021,2.132058985715884,0.23752674683135086,0.45659200019442725,-0.42240938607498574,-1.5620111153292136
-0.08330053089783662,-0.3232220089869004,0.7095343807195772,0.9060775733761699,0.7650294797093706,0.9882723359171489,1.8036658074765983,0.38985173953555596,1.0992158208098344,0.4938605738357284
-1.9000353999779174,-0.15452028268770893,-0.8677115069037835,0.23143333070436067,-0.791010159313637,0.6056808900303366,0.9810280981395949,1.2035700460201588,1.6192615615242674,-1.6760240840708927
-1.1990000349468184,2.927815186233118,1.0095237198595437,0.22444797104701178,0.032037510311895445,-0.05686014709491926,-1.93374655753542,-0.7723291046234922,-0.11184759450465882,-0.7158598754603867
-0.5851359905494149,2.5587314219806183,-0.25165304156640084,0.27812000826673117,0.24253628500372185,0.5894594986230834,-0.47728276587010215,1.2469812480386824,0.44356219360673566,-1.2871643737246663
-0.10750399922962861,-0.1721483206717906,-0.21816545533062276,0.509296802223084,0.6347251891792207,0.5166530828139859,0.3389153580775631,0.08563770765617514,-2.1512070041123073,0.7778926289381731
0.4883540951064767,-0.9847612766712409,0.2805822783966414,0.6479384810802233,1.171247065225061,0.5103014431738871,0.3216018068163673,0.9467723175007429,-0.3065400201941163,0.41200321959505254
-0.6211131942038228,1.1102967076213035,-1.6097111142566722,0.8167371741503242,0.01770896184800714,0.9653873307262931,-0.7805443703912978,0.08998357881629604,0.060630089731278085,0.43388356005045575
-1.0475619506479805,0.6362150880843536,-1.8458941280723569,-0.6678420571173637,-1.562730007139199,0.8282193996856262,0.40013077750903614,0.4560386468987366,1.4731893962485594,-0.31594166916180233
0.6095856814126602,0.06602234717647512,-0.08623455466860809,1.306625832078896,2.081879363402041,-0.4314666628634145,0.8337195915198831,0.31911691264681086,0.3311124224504418,0.24717772903348778
-0.333077991461158,-3.5849805609217023,1.5348093245984886,-0.6947325876723991,-0.2415571449506083,-0.22029290001808802,-0.7838033932533778,0.24024014199562185,-0.04431243542208476,-0.7165359788295381
0.14930201665135504,-0.03304669295836457,0.9278385712881022,-1.3403827876817327,-0.8053893208917831,0.7252976108374047,-0.639742943448223,-0.9034022625450834,-0.5902909410086109,-0.10097871668938288
-0.09717893606704177,-0.2099584361023333,-1.0285651484486498,0.7731589272535316,1.3262197622576775,-1.910428686386731,-1.5535406174235262,1.0028569747749874,1.569796340625739,-2.1291789717047367
0.8154365012788337,1.6378798864487796,-0.8624122658328115,1.5796678268932107,-0.17799428088000593,0.31463709057311984,-0.7192333145470888,1.0010285260213891,0.8344521176154668,1.7247093557298234
1.4406073691102246,,,1.3507926484737003,,,,,-0.9336654869245457,1.3773026558902282
0.4870889133375232,-0.6133731833684581,-0.1358690108967075,-0.25774640292788603,0.8000506705236631,-0.8787977624358302,0.3496863861162428,0.3000857759467001,-0.8488680101529118,1.5880060292103488
-0.2955712065231284,-0.9927501245562359,0.8528799795201931,0.05449557715464238,0.4084283126590545,-1.18467980019154,0.8124162516419721,2.172428364524554,-1.2628337297844632,0.3542088059895286
-0.7853096953500125,2.689606059597463,1.2396324781502501,0.28210734302997015,-1.2278674758694206,-0.9860560747762581,0.7462745056817888,-1.3624921977174909,-1.331113844742068,0.008831265167877921
0.1334166695435745,0.38003140719429374,-0.43952529781711375,0.9201465461310853,-0.8618147129764268,0.6266443535564412,0.2141206786681254,0.6006490856285324,1.1819980519255384,-0.4553323451048814
-0.6610775318194285,-1.6883937561515834,-2.0190020959228363,-0.17597415806947792,-0.10752288086961366,-1.0860831239438267,-0.8710996998684417,1.5234538572959289,0.875839780302813,-1.2616068747216234
-0.4423480511189051,0.40600269165640335,-0.6264510243605412,-0.8086953154054325,-0.3382457837825317,1.090660885332474,1.1814013025187393,-0.7354468177922702,0.4605510946343112,-0.006411752877750488
-1.0082354924860506,-0.2970745132500433,-1.2642341879976393,1.1630552371530958,1.552472042655303,-0.41057308157409034,-0.6490793125443132,1.0545944376485756,1.216148940980018,-1.1144114018925153
-0.1480446687526502,-0.05893838787123415,-0.770776273654919,0.385981694087448,-0.6999453350839511,-0.5402607453563752,-0.10134272983504104,-1.489062282225359,-2.0564532699766427,0.9182723666383265
-0.7403230891118471,2.134864083025039,1.9718379250836606,-0.5064786217190556,2.3390529955826267,0.9375745293875763,-0.6453138029430764,-2.5818397398122745,0.6881551376003264,0.031295874881145595
0.431361585743699,-0.22883617650444932,-1.1438569305988644,-0.42702666442117354,0.7066372859450395,-0.354375367374211,-0.3604178573426074,-1.519387088057646,0.09120048177827504,-1.1119319414875295
0.9185261996981124,,,2.163983565744372,-0.3065742227005878,,,-1.785261802225653,1.2508093217785257,
0.5244517448747253,-3.3770974934763096,-0.25941169847577666,-1.272866226005333,1.12410678395954,1.0525610872560116,0.3880098898307735,-1.2031111971400128,1.4942942105249304,-0.26226113901948783
1.8053710669005658,,0.5068080189166481,,,,,0.17754119854703979,-0.047038659255799566,
1.442540509091208,,,,,,0.035005756152338266,-0.11576618737057508,,0.3725030898738332
2.154317740207277,,,2.3556898387421086,,,,0.48078018310931514,,1.2140503406380856
-2.7698836184845677,-0.8562045521961766,-0.07002672261360146,-1.0152870625376953,-3.700091559090642,-0.7256184877506775,-0.003610607487661706,-0.5252846828114393,-0.9969432550763406,0.04146462478482887
0.3430881752521303,-0.4685971139654719,1.371743822473672,0.057714415879476136,-0.8715136696348803,-1.1245373223498343,-0.21296980325866172,1.113420653537455,-0.8236887091431336,0.5958794839967012
0.0945569100143128,1.9932329695046769,0.3902514636605695,-0.6982262394258594,0.7363695287646863,0.7700219908959701,-0.3970110122958146,-1.16399570433001,0.5360351912265707,0.06351517676500196
-1.5165500917375536,0.2545209989906128,-0.6369928980212063,-1.515602041862481,-0.35211634338830183,1.2829187342068633,1.2080615000880572,0.9467521020073675,0.2692328900921232,0.5957972033550994
0.09864458147800159,-1.1050508262144687,-0.9055018988524346,-0.6071809255577043,1.4013590766363295,1.0766907311204446,-1.0798775633268254,0.05339111541619958,-0.4026071427527276,-0.15510053930068352
-0.5360428189522269,1.4056916228062777,-0.018906536873635343,0.21615680460127337,0.2242582061333231,-1.02777017496102,0.10855369784052744,1.0623168217868415,1.4726909854807058,-1.1478149677194427
-1.5186012373887288,0.062134580041521885,1.109187575735034,0.35959645428368786,0.6802960760798054,-1.3602490209065226,-0.5719874842699945,-2.196112305792902,-0.14248804924595843,-2.164219440843272
1.3326617018404776,,,,,1.8591325584609417,0.47573549968692735,,,-0.8712100478333836
-0.07086200916264936,-1.9267053549407298,2.2640885613139448,0.1396500464804931,0.8667729543670075,-0.4615085283962066,-1.5430863698582877,1.4258148306808758,-1.1241002812766319,0.3488387635692419
0.4430848113194526,0.0739513036788835,-0.7845842361821985,-0.14963223702623105,-0.9500508260423803,0.8091776925589377,0.571546927498214,-0.021402433097897213,-0.5683514716950304,2.1073178997820166
-1.302063986153336,-1.5446130968608422,-0.0820059806280231,-0.25804732657090645,1.0975824547543822,0.6461164549466722,0.029525586982039678,0.5003377828194732,0.48216574824965835,2.1035567201819507
0.2533633904954345,-0.6810771326794941,0.19850109982821082,-2.6186794132702413,-0.03264754142036228,1.0929824711059881,0.6021841188704216,0.2985560436456747,0.6492391555704942,1.1032565448777163
1.4252334072981876,0.4474559002894586,,,0.978173427007729,,,-0.6880514951942374,,-0.25723642582813205
-0.034422111045983965,-0.05598858916824332,0.44985171816549807,-1.1486320110301287,0.5625518619073462,-0.7208883568080272,-0.6858037068991557,0.8852400475577491,-0.9950284610955705,0.8834424010104657
0.10136672470890502,-1.6482767488700723,1.3644758516464996,0.31025372726349426,0.39412586588987,1.0072423105847592,1.4992207445612984,0.20102689621612732,0.6172873224960682,0.3711859306174261
-0.3428677067016797,-1.5834363028951444,0.21492205910420842,1.378937830644556,0.5833329633576567,-1.0674231909764418,1.0975215056449055,-0.3094698518563403,-2.0920258724950047,1.0179038151825208
-0.9453806240931127,1.7807283731179098,1.1477734005974183,-0.22779927366315994,0.45935984575446287,2.4239185656551037,1.000007037836985,0.23820002478458924,2.88915399420627,0.11758101095648853
0.5818148188788365,-0.9362131890592592,-1.6747188655948895,-0.28780229194835394,0.0384080843685186,0.32926358440985865,-1.4197710467742473,0.6606743221179475,-0.8303855240436768,0.6087343593944147
0.9349264828436507,,,,,0.15197633384740697,,,,-1.0017020643727599
-0.10779913535364292,0.7717204779815932,1.3897592151078182,0.0235102160344747,1.2131249279356775,-0.21426943150203098,-0.7815980186558542,-1.3063132338003884,-0.5062399623418663,-1.268657427449655
2.0095116311902,,,1.7220017623455741,,-0.13714283589574375,1.9996737921018612,-0.14404050672466737,,
1.305925908632233,1.3348948234548708,,,-0.11544031988041326,,-0.06596288322979406,,,
2.3626175577868724,,,,,-0.10957720028334725,,,-1.197598257754914,-1.3936257681498054
1.9988278176538996,-0.35160886668065167,0.1731528628025136,,,,,,1.4186353120639537,0.9474356365540741
-1.2190668974550833,0.988532418236605,0.47543801152736886,-0.6247210006134956,0.1820970961865688,0.5722871836498988,0.04705294782287555,0.4802433341567212,-0.8629510169238006,1.992832044246513
-1.9292847289782253,0.5778512233281415,0.3667634630103227,0.6429433934517144,-0.7083703516482622,1.169197028333056,-0.10798068167831221,-1.1862149390699346,-1.0948103882759563,0.12470506883758806
-1.5965215234614911,1.8005059834424213,1.0489212805426362,1.8268443208509975,1.7214234891089006,-0.35190646480159277,-0.8693294626501766,-2.6777726821641856,-0.4062341248929654,1.765652855835952
-0.8278506574972045,-0.2099209948637558,-0.5545702490828831,0.37499515360771546,1.2860846842143108,-1.5392106175145166,-1.3477759816305928,1.4866200392743552,0.7330668744518097,-0.2593805613484587
1.7070827619264102,-1.3650288863899045,0.9312134911910329,,0.6065438360128927,,-0.2607033598943493,,,
1.2218050071407864,-0.9585636252205919,0.8239926513336804,,0.05401544115475644,0.6561282493076209,,,,
0.7066509835397154,-0.8359729436834187,-0.886835469363095,1.0411560400300823,0.10855715192493393,-1.4541194953032948,0.8556413783882106,-0.4066012322434449,-1.4030133395614652,-2.50731501116164
0.9034142970324087,-0.8599180661115711,,,0.8057915963088538,,,2.0548929211131277,,1.1910570951969557
0.3141291221325301,-0.44371820552892227,-0.055886052896756015,0.4407416036627621,-1.2575119586549002,-0.7693819076064597,-1.4277501429825845,0.2351866222914129,0.08305392239553691,-0.6527086654686133
0.820499205379741,-1.0446003659283085,-0.6898347401772399,0.7805264849125059,0.9288157801261377,-0.7957262027088433,0.2320426047432404,-0.7788072407790315,-0.1973395335773042,0.14383739415156346
0.5603661988159344,0.31755901349310944,0.2731623405402428,-1.0784983371070054,0.3882766393074978,0.5510653511962992,0.6889345300871325,-0.7195201794708872,0.9155856165836077,-1.3172348617768252
-0.4308181540440489,-0.2755190822941641,-1.262409062503299,-0.29071101150480405,0.2214809143448012,-1.8257721818333357,-0.3946883837708456,-1.7484009322633238,2.0415387843169444,0.2124912169339837
0.12582928383100775,0.23207341165914078,0.6045206306008323,0.9781548498345284,-1.5635539288146632,1.310177597426757,1.2458252940172545,-0.06634661085754201,-0.11872869068319965,-3.102760796624073
-1.2439911622015887,0.5188492762631571,1.2006174663098916,0.7288369221167973,-0.07571506577828939,1.9258727005684446,1.0051755563671387,-0.3938264187449053,2.1821106519534137,-1.0961672347066005
-1.4718402205374563,-0.42110538712392287,-0.7586401780205851,-0.3649316144868989,0.7980906964011155,-0.033979571604678495,-0.008296767619785253,0.058814816208904316,-2.3123254929747867,-1.5152605079180672
-0.3853112654294217,-0.8429288013477375,-0.23178748714611774,1.4041283796080901,-0.07444949739319742,-1.3221682177229857,-0.7930997872646736,1.7105759089922536,1.5324939714590151,0.5958774356488822
-1.56248307069533,0.30680493510414963,0.38369709915070194,0.02554020839024015,-0.5700110556093595,-0.3626310438697443,-0.6397149071870721,-1.1450739583590241,1.3659878354682442,0.8823137950296952
-0.28492944258331016,0.3521783083677695,0.389700890390535,2.342883558076062,0.8725686809157047,0.8347696187281046,0.03798101306933453,-0.4344239584101757,1.382710252661615,0.6522721175661845
-0.8295419540543993,0.4538665543398381,0.8373860884208123,-2.0958309562928616,-0.9223867925846672,0.36276482603990634,-1.924461303828756,-1.7661311658852938,-0.27046174039426135,0.49154425909494237
0.5377837069011182,1.582399552691461,0.08226388788949895,-0.37265285346052174,-1.3073595861552483,-0.3846276164270356,0.7075293079967273,0.7527222034871184,0.2646190067284926,0.5471149352947167
1.2763835590745916,,1.3673188377502348,-0.726646839299346,-0.07329104454049068,,,,,-1.8596764908226535
0.5943760855698614,1.246790275725483,0.9107079513000965,0.8126276134697776,0.8394003959799484,0.6996938284365051,0.6143956225060794,0.6789134576286263,-0.6556821299075588,-0.20019344351984655
0.07024326070851288,-0.3357051386995137,-1.5663096360348399,-1.2350089868939376,0.2299761150234739,0.9057759087219182,0.009341909159706499,2.764821861854195,-0.9197624301552701,0.44494214206569804
1.2912026106494416,,,,,,1.2831591063542616,,,
1.5217889732357095,,,-0.1093575047678297,-1.856267498765311,,,-1.0002086234017997,,2.0358572812442954
-0.20243817445701345,-0.09924241072697185,0.23804623471157915,-1.1109706315521002,-0.6906674495813695,1.781925864365022,-0.13220643789951475,-0.8375569780252101,-0.45204189636327474,1.0728236873301344
-1.975896885124939,0.2546498973538494,2.4622187450424615,2.0310626272890295,0.5732027808186728,1.3164426100439806,1.306826284796275,-0.12585200348909859,0.9247938033643068,1.788583018787357
-1.263762243124131,0.5766508774815967,0.3614754480885518,0.10316448497421116,0.014633305665380455,0.23166997253042865,0.31557219784948487,1.1186152928631783,0.47651466322717995,-0.1778765946763719
-0.8399214574910292,-0.4724425178270377,0.2611661028790306,-0.7060707378823271,0.945877088714622,0.43005514067285533,1.1435274200570102,-0.6388192209670263,-0.831067664648249,1.1360572262676651
0.1299539566675541,-0.20251712890189022,0.6986604956523964,0.6614492386457271,-1.2557637367332921,1.3846451230860892,-0.4104069434153738,1.700018047741905,-1.3335486135636627,0.3173988824803113
-0.18562120093847612,-1.9752346764341837,0.6582079780516632,-1.923937026745006,-0.29166686096702593,1.1042754777161876,-0.5300359772950388,-0.9037341515155196,0.8003564705620101,-0.2495180505293995
-0.405059694689822,1.274992477169323,-1.1672787351545773,-0.459607255470422,0.866447011069771,-1.2319473555095177,1.7753471597361934,-0.2168474850667725,0.8745273814123651,0.872435178022542
-0.1522879239624276,-0.479012111846559,-0.04296456195419612,0.712684247490375,-0.9864248439608577,-1.2032585887311036,1.484202721753623,-0.7348550704328964,0.35408388202840285,-0.2022042088991031
-0.15786561122341225,1.4303897213876449,-0.08516918775752377,-0.3568261282178774,-0.2697156362748927,-0.5034584190775057,-0.6700906926250441,-0.49944686291588003,1.6632101128886154,0.7114888270604257
-0.3451965488596724,0.9816556346188225,-1.5871938013873703,1.37567835171567,1.2951557698269225,2.236334014023641,1.0115514390786569,0.4372345438651721,1.2911403848681489,-0.6258094313735969
-0.39541649170215,-0.06424481845343902,1.3688815309003928,-0.8558783527822338,-0.9620616975696591,0.23653807820701683,0.7175304970758656,-0.7030805759400762,0.6704179527719332,1.368399342050404
1.2004616934835248,,,,0.015403994491450964,,1.9582814791855765,,,
-0.2976294200631005,0.7094991234582252,0.4447858668440133,2.2070820654636734,0.43505628776140703,-0.32744121675063403,-1.1333421031098903,1.1804373778973447,-0.006061229208251097,-1.5061397682327318
0.02226060291526958,-0.9957381111270069,-0.4256375103498155,0.006191976442666506,-0.9051780483349907,-0.48762416895635646,-0.744119834113319,-0.7172891963202355,-1.0080205171315602,-0.4827645646031226
-0.8946984417739533,0.5865841159758453,0.20080005353029065,1.1947152249907882,1.8867033904376027,0.6773250139217691,0.4495870246333079,0.7403372722948937,0.4665888170021589,0.0501993454265921
-0.029325806347398616,-1.0216699640620317,0.8389195543048392,-0.03129480985833017,1.4495189742906422,0.9151359035853165,-0.6259516222759774,1.2466910468987549,-2.5607419565035765,1.9302257449578126
-1.3384452777496652,0.4951121791708695,0.427416166147528,1.12371686184175,-0.32869680730441203,-2.1455184718620557,-0.3272879113805561,-0.21916230249965762,-2.0491920166173037,0.04537160896073783
-1.0758514886645454,0.6490851030934534,-0.246079735826514,1.9610948855197334,-0.256178656840482,0.4303912663411953,-0.2130715064595033,-1.6232681884604083,-0.20471300513749557,0.753413441171479
0.6019898056649623,-0.2932677378278677,-1.4567561169159648,0.6444585877332862,0.4194865854634887,0.8434108538525992,-0.27411219523462255,-1.6843747928095578,0.5337601830766953,-0.009142765073484103
1.3916837734001126,,,,,,-0.09789526633794199,-0.9204063082699723,,
1.042633726726367,0.30803794139964996,1.5516772609549183,-0.8248960980066457,,,2.0038058955091795,,,1.4670921431418145
-0.2839091404526765,-0.5679684573180702,0.5246381201649862,-1.0079153247547583,0.5019970879162784,-0.9407944822975665,0.17707927926181868,1.335362579090148,0.3865179354324531,-0.35979158728114685
0.5414111108379199,-1.4064802420048998,-0.8388607841960342,-0.4302700605070151,0.7868502461181258,0.4057987538214289,0.5351664545013418,-0.02738254891043338,-0.7880996460025648,1.4881169365693359
-0.6977934544676601,0.41903894970582023,-0.11210465315375005,0.5629931670346557,-0.6054869852169364,1.0526771608870498,1.3782779158359368,0.991323082496371,0.15762532597364812,-0.43512524610368397
2.822111783859559,-0.9916245447619685,,0.33278488807662393,,0.18516293973401493,,,0.3168244859600677,
1.070822215083761,,,,,,-1.9071388276787276,,,
1.4350800180007035,-0.7188799926247862,-0.34246810901656316,0.11956591562003217,,,0.2912471253656829,0.7748377547924228,0.5684701636794856,0.6054010330667036
0.7615002221739411,-0.5547227246051216,1.6877797868303248,-0.11114939817242687,-0.24384820298240492,1.347625501313754,-0.6305668668769702,0.320278190699021,-0.722834623995237,2.519235815445017
2.3086545167267882,-0.11024098143654597,0.5198571735005325,,-0.34859948840839855,,-0.04060143522245945,,,-0.04229287251264407
0.3122004566335367,-0.07751777776448186,-0.3603393634785457,0.8749100602756985,0.5331344037084068,1.3960472999356885,0.4947297644723308,-0.1976065518151338,0.6167685261844357,-1.9806131592389713
2.103679888730786,,,,,,,0.3382447744369442,0.18582620325048063,
-1.4853557940785214,0.28315055665068595,-1.282592000298381,-1.377006297738727,-0.3806317984682371,0.43065898532838315,1.9877592372562929,0.9792593032537936,1.4332175871290809,0.6536616875430717
0.36685371894373187,2.5057903148560925,-1.3228556138923926,-0.41323031639424485,-0.33517976958241175,0.8935570213583215,-0.9787767576860877,0.7634296075766009,0.5796498317694024,0.8133474349467968
0.7952230468450979,1.538319636632596,-0.04920946293737541,0.5301579094915613,-0.7365492855629082,-0.9647950102675675,1.764828784603602,-0.8121187873570754,0.6413120769528883,0.5310427995074826
1.1749808943372717,,,,-0.5999091184624037,,1.036770787041004,0.7312405173250732,,
-1.0685445969116398,0.7530301599246617,-1.2777424256543939,-0.11815448824430838,2.681072127379903,0.4595608383700958,0.7422492039950045,-1.0610352718663285,-1.2273016561724444,0.7958220370380511
-0.2823519888948579,1.1736214815636739,0.14313323762451868,3.5563627855501307,-0.4723198153133484,0.3891315291894291,-0.7941456625874695,1.1320800106524298,0.5405123938742858,-0.8611898534143274
-0.21728489411342772,1.4718347735005264,1.351709105372455,-1.314395639265646,-0.3659696437322058,1.9213967562969676,-0.06717780069472265,0.2834225145492587,1.126931916660077,-1.232161706298422
-0.839697497429398,-0.22369908321664078,1.3046236198552499,1.1197653482522973,0.8197663671870976,-0.039159948670769135,1.2295697376796937,-0.05264523083831041,0.6779680123724077,1.0120389753946053
1.7968200675106465,,,,,,,1.3190344661661122,,
-0.1682951148087099,0.10243971572915438,-1.0599521662771993,0.22186433837717967,0.2664700886364802,-0.48038789405427934,2.033464179167857,0.42976121000730444,1.1284890365217846,-1.4562129886693227
-1.4648418124505458,0.46006261064892634,1.854857689420273,-1.0099357789723815,0.14337664650128207,-1.2350962446963178,-0.7186225992146529,0.19311131880820975,-0.49261121336276187,-1.3055239031696757
-1.3279176906145855,-1.8860080994642394,0.4765838032145902,0.5975810254311384,0.5925534365473859,-0.9091757978652422,1.005951290574182,0.7067786675108583,0.007294406644997998,-0.15682874325924895
-0.6491154690359697,0.19216183392872419,1.617247805317998,1.1378566156165137,-0.2562104236290778,0.5386214617743597,-1.101430049521758,0.730067177405201,-0.8308571426653624,0.6902555612776734
2.969072190474402,,,,,,2.364955607848391,,-0.5661528561658385,
0.4307757777089527,-0.008720675213032339,0.3458991462741695,1.7736108966542765,-1.1279706645626761,0.6446303277639107,-0.07289760468213104,-0.4990453460587155,1.0721741677899421,-1.4614256346847099
-2.366433358148267,0.2245330147621503,-0.13817973987289622,-1.352847250479958,-1.7105524961850338,1.930633377668805,0.46301484795967973,0.019645723071779902,2.1952449089594404,1.022062493065567
1.7692767705402057,,,,,,,0.7035974159716445,,
-0.4066943812075223,0.5186151715960765,-0.7756570919653527,-0.29294608184713095,-1.0429363392979336,-0.7586657293387521,-0.24096232837912,-0.49093674763787193,-0.7587914430556403,-1.2995970521782207
1.961095788459011,,,,,,-0.44387454292512724,,0.8694098577660546,-2.9530954287447893
-0.8241933387090763,-0.11908383760119232,-0.1306110812312659,2.5053119636784147,-0.33759347044813187,0.9902269920616542,1.8116571865359512,0.6706140857884296,-0.6738160712813385,-1.284487585986946
0.7454202827142047,1.6450252236564493,0.5459630955291201,1.2334481539361506,2.5919470477380866,0.8373742843906191,-1.1006328657939177,0.0510607655044548,1.3702151935211506,-0.24877979094801292
1.5057055948129585,,,-0.35074104034384945,0.15953634032107483,0.2124474277695408,-1.6085419264167173,,,
-0.7951637696651995,1.0118211762355755,1.0233999370855111,0.5602941543334771,-1.2676492312148346,-0.09813477721354251,-1.347192311780125,-0.14729338595109662,0.6474211672292706,0.9921043229151046
0.4728447798590435,1.2584715640140411,0.25975638693745856,-0.23356027201029736,0.8736605096994118,0.9064761001766741,-0.5241716983237139,0.37898225857006895,-0.29431337433662763,-2.0085948022004048
0.4401064921133193,-1.2945221817905157,0.3282242093337605,-1.5353063021612068,-0.719667077020741,-0.4335988017356828,1.2017247703113458,-0.5335150599859272,-1.074970953608707,0.3643450819935937
-0.2169735887338547,0.790560560649339,-1.0118799491645347,0.2108538821397784,2.4695667967271864,-0.2392789590343433,0.18673040970062812,-1.6610402580376213,-0.8529792879921535,0.45972070204276977
-0.32989774250221926,0.6144329606007793,0.42493868579659283,-1.3180294358777604,1.0153062826248176,-1.2426849434224,-0.764921905807427,0.22948491553421296,1.5670230080065792,-1.0038763521274903
0.14768445341955216,0.1560204688303409,0.6573599777724382,1.1840305496790888,-0.40407526400193994,1.0118492412629496,1.3303217188263794,1.7839591788715732,0.5019232997216204,0.15743691035263355
-0.4745844736148692,-1.4589867321496075,-0.277953532658498,0.11233773622650821,-0.10949230243290681,0.5977179928148281,-1.4541732744065268,-0.1819742702898053,1.9947695091303101,0.9955987595022235
0.6161901292127211,0.3906823750224901,-0.3654318573986666,-1.7540702517567133,0.45712859041199905,-2.4484283162896685,-0.32555586261277647,-0.003659189502331053,-0.4471904354070139,2.1713830601352306
1.8243427851000615,1.032811733676764,,,0.618969138823701,-0.9419796597530112,,,,0.14053255467279163
0.31647637718015914,-1.1008542015399994,-0.2700928477579016,-1.0254625750431887,0.8686680157067189,-0.908055425577215,0.2918037041313899,-1.3901558183935978,-1.13343688314131,-1.1818812091706816
-0.2895751538800803,0.1803816199704611,0.364755295191631,-1.7722351317102942,-0.16863938402966697,-0.750572109710102,0.534178492770258,-0.26763633107926194,-0.08083100561848665,-0.7449489385030598
1.7246477095904997,-1.2835794232332018,,0.10759845327296835,,-0.7639359827068721,-1.8116835364114072,,,
2.264695928598053,-0.05079167799560296,,,-0.9810764913178983,,,-0.5005056602039589,,-1.313501949329265
-0.7020136616597602,1.019944247863435,-0.03355694037415523,0.12531384148877067,-2.2322481303512967,0.9477836585238427,-0.6855198901631185,1.1239685543676947,0.15427480419769662,-0.5620534290453252
-1.6777895955511803,2.174845957428076,0.803247273047384,0.8630743996890041,1.8188277054526254,0.2240870122288612,1.352400051381753,-0.4785752577468287,0.7375785328332071,-0.630096707424706
-0.5038587954843133,0.09700057545427611,-1.2673989099597236,0.3294242223746807,-0.3119582098742691,-1.9875606327876807,-0.45766188575892325,-0.3450547031533927,0.8528364648382424,0.28519795249377733
1.4474723670231473,,,,,0.48797285611316915,0.059822147463227435,,,
-1.006421538301779,0.31700876164470465,-1.5786830961518248,1.105571343141608,0.5271808107719738,1.6292830356217987,-1.1165964397754258,1.1334517288164596,0.9357800635681301,-0.1822320472078898
-0.3766433530549067,-1.0851460564900364,-1.345809697722493,-0.7512343194730294,-1.2557756424029562,1.595722483590618,-1.5020519232689415,0.14889547810609455,0.4357051268851052,0.3574992319479522
0.4452886103989797,0.9464003174496751,-0.44592216243667043,0.0875506456902121,-0.29356151296573024,1.3025255912501814,2.0998659234748756,-1.1939337601613753,-2.0311008426043244,0.5691315690190213
1.0703728842357088,1.956977313248455,,1.3957809586872068,,1.464777771630867,0.8811605101631488,-1.2822095629435222,,
-0.09980963319362054,-0.03810595784881155,1.5672280636879041,-0.7568316836883636,0.7990523628666528,0.3164416248792309,-0.8575323892383291,-1.0766014982535788,-1.7013150734801645,0.48557702994877266
-0.06324481340103867,-0.8257774299767748,-1.8761051244360556,0.43271090184889094,-0.1737272936003161,-0.7136934718506799,-0.9640399246508281,-0.23857516342326593,0.4699964857392591,-0.32998298442134943
-1.1885263272964757,-0.058124955035487945,1.045547467252617,0.040267591244210886,0.06842354229428835,-0.3256689567781744,-0.8896638105646044,-0.9228974163537158,-1.6618540667519153,1.1812258363871515
0.46245417604784933,0.08248683925289688,0.29558276677738937,0.3395293962248911,-0.7345462902549224,-0.32526232929330307,-0.4742086773826163,2.5114240168750044,1.020202041456085,0.16788228482539208
1.3659842751296847,1.2396882445084165,-1.3805243075650036,-0.22285328107495792,,,,,,
-1.4433404427280552,-0.42735477156733853,-1.8436759943961023,-1.029639443148255,0.3171774663719027,0.3361542899606471,-0.3131916920406554,1.1239851461377777,1.3540428872992891,-0.06922733527997318
0.2504328563942105,-0.45254444222339946,0.6268877214515259,-1.194060480024647,1.7958348093792744,1.1399852627282254,-1.198926353941103,-0.7890184755006823,0.4212487640448262,-0.3382511036836211
0.5445995487216492,-0.35939634701610634,1.5248117581200582,0.008306992701303577,2.4205551310087463,0.60267529711283,-1.3494043382481336,2.0864965834732474,1.098678954870516,0.3801476250809798
0.6466334561984278,-1.1890467646171878,-1.804376110336264,-0.041749707501356106,1.3787703391491681,0.39570884326860606,1.7091714974091443,1.3212207831921898,0.020608706785452846,1.1837569213272254
1.5225953858547296,-0.08018197108287686,,,,0.2804319015758431,0.7204379830848138,,,
-1.9970218899543064,1.6625947609033647,-0.3678288474017184,-0.6177701275301731,1.3579827784518277,0.9787004684612145,0.27306585597577754,0.769369723099595,-1.1549883356904824,-0.08089437401954816
1.2947841094572494,-0.6771418191301696,,,,0.6475720998400183,,,,-1.0829819732047492
-0.6099903611811885,-2.183235481953956,1.0229126820255576,0.35033822407253107,0.31019454405094826,0.3034550841895363,-2.0601621540314854,-0.9851659884079055,-0.45172711044619557,-0.7487427711363346
-0.2715115496462052,0.24619970267879507,1.006438316255191,-1.4802040270407004,-0.008835386798477098,0.7115436789237772,-0.9240831699718196,-0.19283277376787883,0.4665521154873495,0.011208859479515595
0.6741977605660634,0.09469814704959638,-0.3118625396642448,-1.1727097548638747,0.2471685564136635,0.09997277749237025,-0.9928320278055999,0.5820558248452637,1.26792350634002,-0.6600930679640102
-0.727632144277959,-0.7641485569213184,-1.6786615521872594,2.0044816868750948,-0.44888538051576915,-0.8584541774142377,-1.1267750469893425,-0.3879674663939809,-0.6952093666633166,1.438073186760554
-1.2487378160638052,-1.5385342312883374,0.5517840822874117,-0.10720649630930866,-0.22294483627911554,0.559636246304464,0.13671163729453326,-0.046817586860285504,-1.4056461019236404,-1.6680951496718293
-0.7004283812905476,-1.0843649408989298,0.269205798523187,-1.7987149107097629,-0.4471600929352337,-0.17307485833177585,-0.0396552795316196,0.3989642627095406,-0.3265401934909577,-0.6674920039604384
1.2444801504497913,-0.32003268854583433,1.4191303675543003,,-0.016269663269797518,,0.23121860863232505,,,1.5308140265956272
1.0488517897245615,1.0557383436195333,,,,,-0.5191355524414507,,1.3938430026729642,
1.0579866807295064,-0.441450058433225,,,,,-0.913196436385215,-0.5112951396395816,,-1.5096648567279527
0.6290524683439263,-0.7082187587461486,-0.2103003947869439,-0.146245580617356,-0.2207448716373115,-0.2871276299154687,-0.44435593384119726,-0.571425173941403,1.3197735469654726,0.025049316069927614
-0.12594829322494772,-0.6446527223520863,-0.40794382113068245,-0.6411712083613678,0.7653441719145009,-0.7535990864709267,-2.246245871648214,0.058308037464886345,-0.27939082757020917,-0.5857882168073019
0.9115561199476964,,,,-0.628053263194818,,0.5043869514626891,,-0.6338818575715607,-1.6167767538642601
2.1136927212020042,,,,0.6213170284965213,,-2.086366677487968,,-0.45482995620432537,-0.16143465850198208
0.7707939431418125,-1.7900801974573115,-1.349142385563377,-0.6817450365356267,0.15434512646656093,0.8321256133403738,1.631323419561157,-0.28635419988434907,0.8304809096249848,0.7101624782657501
0.5416691510701301,-0.024280939838200406,-0.3995319384405037,-1.0653993306026128,-1.1315928661217227,0.3470818234980053,-0.05442251028191393,-0.4155073778401859,0.6648086262968088,-0.2004891670887745
-0.9131791537852285,-0.26649806903018347,0.8206298472079934,-1.0235132521759185,0.20927681753754343,-0.055425744393884174,-0.7608098913694541,-0.2933521870394913,-1.5716830087786549,0.10964019415733277
-1.3647329833973596,1.0724372172227898,-0.09197242303418851,-0.5718136565692742,1.1605593280564532,-1.031848844224768,-0.7476829058353383,-1.8292466620316457,1.309506304332777,1.872865696593197
-1.6735939781920588,-0.8157724406166661,0.06981358150805178,-0.5156941370086527,-0.03131500614289812,-0.11759794171030778,0.4075518601783045,-0.9609654939539469,0.19265965024424375,-1.1161274229091975
-0.41185791603157335,-1.7367513275100213,-0.40454819145156884,-0.5727375829079747,0.9435793567386618,-0.059260072319601446,0.12250323310381701,-0.02245202849718196,-2.129108844405882,-1.996946260171668
-0.31867763338080446,0.2785599881738056,-0.23486519272011225,-0.8640589749334503,-0.24031311936570296,-0.32708553404439455,0.7790032488823733,0.7230199818658054,-0.553414527643637,-0.049924253849210225
0.2761992861924088,0.42464439544068067,1.6525980907904427,-0.028147631341616082,1.1687448042065185,-1.1600830776436029,-0.6376738245507104,-2.135824417011362,0.15130654000973548,0.647523954858833
-2.555385109746432,0.18828636759084047,0.6042103472318449,0.5472375963384396,-1.1958611200346472,0.7731199730922478,0.009304497385398744,0.5910376189165157,-0.125857890847028,0.38103736705546165
1.1092358000407778,,,1.2497686952567908,,,0.6760431241559943,1.434877610609374,1.2887835128175609,0.7149877663288735
-2.3441575840917515,-0.6358327269963114,-0.5846004876588028,0.044868391828119164,1.6882648344406712,-1.080541633557196,2.2422020885964304,-0.3823279632742421,-0.766901313473445,0.8452047123117883
0.9243042668241257,,,0.5020281277390727,-1.0335577439006578,,-0.09487016410425736,,,
-0.22045621828109918,-0.8801982816740165,1.0376098114216656,-0.6661269743496928,1.1420111027447535,1.0685435852822518,-0.4459409509452489,0.029667808261014925,-0.4737089765679515,0.5457219952569772
-0.19447131132890075,-0.4174806637727649,0.046179163240046645,-1.5822157635258771,-0.07584824480507829,0.6496119701393801,0.1380543802611692,0.9516565657248657,-0.3772980878607757,-0.45929071232625396
-1.1173190039761658,-0.4057449035487259,1.9658926249643698,0.27554336518645245,-0.5855362157982205,-1.0061419380670662,-1.5985307257659223,-0.8303935694073183,0.759193508538641,-0.42703177324196284
-0.9581717481425716,-0.8481837840342408,0.6494807999399321,-0.08126307538162784,-0.6272044142101095,-0.3083883695545716,2.2058831255474276,1.219623074205644,1.4686253296698477,-1.7521039456297145
-0.15110227783694102,-0.6447890991508832,0.543840195833846,1.0598068784522,0.3264262129200396,-0.8724700426594589,-0.6610133379972355,0.6205708661328546,0.7200731732094269,0.14095237243740402
0.12979091938957085,0.05012253576855028,0.26909655774723035,0.7159609751718123,0.6301657072365295,0.023585433883416867,-0.04904941732733615,-0.08729830906975687,-0.780330644199764,-0.7930281493317485
0.5439562748031107,-0.7128688863945637,0.8139338679130238,-0.05134271103562696,0.8195952584351628,0.6369588035548069,0.8429299247720777,-0.47636575650187174,0.4088994504790421,0.7378879895483643
-1.5513266993994321,1.7016934475488603,2.265953046114074,0.9472882944978129,0.8058807621299916,0.5887585974595184,-0.3234333416867257,-0.1101702112685181,0.9644048953605289,-0.9732171948664226
-1.0607169131291252,-0.3973291887424982,0.6562531748955085,-0.8659361582742,-0.22541606691735783,-0.10667560405200974,-1.011869238634457,-2.4397679167857196,-1.0265125394188044,0.2608865173166925
0.48614346827747346,0.494362983861405,0.6095723948431382,-0.626394900537446,-0.8406091249871873,0.3750580048508564,-0.2117500702369409,0.9070786225461024,0.3813735643375491,1.2838205628328871
-0.46553630432559556,1.0675342501078458,2.0346758971383183,0.05374256160762678,0.49930667694076825,-0.9305282886984875,0.8940565258823384,1.1290581695243005,-0.4944531840666109,0.586159571074838
0.28047273884460494,0.39078529027585124,0.8120197407652732,0.5188995089994819,-0.13898782617284264,0.8332963554301374,1.1118560895246137,-0.5541944340199974,-0.0017991270465755513,-1.768692805220901
0.5835980475312131,1.2231175762642705,-0.25729522748926126,0.13343615783469404,-0.22019573494393999,-0.38389622387586386,0.23217128684659583,-0.7842425390277837,-0.23527693644343234,-0.9045509281058803
0.5890765858496766,0.23923812026770214,-0.43123791738492423,0.037078745622395604,-0.2207252557763486,1.1438951705726343,-0.441012315343429,0.6350449654318838,-0.7052072853082931,0.8142384003799
1.037305600003608,1.084506292594542,,0.29244500007902535,1.2379467016632417,,-1.122052363884504,,-1.495700709517121,
-1.5085322673883428,-1.7798423404806971,-1.0973926808951608,-1.7383120105244307,0.27215802982543186,-1.0845426453859683,-1.690282912003786,-0.04187332010517151,0.017112028447046856,-1.8697830974860992
-0.7137011734705238,-0.07463875197299875,-0.35682327346988724,-0.32948322705273764,1.1792869787361118,2.146544792323574,-0.31329848598180216,-1.3218815325797542,-0.2345830986138149,0.19429310341952244
-0.05327854476984291,0.6106911182243943,2.2119092501962143,-1.7131208570803202,-0.5070796670338041,1.5411431773615063,-0.5220455602658349,0.7894935055744232,0.6309006973476589,1.2368798568138026
1.913339744159529,,,-0.7004071762641193,,,,,,0.8869372813999129
0.03596092032975573,-0.37644182538827886,-0.8143560243549126,-1.9965425396350924,0.6934058862266377,-0.28314736965757137,-1.521865174513654,0.030189139510283732,0.581248015410128,-0.20067369012537317
0.11599268331242134,0.0381268154874417,-0.706794808628176,0.05425961329983219,0.7352169313239425,1.0346436733255826,0.7907293385893434,-0.6750980312359129,0.6362125515697836,0.4654664273365452
-0.7097087924451952,-0.4643127375394367,0.6796931026475401,1.3769081528064424,-1.8116718979804987,1.6400612383692947,1.1641596759081714,0.19911850016603302,-0.24071662335799826,0.39043344921914314
-0.6405653606589702,-0.17769501994666997,-1.4750269514389793,-1.7415229570683606,2.332306634705884,0.0630752184082878,0.2036890210023668,-0.03073279311087399,-0.8277740194808911,-0.3070621097632671
0.09118869396835061,-0.19663827755196503,-0.7522027276944793,0.47948879322404475,0.18836469186814336,0.3929077717436935,0.7050448120198358,-0.1705239122982678,-0.16888794028147805,1.482452562252055
-0.9440152089091198,-1.8736317482243667,0.5555387020574802,-0.6293500948742695,-1.0773509572934485,0.8852380170924199,-0.14476838375915804,-1.2635640576318425,1.9349461190095545,-1.6106862643973994
-0.0866783923360997,-1.8892767748471897,0.27065823385222715,-0.6411087002104213,0.8192748153293696,-0.01738638630670881,1.3506077790068294,-0.42971391740392456,-1.6045443561459176,0.23751605302686585
-0.252557480459196,-1.8192598813774552,-1.0553802760857103,-0.7371324454764893,1.5553833904007333,0.7074457995699789,-0.3477351627927347,0.4708697298722388,-2.0394598798600456,-0.5649061111480014
0.4009953790083626,0.165376306395468,-0.5393561459036081,-0.03830813213100007,0.3381085047120181,-0.009356660168487609,0.8610039569234726,0.31870210988764247,0.5112404704296791,1.7135547882300832
0.8275063329650659,1.7409584463809726,-0.67191436622018,-1.5924138728455486,-0.1402807907109069,-0.22559636167738192,1.4594141523893558,-1.130044432656839,-0.07887896045994186,0.40517936604288673
0.10010250398435848,-0.17152964723869607,0.35856845320634534,1.0790976309119762,1.535745471222662,0.03280720745608439,-0.8158457535945645,1.5345340940933647,-1.0776334467354902,1.790578843115133
1.34413536491873,,,,,,-0.6756469985509331,-0.31527987833788707,0.6128081808259253,-0.16997428502863698
-1.21902060432434,0.8856587131385649,0.5149027751537264,-0.24899594297956376,0.7112661841046735,0.09504706309758831,1.331361192415246,0.15120788555750925,1.3239276665806796,-1.8736527813752126
0.4592190232118289,-0.39786179668083926,-0.8590509883435039,1.1585005794051257,0.8890874318763199,-2.0064766890924717,0.7154956353164654,0.5941480464059347,-0.723071506657659,-0.8353039469631652
-1.5905752245984077,-0.3375318972369645,-0.1774875383065662,0.7969967803585124,0.26938036450055797,-1.0599081153043324,0.23887432494484498,-0.25404541940391334,-0.9348262136644454,-1.5895072437723774
0.6248033350255074,0.44639714947946735,0.5567690282809071,-0.7282444334917635,0.17107986210176426,-1.375364147067248,-0.9865828118518803,0.03373219974833478,0.2623530303221784,-1.6288178959393622
-1.0575447143026382,-0.3653928360832361,0.9585187329102928,-0.8131027528662195,0.14057528279507805,0.24539264063408073,-0.24969182572347334,0.2680200381594347,-1.344916804563747,-0.6557871985619501
1.434359857468895,,,,,,,,,
0.37837202825484684,0.35612346073120876,-0.023530623537210665,-1.2000328302261225,-2.701163913485515,1.2818424820357261,-0.6164977862575388,-1.8671131949710573,0.4379610210029292,0.4187894090690363
0.7678923114813664,1.1157157017983719,-0.9189863692796179,-0.8749817066683421,-0.31870326839747254,0.8216401840551621,-2.102638993812386,0.12820633609125687,0.9321218244806693,0.8908564470181395
0.7085615848373332,1.0630005202455413,-2.747182706515698,1.6134686895722739,0.33040495357337474,1.3346512716780043,-1.1746344769133745,-1.7538268445886498,1.7863776850056396,-0.9265218346195151
-0.31084890463308995,0.5274546404624888,0.7728866602885157,1.0784162948642855,0.2233861673908023,-1.0543092230590376,0.706632632504221,0.7225560564001341,-1.8150348911862193,1.4186848416533524
-2.4870756125602873,1.0344156365938488,-0.6341099680578243,0.7055094812835387,0.5101942052992025,-0.0371225489057341,0.4510866393803189,-0.08644865541402229,0.7139508265701227,2.1852717621153803
-1.3412389906348752,-3.188146327938179,-0.4156742669459145,-0.48402589991402845,-0.37756817539797416,-0.9264389539276121,0.8724341692015912,-1.3813294558816875,0.45077510572165874,0.6384656178570431
0.31646590704061195,0.48714327582592387,0.9492672557274634,0.0535652822568983,-0.3464966137256527,0.48637043862486423,0.600366237611991,0.8896810212187528,-1.7123927598904787,-0.18353152068455755
-1.065368287424024,0.5609648266120248,0.7267091713377622,-0.27441268115708217,-0.7292679819584333,0.5969635349260951,-0.13324231699295894,1.426466662123303,1.7729530541494887,1.0007110486348894
0.2326574060481035,1.8255748861826457,0.24072029057980024,-0.47919389041560584,-0.6753404364360706,-0.7035015624511176,-0.006369747335058674,0.4630868161622686,-1.415156939485918,-0.4489259275676643
0.21285101394739628,0.6436262691608821,-0.02592275207982139,0.24450813382834077,-1.2385224069905463,-0.9117867376775254,-0.060861837284073246,0.5105511151899946,0.23130329218186066,-0.8488243865620512
-0.23656199354819446,1.511838342876808,0.5442582325965617,-0.16253304335640567,-1.0258367617196469,-0.7133711171400773,0.006590362234072988,0.27594709860000655,0.5655634451015591,0.38798558438881453
-0.3702363622686849,-0.5111048993925803,2.0469888822896674,-0.5564673219278842,-1.2917036952978975,-1.6387174780524372,-0.35318888712971186,0.9399838206668305,-0.5759476893411938,1.477514541943261
-0.0072815451385564575,1.1095580667467424,-0.7577211325275646,-0.7422167279197915,0.09104570332997283,0.48255466634489624,-0.17895724256595336,0.29246545068078506,0.5884859534502324,-1.420505679773367
-0.34093744918914026,-0.5186825290597565,-0.47012215762086856,0.40687772851834864,-0.5047894355822636,-2.0050776362118348,-0.23651865183432527,-1.0644060312583128,0.49633198118254557,0.8056969918537202
-2.174828860023367,-0.774232070040323,0.35337302341920734,-1.4088751352015636,0.7826608771802104,1.049316534862222,-0.16201563389323612,-0.7739115995184248,-2.3105676254753127,0.8140252947611006
2.002536978676355,,,,,-0.12686877615202616,0.4781317236434184,,,
1.065668069030618,,-0.9231124713864258,-2.4991158395501887,-0.3461613600997941,-1.0933251585113337,0.41919691899708905,,,0.8119660957518811
0.39725468003374453,-0.11669005993665713,1.6864256759352592,0.7381489163330344,-0.415860853744142,-0.37125326595212993,0.7883796935040357,0.2028456983794867,-1.1211597103339774,0.8947128397780704
1.2572322001968785,1.181388868005845,,2.069198129556991,,0.3406617817597219,,,0.010867845440044674,
0.04355290542735449,-1.8882209986724166,-0.2866213487470736,0.6453320488566818,-1.0259150349639117,0.16569124523720097,0.4316270008792509,1.1179676410257444,1.7126053927940235,-0.37782606261066637
0.1837573817907016,0.21506917255752092,0.6493748593883674,0.5374030856413456,1.4250055602997709,-2.331296730220838,0.41802107822299267,0.48741100902423373,-0.23522923252996578,-2.2640097424955847
-0.060996110773633795,-0.7105607626899747,1.6779554099237237,0.37529136982787337,-0.79548482749426,-2.0526450047951466,0.5906176822183752,0.6961491937436464,-0.2157768511535411,0.6036754821556082
-0.34827052846331474,1.0672152751681616,0.9926848357705301,-1.6389253714029226,-1.395191843941112,2.0312817230435285,0.9321963500270899,-1.262381005028561,-1.5703800384229065,0.20777206561012146
-1.1423153918732756,-0.3167073879248491,-0.04727918960075725,-0.09043838886471532,1.1265382817824927,1.8347562391255037,-0.4789178528321589,-1.1306591638032404,0.3888461549835758,1.6314801144427198
-0.40321515633964394,0.850358892014213,-0.8371355925341191,0.0212713681001226,-1.1619422823001564,0.01083206047924686,-0.11645497871559965,0.6081228991620768,1.7780616086895233,-0.3888954209093435
-1.9997291473456924,-0.20210388917957658,0.2993176234884291,0.201900088256738,-0.15742281028525582,1.4877149407963515,0.1362145398678148,-0.104796265119467,-0.7777061268309715,-1.7467106873411962
0.3292319363179372,0.24541789986735613,-1.059330534928173,-0.044372359551817266,-0.1438514335271137,-0.6245005244091758,-0.7933107131492337,0.40508167110485566,-0.22581170155035063,-0.5909935914277588
-0.8616720257369026,-0.12998506576253574,0.9244835688697693,0.20664007421348365,-0.2371220219746366,0.3084904245684206,1.3643850146676004,0.4904140351801323,0.2602009815728582,0.6385295042598844
-0.1580137365223362,0.18406782076952255,-0.48895542387934543,-1.550553321335531,0.34283585238734404,0.34668008443553644,-0.28771295827025517,1.0358210686017664,-0.7216033208616328,-1.7713844118646866
-0.6971158458551965,-1.5409393025519862,0.3380363554906751,-0.7520778697056207,0.9846891924957778,0.9637988025594604,-0.92497409323813,-0.8081068632553141,0.5344396526836521,0.9798397814479904
-2.012620611623128,0.28167087002955826,-2.1975905928432646,-0.5485161098987617,1.0936568078962312,3.0097701334193614,-0.23882383414896743,-1.2471158783700453,-0.5134921744150664,0.06606968804030436
-0.6702412395388759,-0.9248236759798047,-0.42685000647234383,0.39557726622524236,-0.1694089390563463,-0.8816028000930327,-0.6700624996857939,-0.4138585496704325,-0.9994263975842171,-0.7071449963877648
0.6436360006037405,-0.23032096122549042,-1.7534869590840183,1.0249486990649743,0.41671981978507205,-1.3831329637471979,-0.36537900611389673,-0.7920988290577884,0.6769057090796319,-0.3716522260476548
-0.07277333388596144,-0.18919441984225716,-1.4801345297253927,1.4053961679571554,0.6623300571835197,-0.7473836010498679,0.19186192099534252,0.9741179148473879,0.05574101275759173,1.5567541866680903
2.9178508419178057,,-0.5825297430408646,,,1.2481450514496444,-0.3534938100632818,,,-1.0809702299310213
-0.9308141947451899,1.744686889450433,-0.07006514979360157,-0.6602875371187038,-1.045173294904216,-0.14145578040111212,1.5078944209782768,0.6854379817631263,0.1817623463107941,1.5885209435910486
1.3957751649705066,,,,,,,,0.4613683159170215,2.3901359098825514
0.9518518013812746,,,,,,0.8618776396898403,-0.1796354459135899,1.6635319868837088,
0.1496465984459531,0.5655111216544726,-0.5884572179411017,-0.27218052729658815,-1.0780077139635724,-0.4783369897209981,-0.1043888642558086,-1.6603672466550468,0.5768139749961225,1.0221282705262742
-0.00791773490932441,-2.6972420584385057,-0.25299276441509744,-1.39338621236748,-0.6096190325367516,1.4519363006285246,-2.434473082869535,-0.8163625248873582,0.8295696118548928,-0.7019261195486607
-0.7784301771719252,2.0324061686075274,0.3783873934105239,0.9343024110319759,0.49466971787421915,0.16169739159877825,1.2640249099721235,1.9053466044672862,-1.683516924610645,-0.03531735618704696
-0.043198748398427765,-0.42927723531224793,0.9810606294734381,0.2568876825190573,1.925472864442779,1.1002664092961025,1.364702437788823,-1.199164219986234,-0.8060859240170528,-0.7236914548697733
1.3231188022504494,-0.9671762861318086,-0.9379343492107619,,,,,,,
-0.9790027452004435,-0.7313738994719998,0.21887153850827396,-0.7930823140871928,1.5239981010956674,0.5032232044264245,-0.6896034260842834,0.9976170770685008,-0.39328457127305777,-0.5904366372401125
0.8958156474952942,-2.4528245758881977,0.7348170667287091,,,,-0.5312127717698095,0.9559146327623915,0.2792447291650234,
-0.25054225782708167,-0.302715502342898,1.5279883901618925,0.9304600697882323,-0.4996809586010486,-1.0458761406894284,-0.5844737333806651,0.9814952700507851,1.178691774666408,0.5549436020159315
-1.6167709312084173,0.7537790805287139,1.3035782036029033,0.1735565456780371,1.9798030556016668,-1.320970655908891,0.684807520446975,-1.020221358463,1.0585419084637493,0.6128608557410278
1.8013558167627286,0.4997085907082238,-0.40400601806041114,,,,,,-1.4965674449423507,0.038360143082646854
0.06249151680014581,-0.7812952818006472,0.43824999207384374,1.4608508378280027,0.8918089839532661,1.3470683889420039,-0.7184678475356595,0.036507772766668604,-0.7656476792661457,0.23943007058056626
0.3294509091072474,0.9598380054009069,1.3134918538469562,0.688977163945762,-0.860169862840881,-1.352172714324218,0.5200200307053304,1.5005211088612125,-0.024791877068242422,-1.527393562133019
2.084755956708015,0.4894045501614445,,,0.01621622289545257,,,,,-0.6160067020367657
1.664161582896393,,,,,-0.49281738971727795,,,-1.0114087245217422,
-0.266878447842023,2.496514386020694,0.5942534326678129,-1.1516951814120133,-1.5356362430171133,0.3981713886581,-0.39686709472701687,1.3314749495046554,0.2818638384599395,-1.9825203096943333
-1.0194242984175317,-0.6752820560071288,0.44203693836823876,-1.052752429848746,0.15281759395857636,-1.3361498212124137,0.006185418978453521,0.37002598444821344,1.4615103173579602,0.24557542360516618
-0.8167349242507829,1.4930050869581586,-0.18317803620779846,0.7735667681014465,-0.6128957711701447,0.09077825989241388,-0.8012679345779451,0.32225995534920887,0.8038280951636176,-0.49479927552455316
-0.5510079193866743,0.3568182184639621,-0.8250159699797889,-1.5179436873354848,0.3531964184012357,-0.10769717661993422,-0.12885939144057856,0.5210704145812396,0.6607503524304116,-0.16100189158719877
-1.1226694052899522,-0.6385868031711459,0.5849639304653893,0.1364026634449818,-0.5497593657574801,-0.7843864858351237,0.617822810255927,-0.22165240556205526,0.7527167787721363,0.879335797438561
-0.3128397502851846,0.9496474848360985,0.1384097544619332,0.26775823758403977,-2.188749095111957,-0.9709212983234546,-0.9166943638774402,-0.3186547224035695,0.1143510076537779,0.15525032504097389
0.28574694679125234,-0.6849445912661709,0.6913629637748382,1.8092884435515908,-0.35332488744912666,-0.6636681674336484,-0.685331823910873,0.08546782653049174,-0.5257631096130041,-1.73032841308321
-1.456751872451672,1.0201901394674444,1.2817940401233752,1.5998895879579749,0.22630443877937667,-0.9909055079538115,-0.438016149157182,-1.4913876349798483,-1.5298919895419743,0.25526271056272676
0.5390115494070183,1.9583735557262432,-0.08309357618599605,-1.3578348108056013,-0.12192038375503231,-0.28245919911340106,-0.4912316767984467,0.34374956747487484,-1.2144725291060277,0.1307214328259615
0.6515632657194788,1.4197377702319631,0.310375849035939,1.0431204505192768,-0.4438960403060948,-0.30429027407922543,1.3478470412156416,-1.3715844249638158,-0.4031403022455935,1.128446306725966
-0.21111171475251073,-0.2856020318712541,-0.2653321165665122,0.11715177484724544,1.086083841919241,0.9242315183232139,0.01145724149896091,1.0923885674907958,0.3417929633297362,0.8591201678208314
-1.028369474092998,1.7385527334330635,0.22021305414542847,-2.748309347317814,1.6595271734693562,0.005054931210662157,-0.3954939611513931,-0.6056830651871992,0.4395018685343685,-0.8883889189372892
-0.5769064626707323,-0.5528781038116881,-0.29224704370223725,-0.5152082497318609,0.8528141316548622,0.27106230479769955,0.3930367383442835,0.6106022135172877,-0.09309427016570114,-1.020309329123823
1.8051724793768817,,1.612827013935584,1.0345384209614492,,,,,,-0.4198498589157446
-2.495553501651347,-0.013127264244281612,-1.0817785502523014,-0.7243825807659221,0.8501040968971368,-1.0291419540840099,-0.9336893053731921,0.18558032741011987,0.8723620916133091,-0.40270589540679624
1.4672154050229071,-1.2786691779251602,,,,0.33654896516011623,,,0.3797966951356056,0.8239492471907172
1.0508583969153988,0.875284464669774,,0.27609096444970527,,-0.47488324508909263,,,,0.3717873055880829
1.5075426543471946,,0.6608584777343189,0.07970003877477616,,,,-0.8028548545936912,0.5747593155406493,
0.7365734195264622,1.1826664380697987,0.07225755152647977,-0.9829301825938861,-0.049932896349257086,-0.7248370904324796,0.6578599917560968,-0.3590874030973931,-0.09853161723445317,0.6936222296710834
-0.7410942895915659,0.9639765858222498,-1.3475963519596137,0.30655096793882525,-0.09089899732260745,0.8273417964239792,-1.374373961863985,-1.5307911227912112,0.7500443858611368,-0.3909221415491874
-0.09080210376820547,-0.6597491609091383,0.9128103798272368,0.2992162104100391,0.24066408805704353,-1.1696204681748614,0.5015055532044023,-0.9922129187574793,-0.6585530276812745,-1.3653476647851506
-0.15654147458441145,1.0644732600673101,0.22669498916318015,-0.44182090649650346,0.10914631810118866,0.10361397213421711,0.0660686839264923,0.17733443025982318,-1.0399943539450265,0.10653836003021079
-1.755248369300389,0.5756236084039785,-1.1027491919103805,1.1775978301589163,-2.445236263661804,1.6744249425267141,-1.6392206767779147,-1.1999346291371316,0.29905703794100097,0.6187149844245802
-0.2833854265160508,0.8926060522578717,-0.7965542527560597,-0.39969194678204123,-0.30207794248237124,-0.5383958581782503,-1.9341785743912234,-0.02466706650849419,-0.11500715370273162,1.078182763710338
-1.2859444157038942,-0.6394073240696911,1.2034912255235453,0.29328886128435216,0.549379686156372,0.45343362333953136,0.45787164743455405,1.8210499948476817,0.09154065798031732,-1.0113432768427388
0.6387974862278913,-0.566551674227108,-0.10993697641829091,0.3701810017557189,-0.8213543152188554,-0.510294747819768,0.4758485710704116,-0.548644971209072,0.9733853159903573,-0.9861575978626317
-0.9895243764115682,1.9060558657553222,-1.5302264415929525,-0.02671652899829002,1.8514838475629,-0.02859144789927242,1.3467706690639987,0.6524748644050148,-0.007201884234801467,-0.13064526146287425
-2.1193174141427438,-0.3191116598853623,0.23221850583119408,0.23166290969257514,2.465858757153896,0.28095806614950547,0.6301453207938449,1.164963167409901,0.5405013115277916,-0.08604906673669008
-0.08118735053940336,-0.35065448223628093,0.44421102913658,-0.1703207209798789,0.6249363905316047,-1.0090873103296993,0.14684845840864394,1.552067321407369,-0.22462349734481402,1.8430016269667773
0.16367144732892863,-0.05650819214600028,0.11661850230386629,-0.3114232441637862,-1.9805560711064139,0.8801748582231509,2.1927131639471136,0.4804292700326692,0.5413209613564595,-0.18259268555799602
1.1577890988306425,-0.0392716184597749,0.2672200981968966,-1.5652164674642235,,,,0.9349397421295044,,
0.5841371010552137,-0.7468083880048326,0.8945926060417757,-1.6301682090820182,-0.09840994373344757,-0.03423681724311631,0.480467097003245,-1.031159996146353,-1.9667640613254171,0.1712727615456816
0.5264302725454784,1.0074549626330378,-0.3585516533841505,0.7756816410154472,0.4857737748884289,1.3224050777143361,-0.055387916044218145,-1.7298993027940788,-0.06765967361924727,0.08845074846271171
0.5181942423984942,-1.5326823663406166,-0.3120448148078744,0.8681035715646148,-0.10408545272113312,-0.30573438213208526,1.9063263977834999,-1.070004186831552,1.2331547099843143,1.02124973587419
-0.22516646161696247,-0.03289055308232672,-0.036458732952163786,0.18194775634353694,-0.594541357437788,-0.4281482264286697,-0.355224530897812,-0.323297700598883,-0.3107562305520698,-2.240824789036072
0.09764908792945162,-0.5274677801539326,-1.8668110866147,-0.3500510149109371,-0.38095747800739044,1.2752445270824715,-0.539229958429416,0.6677901798734956,1.382812003385717,-0.6280687090215913
-0.047497209861756186,1.7286917749097015,0.2289761551492464,0.3737498420689271,-0.40725392396832805,0.6870508304322401,-0.039642613685584374,-1.8321029378798617,-0.3552325339828173,-1.1831787902197832
0.11224096427254499,-0.9168390970588787,0.47812846569247985,0.044763420933796275,-1.2480090035788647,-0.4925381156136834,0.6205627016310842,1.147993035813966,-0.9024212312739336,-1.097440494941047
1.950984940301054,-0.009767946495007592,,,0.21522022854038678,,,1.0649632491393441,0.028983856536326152,-1.0258031906239433
-0.6832366692929935,-1.117802175304829,0.21778658358668515,1.223888793650001,0.1610109421508236,-0.3077818186302673,-0.7896397522873732,0.35544586284517415,-1.2381320527936235,-1.1341010782630543
0.9001632676405831,,,,,,,-0.7070922169485016,,0.30221974269364166
-0.03550994349792386,-0.12449018617308494,0.046283559060141234,-0.03622440509418289,-0.7803829025639386,1.1070509123387753,-0.4823114551918347,0.12922055068405935,-2.0603352460383695,-0.21517428805831407
-1.0995891634130304,-0.9790217696992899,2.4221859469667826,0.2495259006308594,1.226022178048868,0.8553035833207868,0.9832428819980648,-0.19907166159309786,1.60640201191153,0.8466872985764928
0.04133495180230303,0.2632896244576094,-0.1367324164624988,0.05223918486637631,-0.04360073508674361,0.3815336312364906,1.739973801410464,-1.2052141169587356,1.1423547635088067,-0.36823448371126805
1.2696631482648055,,0.4127536765402529,,-1.730592123378259,1.7389768762939861,,0.08388286115631548,-1.052421786175074,-1.3370016514874539
-0.20493983968913196,-0.5935112620702715,-1.168815021306427,-0.0354326147271854,-1.4819067230978304,0.1254737984145213,-0.12732681899747975,-2.4804060345012777,-0.5231099030498442,0.46841001022675305
-1.06354588495652,0.5117921944358096,0.432679209913578,-1.0177214269522048,-0.012282303305984794,0.8249910833476561,-0.8764222304605156,-0.20581055758128874,1.1502391179811413,-0.8576320647592103
0.4591582858021184,-1.0791911082922734,-0.16096190319500647,0.4467267145738957,-2.404526789936707,-0.5343230811186335,0.4293319271863781,0.2258441091983972,-0.522378384637123,-1.1045820055811701
0.6284648821942466,-0.3224067375218164,0.5453472016290055,0.3802231355175076,-0.447418285568487,1.0725617429946501,-0.5942776100361612,1.1904539741519027,1.321292530547531,1.050114674490225
-0.18056115336629774,2.5470791443679888,0.15184445908924354,0.24105647884645948,-0.022061345238108394,-1.1297664770563425,1.295073237384764,-0.5724034296639381,0.9196110260373133,1.1595531083185424
0.6033213805492871,-0.6919692758983038,-0.34107825551218224,-2.6770761806813215,-0.11646765636659494,0.8027101876999836,-0.23750507908192364,-0.5900802922573274,-0.2977469241094995,1.2153659703190185
-0.05436568889346326,1.857916176408613,-0.5707335048847231,0.21723178513126298,-0.43340192562702723,2.0744864137579895,0.17970531130936,2.128076137201181,-0.4201275549023192,1.527579175855062
0.11800337227349521,0.8366555945455971,-1.2197109779090505,0.3484139492093068,-1.0691204379907002,0.25709640070502887,-1.518390053038153,-0.09408301957142737,1.095612037126704,0.5475538789942053
-1.2339500495908844,-1.898386382837097,0.496944580460768,1.5811987953584126,-0.9639460368701671,2.0974040781763614,-0.006493288169000422,-1.958693533674366,-1.560880356713502,0.7699491493714125
0.12956804083503448,1.4822209657932635,-1.198124766698186,0.11849479816377954,0.0067610613883565315,-0.14301452305724197,-0.38260722864699254,-0.36269937553848075,0.17464582428037445,0.3025810278382157
0.25257285010324343,1.2059875089071193,-1.2012785122887206,-1.811683534504736,1.0169650543878639,-0.9435250409089915,-0.3794758186151776,-0.6120996398827769,-0.6335123220917724,-1.4582640382249243
-0.5695275877347149,0.6493311122795312,-0.0039314396099758234,0.5045071285069141,-0.49608199744484854,0.9028459907819298,-0.5083618753435353,-2.108557300525894,0.31662379292629717,0.7673847690286804
-0.5592390124192269,1.199206267408414,-0.85069218770483,0.6707268128673335,1.7447759421571496,0.03673098437154982,-0.22648308602302578,-0.10567167547406495,1.628295386951797,0.40278257379117727
2.1442026772186713,,,,,-2.041322615969686,-0.47498983672062767,-0.45279783404976814,0.23978975541886646,1.9418182204014498
0.05481648840917931,-1.9226590871263654,-0.9139076498769614,0.2622878618709137,0.09299475967869714,1.6244555223125838,0.9600772983713738,0.9301154737777166,-0.21713309215251053,1.099121036550878
-0.8959231261972913,0.9682943092937359,-0.2824189031573673,-1.4479934059605262,0.5932367006148741,1.3975436186143861,-0.4066018713159627,1.5627617502434605,-1.6559409143215462,-1.196793236776362
-0.14672604175213805,-0.37076388592769405,-0.6671333860592241,0.13367771881822318,-0.5285904578303546,-0.3589746638027341,0.278425070350371,-0.6675368824713616,-0.10601816131897332,-0.6455390463595895
-1.2056204167600297,0.7637021746737039,1.7077944408420136,1.0645719950739163,0.33171608186131646,-0.6415284427359669,-0.28691872418274067,1.0570212604673288,-2.2814867670234147,-0.3632602243938508
0.7341159197442665,-1.1382803821845036,0.42338828424553665,0.37698927076568955,-1.454332430262492,0.08697811014293372,-0.6174452680015198,0.4160986758835331,0.6697886858912635,0.3989389337731508
0.07259232424309639,0.28887127242257243,-1.1760650889160043,-0.030751783863223487,-0.7964832467220053,1.0315387534870497,0.6832381559814402,0.6804013501198701,1.7134915557639816,-0.329977464800349
-0.54900735221085,-0.353602716257443,-1.6022364078382039,-1.5235831208460078,0.6211030089681117,-1.3951401309238278,-1.074912565010059,-0.10171987710496015,-0.41222760273766684,0.885652357796067
0.06046130500149494,-0.7984686791721995,0.9716330097430793,0.7287913848387821,-1.4109834375738992,0.2522666446600327,-0.7150767895851483,-0.7414377928001679,1.8695146613125098,0.124271388451788
-0.2175384885139468,0.0849512252956204,0.8742402628292937,-0.701604475953444,-0.5308499694410018,0.6566714581463277,-1.516389290490369,0.9907718409092912,-1.6051797348235601,-0.24576680857540925
-1.5988328731673391,-1.056251661934343,1.2976668586049531,1.0444578738347208,1.1513222997781045,-1.4489882835384054,-1.051056158201663,0.33987256883113187,0.7153174901793481,-0.7995136850986247
-0.5789213825439219,-1.1313476460586354,1.658245290581541,-0.47495579905351665,0.031292303612764895,0.0836446022226273,1.1056204534738094,-0.9524665646324091,1.1682608342261538,-1.2787207156216913
1.1657202577777237,,-0.10455565186810466,,0.6972561082456549,,,,1.3443958210311588,
0.8902492470005642,0.07379381248074093,,0.7666616304754316,,,,,,-0.6062620491478531
1.179252734128051,0.2438124990666245,0.2633988390950769,0.8838955762448353,,0.293674479130845,,,,
-0.08385916637232689,0.45471362746317107,1.233423318370273,-0.31157842696879184,0.6018363421336642,0.26555728050977273,-0.6413014942783173,1.258098998719208,0.7111877956738906,-0.4345499315116685
1.1035937772380797,,,,,-0.4796833555331328,,0.5944601425890348,,1.8297175914563026
-0.7452346497234653,-1.4090140860567608,0.8560991366686891,-2.1494079407874596,1.4918168263306393,0.1017538765263665,-1.426985074805238,-0.9484645024773715,-1.6340886755150135,0.38288295270354256
-1.326914170992258,0.5020890306959483,-0.30482415145357433,-0.47536414021209417,0.5093459668615934,0.6235113296280919,1.1458028720454552,-0.6337783362306186,-0.02980946266093038,-0.6353271325314106
0.16298747554679444,-0.7782896852701315,-0.4240967305005177,-0.41900050977106246,0.293360944027211,0.002954967234578276,0.5063016057687203,-0.10699658214591841,-0.5797526668094674,0.19128289725747308
-0.9171839433908378,0.5691578157793534,-0.28546518796484144,0.20451940969953508,0.22002400494526173,1.6015454843855395,0.38158370156277943,0.07321895306977201,-0.6923708198604551,0.8023851549305044
-0.2702055204125217,-1.52548014592645,-0.1950882222613307,0.19148979436821387,-0.8185056976526855,-0.11818030510973446,-0.07148283664910232,-0.055907894275819284,1.2346418697154549,-1.3115578611847116
2.033802459185564,,,0.1278362665378552,,-1.0565776549858756,,,-1.3843211357497143,
0.1648508402782561,0.4728564477829363,0.442720876831501,-0.9840051137237156,-1.5979913601913418,0.5390596432130327,1.4331239415397288,-0.34530161537568577,-1.1446864844840328,-0.4298803224648433
0.3940625733847306,-0.2331431567766334,1.4071936415148125,0.9249707194042877,0.18433806620425153,-1.954322899629362,-0.6922636288411202,-0.5480223263456659,-0.7466159816479937,0.19082127186492498
0.21144208103522996,-1.6740748681552187,0.8045980620611511,0.016123706326332008,0.35764141350861095,0.7448263348685243,-0.7669697193401658,1.2589056893158195,-0.14179355708717323,1.5125472265669353
-0.8939324352811749,1.4382466069308903,-0.9039840243675579,2.5487812866055903,-0.9518337633840985,1.0565867204553927,-0.3623942236925023,0.7150223836665484,-0.04052506712566763,-1.0912303753627135
-2.7968301573124212,2.507583296192893,0.07302422561501296,-2.943530077933057,0.3026086064649067,0.6895866565298266,-0.7150807835139983,-0.7083545379036053,-0.019841847039983276,1.2025942307621749
0.09996011982302666,1.4632253043424857,1.1312191725302414,-0.22878477426350974,-1.5705237591931707,-0.22667083879635339,0.5264824003950203,0.0598934763794693,0.6344248316912947,0.8634199761497202
0.5308585534158851,-0.2753285540523256,0.5198834749920122,2.235484231528939,-1.4898795606710118,0.48728746689145996,1.8320032850557326,-1.1745899960844401,1.0011000918459154,1.134717244566627
-1.4768461549088636,0.7123617144181911,-0.2713159011611296,-0.060445796509853024,-0.3249547252196993,1.3126890914346314,-0.11212102039942726,-0.463313534650632,-0.44637551334220976,-0.34098995588908926
-1.0795355199305365,-0.4721340575694767,0.11766962470341936,0.40438141998251104,1.2040390578428064,0.24097889954175689,-0.4744697295968686,-1.0110399938149581,0.29448688080660185,-0.11737078075783812
-0.0843172440141746,0.26252951714809775,0.5193890812447299,0.26973522413647033,-0.17051810324470135,-0.801381804043432,-0.6127847688760355,0.8482598251254296,-0.4235862383967205,-1.3460427924374614
1.1595746815122325,-0.9423784922308193,,0.49116308520945146,0.003218375537777873,-2.4781378957115345,,,,-2.123993981995468
2.127244323002701,-1.3258515519343088,-1.0784194596445453,,0.45284145089231687,,-0.5694062421964425,,,-1.5658170096245527
1.2322999499784633,,,,2.391622746205688,,0.01609324132121902,,,0.8026377088302911
-2.947413065987675,-0.07278325582567634,-0.10299246866645724,-0.13921521348813812,-0.8769269485084461,0.9061228385462992,-0.5044448237719364,0.20027440007198594,-0.03716363971435488,0.5003642078537972
1.430960798903887,0.1951038552133674,,,,,,,,
-0.22196226411320275,-1.5259166990760864,-0.1846031886504178,0.001305867904248801,1.8084482003859388,1.3484520608444754,-1.0340745976463839,0.20176941933177958,0.219310314122081,-0.2304373527647899
-0.16668852488121655,-0.3539497432921963,1.8727084868833057,-0.41618425343394433,0.3409371435992682,-2.5290301337291674,0.8235683833998559,1.1842548072524361,-1.0520300291006222,-0.5118867500884194
0.4515035201263798,0.01946069441244697,0.46636959051922316,-0.2872410645747687,1.8632653870515217,-0.6697401321390095,2.6915747130482157,1.241923917349136,0.8321152873843225,-1.0404776343573001
0.9096823836949726,0.603938430680615,,,0.3576279264154971,,,,,-0.4552409430160591
-0.6470297880169557,0.5101692578797279,-1.719458199821009,-0.49767185185040463,-1.7227652206626862,-0.3128754752418948,0.7230490097575197,0.7408964952471109,-0.7275983327674701,0.5333219529159293
-0.18516342224493876,1.3610849730784083,-0.1299628614739487,-2.9730473622832214,0.8946810087109731,-0.4590991992390889,-0.2741999521494339,0.33592347224050134,-1.4247079130747367,0.07465357487864907
0.5344969948855168,0.36406418946306923,-0.598931251033421,0.9919319635212448,-0.9974959492459441,-0.625521632378334,-0.13600143552714444,0.2954683592718488,-0.32454331835599154,1.2285868990015936
0.29528621360115204,0.07565796369986828,0.2601361591231718,0.7329059309617004,0.24077489314101702,-1.8095168331490818,1.0895088640288708,0.11967520807609801,0.6848528072217465,-0.4059435260331593
-1.8267165460869084,-2.2789096198743364,-0.9443677893577699,0.5172942368575506,1.2978909549642772,0.3019712252759173,-1.0522274093741641,-0.7841241436436474,1.3607830986511766,-1.3107808705415498
2.1017728815143633,,2.1347220698698854,0.3807014874844444,,0.3563462661515362,0.9085849510519427,,,-0.2839364940306632
-0.7723077775323667,1.2408864786503602,-0.616429513729315,0.09564146659734256,0.9830405206078427,1.2798423103458394,0.20855928185472122,0.3842962366132518,-1.0169906275034755,1.023056646923904
1.263523242297267,,,-0.7006594668703151,,,,-0.20651797827686397,-0.9925633320235557,
-0.28604466875568385,-1.3094223213243914,-1.0350046884490358,-1.2924462636913838,-0.5245905503020182,0.4850993084323594,-0.71111805059888,0.9754415567366225,-0.11921447941736316,-0.2894049218413703
0.01676543029606905,1.395154931756322,-1.3713386919423076,1.6563669714191442,0.960160108924635,-0.02165649503739868,1.1830256847701135,-0.32247285207431253,0.2856783753269752,-0.5414145075417328
0.9664751638852932,,,,,-0.8211550417688822,0.7531382351203657,-0.9819850811261792,-2.150330825608929,
0.8346599760763175,-0.012216878977847257,-0.5349979717561932,0.055478323491008334,0.02239967301675527,0.6218985488643262,-1.611709924425648,-0.10235295683451828,0.12427727154152424,-1.3653701638542566
-1.3790824212346355,-0.3647084189823896,0.00852428327012511,0.012046025055529607,-0.5563484813432451,-0.597334592967124,-0.3951763214792695,0.2985217613487433,1.244621006793318,-2.22039688644412
0.6230021213018256,-0.11115166119347974,0.5257222810988356,1.1855433372609887,-0.7551260758165749,0.9443046778972468,-1.2540428643279284,0.12759923276725563,-0.2425167693359833,0.04627946800738833
-0.9890342848495,0.4368834560502014,1.5862872655147806,-0.9718568708163785,0.18964552166322302,0.8558731210790134,-0.2967407281654502,1.3603929215566573,-0.42968834141871515,-0.11629470319879494
-0.9931541964265714,0.126590357069789,0.0030229454989701434,0.6359012448448663,-0.6362060404222939,-0.6819956245505742,0.4624921178999815,1.3971904900745638,0.6290102476309841,1.8474122486111448
0.5553074712219529,0.5192928558543685,0.6792928806699192,1.4881707557791632,1.2375700661171865,-1.0848782331087696,0.8005818876100711,0.26535650579850817,-0.1940350158889276,-1.7729291554574207
-1.5401609102602785,-0.364467220113099,-1.4645915084347443,-0.3437568187539144,0.714341252761957,-0.5809563234561563,0.08346260275123667,-1.0699519582790673,0.29876728497083155,0.508135391469566
-1.422934257014142,-0.7518862965979884,-1.2671702674073555,0.5092147968178518,0.16400656054818072,-0.049711794235579934,-0.1282815381413193,0.32283543543259097,0.34285149201140547,-0.49557749381354266
-0.6355968038704153,-0.058995195036868626,-0.1897348979997314,2.0606822250493186,-0.3838946723710809,0.2896653121143788,0.46592648828314914,1.4005242906141917,-0.8111845917461348,1.339647829141671
-0.14739557432084088,2.5013452296464025,0.3626022192261495,-1.2289291293508675,-0.19715867264288506,1.3362693573282536,0.08154115441122696,-0.05962540759710453,0.7189971638676841,-0.3449976906675541
-0.21073317578293682,-0.9446745099315496,1.72882078096639,-1.2226112792475317,0.16946665976348838,0.47988454808193304,-0.01365111991846189,-1.2538627954898234,-0.9987640277111334,0.5225169183566184
-0.7798793085961542,-2.0720172224884648,0.3869783227890991,-0.8724953799557809,0.6312192735702514,-0.2016212982242847,-0.24981232851380344,0.05223818301707456,-1.1384933300603812,-0.8254530875976114
-0.2599240487546632,-1.14434292477057,0.713817659461643,-0.30737898048809026,-1.4494366016509068,-0.5590289787890287,0.10120256492190757,-0.4460904535118868,0.3998158863956893,0.5740363495126378
2.401700275953115,,,-0.36023248499867455,-0.2666412924479661,,,-0.5312521641983385,,
-0.5649655472520776,-0.31300581285639156,-1.186512736919757,0.9820257394008927,0.4722138628333851,-1.4488297727144503,0.025972939167428134,-1.565254879742549,1.3422557260266326,1.6141083731566273
-0.05573729388854536,-0.8526451673546678,-0.6642693275955764,-0.45374208227580487,-0.1068272359245996,1.3704696474063276,0.9556018103090642,0.9710045037340956,0.17057827067284828,-1.1536117239417165
-0.7700567096316285,0.06072126315243073,-1.2011000968440921,0.30398295055210667,0.8051235214103482,0.5453453919583249,0.5051894729183323,-1.8662826499564005,1.333355796671096,-1.5673853300320142
-0.15274921384582316,0.618543543786074,0.3585975259848231,-1.2778363270459614,-1.098325622903696,0.28707162240678163,0.5108450137694908,-1.1072038446128278,0.39259263896497654,-1.5152734796940641
0.62438925730379,-0.8838418217670303,0.0805134579182048,-0.08739769229550559,1.1606573279112682,0.2421300287003375,-0.5991018546405157,0.359592705544174,2.142413239220978,0.7401229212868351
-0.059167013733695435,-0.8336129713379762,-0.6164915006077158,0.6799929216352303,-0.8858025723216734,0.002688761079135327,1.4376189123394112,0.15039239302365434,-1.0791317912974314,2.17784785267261
1.7624482979459097,,1.275755411339087,,,,-1.3554150299549546,2.5919226108406765,-1.4065380666233038,
0.28587668517817105,0.5160055841895184,-0.08968426619184752,-0.07924984322810705,0.13841173339032659,0.479868481340785,-0.0018163614302302647,-0.06836114582489584,-1.3211099429393751,2.013682469697378
0.5356991493023663,0.20890676130415511,-0.6244672943396101,-1.0036141928498445,0.8599864480475362,-0.15986238508453757,0.6210645845728948,-1.35215013370115,1.5468548439766319,0.9013774354094372
-0.0810626927646424,0.46762541842290745,0.7410043595348156,-1.33698055041447,1.67782689138792,0.4832609980829666,-0.7041022875327038,-1.0965916566645615,0.9870977413840473,0.21115919722700519
0.4826009029320935,0.02666455455627987,-1.0027436891760515,0.5086177899281171,-0.19753513915045626,-0.02169112649313969,2.3770027057055767,0.8690691377647088,0.9267649097579255,2.720523127437558
0.38457387218011924,0.11970753644931316,-0.6792073493912418,-0.4525518582273461,-2.047103766548211,0.7904233388065749,-1.2669209973104003,0.9027359819557546,-0.04302601696057393,0.12805871476436573
-0.042367930144399005,1.3860744288829663,1.2094423599364288,-0.02889140565462234,-0.8990040764132963,0.9238891053320395,-0.9745749714152614,-1.5548612911181614,0.49834986848772744,1.2184899218032264
-0.40508516779387616,0.4045176882347607,-0.4156738117376999,0.721993348685818,1.0950296864122153,-0.2628652144820228,-1.027603157722529,-1.4570306026115392,0.9256884324602483,-1.1365664917078266
0.3720242412023667,0.777407068442516,-0.5013018785505434,-0.1662108501799558,0.9990434475067727,-0.8081937873347598,-0.9097116050340971,-0.23439122120907074,1.277912662076373,1.6107310946036024
-0.09878302044073389,-0.7121216280448002,1.0641146159195851,-1.6692955816604753,0.2476108541480902,-0.04391359283920513,1.2938278435243813,1.3950185396383763,-0.9425285579472741,0.16767803547497515
-0.5706043422415404,-0.2933273849067402,0.6173877745579746,-0.3348941220919324,0.19392545652802495,0.9572721652797633,1.5151617237959258,0.2886801448094544,0.11776540704013855,-1.1072901594818472
1.58579845411072,,0.1362251244866923,,,0.7717904898807331,,,,1.7542012192654037
1.0577232794825613,,-1.6673737284433254,0.0855622642969829,,,,,,
-0.8693837484552895,0.5700021512237344,-0.7433870190376026,-1.8355053521421103,1.8403719244278647,0.9270306621375525,1.8833877854171874,0.8740127530155358,0.6803649216924524,0.36953563342035745
-0.18602828156227816,0.5121065819050965,-0.5532324843741019,-1.0692291724792182,-0.3322258169210742,1.2914922913513938,-1.2324066869252508,-1.2165166508000995,0.5913091627128223,-0.4150787044366666
0.48549504515946496,0.9898574318794453,0.461532484257878,-0.6322455786784477,1.282933808528605,0.7421226826035108,0.02682785418957803,-0.021582813898431138,0.37399253947698935,-0.31198370025830435
-1.6312046947200598,0.7501577462616736,0.6907430198711753,-2.3010659656967247,0.5106761426572534,1.7564835388897118,-1.1276383531735399,-0.07329129089071088,-0.18198231413405871,1.6604119343708827
1.1209470441569618,,0.342118523358526,,,,0.5135073034876191,-0.6100545497192573,1.7632030849927454,-0.47266830028352164
-1.3890351291241942,-0.5249820389162893,0.6530200861861699,-0.7981741257542534,0.3021993888671026,0.5625504401416662,-1.208934042079654,-0.5637022175942242,0.3489708595380674,0.7024121600035143
-0.5387840197676386,0.1517723102480286,-0.2839362497457617,0.727850170800594,0.5194135791656076,-0.37348301519567256,0.47844385119615784,-0.41259837179269887,0.45736195435647853,0.47129454534458826
2.3710465285685087,,,-0.6472316003921244,,,0.6651006952212376,,,
-0.4933749859308093,-0.9168305104620249,-0.5568876009630063,-1.2951280591322758,1.3578583118756624,1.8371514863220448,-1.935862753499927,0.28926363785061077,0.2726919553560268,0.2088087895901322
-0.5927443212130082,1.0225139587556902,0.41047730157856044,1.0341217539638328,-0.737511979412805,-1.38318280465793,0.43490552958201956,-0.9629437258182533,1.054599605833873,-2.126621314376833
-0.46853989490219317,-0.6159218476530665,-0.3323766418321626,0.26109907196320514,0.3962357360013959,0.6397376023146959,0.7549863642896314,-0.17152560067176364,2.1087043617064585,1.3870903339569887
-0.3119882156613612,-0.13687369214197828,-0.33304779270025175,0.3632986138605778,-0.9719378301428497,-0.7895374609239515,-2.1673662454143763,-0.3986601287731764,1.0647591839740027,-0.15210102014946622
-0.09616194147966557,0.27815914385551105,-1.0022374327951271,0.025286212644237204,0.8903294954988252,0.30656316661198124,0.978164731261709,1.2641319062686585,0.6625897616378073,-0.7133670241800586
-0.34413536362025987,1.9314888529666354,0.3141685133284979,0.18095658977239737,-0.8599593403739552,-0.09146115561532206,0.7163735861527867,0.01484571049646707,-0.5193782348506476,-0.28738616294741903
1.1918253180160974,,,,-1.1830299592352236,,1.0680074772301238,-0.2609215412202451,,0.5452267185212277
0.8276728425567058,0.050936486557080954,0.8865855612174934,-1.4646816134206393,0.0331457201733783,0.7130148610775204,0.29629952624595357,1.0956236560040364,-0.15709882519614551,-0.547455273005058
-1.6390749991623594,-0.27296650037289805,0.5168749468199618,0.7610085137491102,-1.3991855816560208,1.1753251263266327,-0.9744208211297134,-0.1211481412946626,-0.5688163816575398,0.41724988383238715
0.09407471754184488,0.6779685553698392,1.8438046145243843,0.397852473006747,-0.5766796386342469,0.4610690275555554,1.9451392467373763,0.6563402638289583,0.9456936090599898,-1.593576449898219
0.38687859895737553,-0.2680177499256537,-0.6801248620724167,-0.0223173272589282,0.10863398129714882,-0.624391901991972,0.18846376020872843,-0.17348709779888655,0.702438874516117,0.22757484082057314
0.3759233588492973,0.9793879686866628,0.5549558598392129,-0.0060843926091290286,-2.0869249500164,0.5137279937950102,-0.9119233022570424,-0.08623782470029304,0.3710469852597794,1.3330290237912121
1.842322801450222,,,,,,-0.01660300193008339,,,
-0.6441599353622527,-0.21226024900341672,0.6939715057754653,-0.3264806735752573,0.0553168260245045,2.2461778302399584,-0.9563102826787476,-0.6529933973012879,0.6780888742909135,0.9880431911327604
0.41480087364599477,1.8089675687653344,0.31745593487198925,-1.9761036835098071,0.09699568744735897,-0.5709836240975095,1.3838117488556092,0.964624064215027,-1.5896907764606103,1.3503180635875418
0.9393677687987464,-0.32446212910082745,-0.07844189436572595,,,,,-0.08871303071203462,,
-0.7840392697119178,-0.8090300174142527,0.7119292673791109,-0.6357067255381511,-1.5245809383957594,0.12239869172149931,-0.5130814209685131,-1.1991081252397104,0.07174743306788707,0.7672767400869959
0.02015006419141846,-1.066240856065749,0.4818035624035518,1.0351563820764538,2.2130341632969217,1.4418440302656836,-1.0053583901986916,0.858082738094596,0.2565239206575975,-1.1520991608692803
0.28379521182197043,1.9186766979070913,1.1958642107191713,-1.0134498062366384,0.01371721688493822,0.49167443030684665,-1.7299036016391465,-1.695437763689586,0.15462784410866132,0.1676750499340186
-1.8388189334627523,0.387973525707626,1.086962703498417,-0.21830166885451202,0.05981178619117832,0.5714117166842468,0.4390292762940552,-1.6686225021652166,-0.9051211921136186,-0.3958534361886095
-0.8608270507861857,1.466968497977134,0.6344759382673829,-1.1097254057965993,-0.21433575779450478,1.1303921370503283,-0.6462393913883483,0.8515838543442575,1.383179690560655,1.2161409646465664
0.18040414458382917,1.2510249973152894,-0.5222380165853108,2.485881337946096,0.24084954143453882,1.1467941621098956,-0.362008859015114,0.4994145332514918,0.5434634806613748,-0.9288336742650174
-0.9584433699117578,-0.20450255642254214,1.105332543845991,-1.8314276438450185,-0.362849219692696,1.309872622866183,-1.2321293934376853,1.2539006632557497,-1.1277929765676722,-0.9165416140844007
-0.14722177787598442,1.873459068380936,-0.6400071964123158,-1.7329627883622294,-1.4019360474791251,0.9319481902725107,-1.3547402850922816,1.1879645754811665,0.0697908211006055,-0.03227122661494361
0.2973042459594577,-0.8009203358967713,0.13787192149519203,-1.1930729967370544,1.3488909296540648,-1.0272952299106697,0.43888063492369617,-1.034750302260612,-0.533204586491409,-0.3738320341598101
2.98134798092135,,-0.8215297970402053,,,-0.162785921455058,,,,
-0.20334216924170692,0.20390263525616925,-0.7253068304262513,0.400006736731085,0.6154284151887665,0.54284805083654,-0.15108327733834576,1.0909113006525608,-0.2576174385184792,-0.3488207877772787
1.441539007100459,,-1.7029689207854803,-0.8678163162380933,,1.2835910144651879,,,,
-0.8499381408195584,1.9513551686356334,-0.15028887801898694,-1.3319880261917116,2.4576686688304603,0.3936700938523471,0.7988304506042805,1.6815602208407232,0.6144625824544411,0.9748893570444555
0.05432507232805491,0.7337322874352226,-0.03415781455662669,-0.020210085841063947,0.11971675653394662,-0.3968151460461825,0.5043778353359186,0.5018451752151066,0.81891659989459,0.6396065150354724
2.000043051616026,1.0526297396365671,,,1.4126981141600155,-0.9499731890155309,,-0.7746394337498207,0.9002753932377743,
-0.05093239991444067,-1.3029128736478253,0.9075000949206515,-1.2883581851056725,-1.4427702328617196,1.159703018406576,1.789605595793079,-0.6672457662309931,1.0031092236552357,0.7965263533976784
-0.09151869511147871,1.3358168816042244,-0.16362218027656392,0.5175341453190251,-1.253769883342659,-1.2110296301510723,1.1690449647887804,0.5512052115734114,-0.1424568759379192,1.907845200964475
1.8973156718320725,,,,-0.8325818299957671,,-0.936297166577534,-1.1962259244266051,,
-2.2987631167790927,-0.3202406587511074,0.6943969732642945,-0.7220956872040591,-1.0848285129994713,-0.06784695755870311,-0.8286055284755504,0.18565792299237055,-1.0328298655117703,-0.10449392618302449
-0.34642072183995976,-0.011521615511595919,1.6351515940171852,0.19981087491715996,0.5044441222590262,-0.624793083848648,0.2232564188933462,-0.2748034402079335,0.029656040708357017,0.6489455708655443
-0.5002338402469328,-0.3980454360083922,-0.48641466928188215,-0.5057196434069802,0.17323523057361473,-0.3639819253226229,1.4979563635785744,2.6791627111941665,-0.5679422851873126,0.29400285820469413
1.0380075760552372,-0.26574906202397836,,1.738173311464758,,0.31869045297305787,,,-0.047935035960596346,
-0.4933317444243156,1.204823205338514,0.6820856548099489,-0.1866666193776735,1.7665631944954459,-0.15722128639081176,0.9875179607311578,0.22003904728673457,1.9329530374227504,0.7530454870613272
0.04615948121306179,-0.1788014787668398,-0.01537250106218009,-0.7253972711423414,-1.3667031375386163,0.3087353901091784,-0.5335185133643757,-0.5361752176453872,-0.0888402365473537,0.0522234383972682
0.007376011584905752,1.7382953518084499,0.6623794679114026,2.107815578330291,-0.43899036986451573,0.7837206431282451,-0.3834125406298555,-0.5611318579248913,2.1455426264063693,-0.7681482693953166
-2.2317340032225883,-0.7079493091648544,-2.008323661747371,-0.9513245010718352,-0.8586658208500203,0.03528176485155034,-2.049596627280386,1.1959522260811317,-1.875769263407916,-0.12775082265388157
-0.3241548109876465,0.8253503599012926,0.3515432749007078,1.186872921260762,-0.36145329197802606,-0.4647467296680671,0.41279098505318185,1.0292018795278053,0.8250690960820548,0.3218142134675939
0.23266250226779953,-0.036289123800469836,0.40993016448193703,2.034934444479208,-0.2425733815568787,-0.3644901614154208,-0.44105586595317514,0.38937275812241423,-2.1217452690969525,-0.1350617031343363
0.8806468512499764,,,,,,,-0.2510032514224835,,0.10338320580064071
-0.294576022281766,1.1660715328312998,-1.0913314471765445,-0.20749938217683683,0.21725848727518682,0.3411344435019647,0.1468052585780042,-2.41127342335812,0.08329207800806461,-0.15075437287525592
0.8641097529128563,0.7229703085694034,0.2408445109933149,,,,,2.1454182876260046,,-1.1854431080932275
-0.010838006888295178,-0.3738098621259841,-2.4653413094680965,-0.6523808099913859,0.3435851538047734,-0.05802774575535064,-0.7764614116942247,0.04232551955607256,0.12307247924313738,0.7150743838613415
-0.6415006455285935,0.8738567905164566,-1.0906429742593446,-0.5033769191996772,1.6989932016007108,-1.0238777675971844,-0.6587673126308056,-1.2531110605943185,-0.8272663833119065,0.1383631580287693
0.7065422928429496,-0.01863813351867247,-0.324689849220666,-1.2427738861199726,-0.7271304551819447,-1.5460357987209514,0.7365596248845392,0.8060731986472122,-0.04044759933154657,0.4414509838846031
0.876232573347229,0.10120888768253983,,-1.0237926962416986,,,,,,0.5617743804950526
1.7502944726179714,-0.040571213384718426,,,,,,-1.826265391894275,,
-1.3008386660580131,-0.27236634322642334,-0.3484495522319408,1.92053206722485,2.2586957530874114,0.4244526882825988,0.8980003669214832,0.8701989943165301,-1.2803215696356756,0.6985230154358657
-1.0196064713000912,-0.17153582897661646,1.1397370450831312,0.08093332580685558,1.1024964410603724,1.2992634419885658,-1.7569336953291947,-2.177697562880629,1.1620924548311167,1.202407369966201
0.2565946163030602,0.39221601693713115,0.8930476980827567,0.874408911351857,-0.30418398259205837,0.955850235339543,-0.3464731480872207,0.24355110083159448,0.20002245551464987,-0.8594390986237331
-0.7429872862089923,2.234108876781497,-0.8918857527742468,0.36995926665553713,0.5797991764666073,-0.0542162912818996,0.6714899353631555,0.32898326607268236,-0.870251548117375,0.5368172941385827
-0.5447064227443507,1.7406691833348253,0.42912527721708443,-0.700153526085253,0.3422895539486438,-0.9248544389096204,0.2577790799935921,-0.22569778966651047,-0.8268711683934579,-0.839441394536978
2.4349342581630844,,-0.4317391646291971,,0.4711661029025844,-0.63849603455326,,-0.0324143969042345,,
-0.8912922794396566,-0.3909716008034942,-0.4696373643153294,-0.6083641757329005,0.27650006823869727,2.2262279829742355,1.3317651703373652,1.9419194692885138,-0.5676913090340407,1.6746882374711909
0.22727581636916705,0.9863634917197626,0.4577039580481548,-0.3432672162101475,0.7194976186060447,0.4849305536184757,-1.7681864994128955,-0.12412423111312818,0.8724041865782796,0.27742161319388803
0.4694709709977961,-0.7514238271449489,0.2562106064046811,-0.0963426111909388,-0.2034532346031078,-0.6792564280333756,0.9148623546631615,0.3454685828456818,0.24454777493934451,2.0507846624915773
0.473799169517463,1.2004966876433938,0.27293282756109766,-0.35316368801169146,-1.059137321644359,0.24139012799778153,-2.663489537956507,0.2724670758911905,0.31539839299486344,-0.21756757984707753
-0.0923663609253804,-1.2511695180590927,1.3856036200707256,-0.33725095610952555,-0.9720927464033672,0.5446610652334899,0.11075610779033367,-0.35833478452759104,-0.46403336552744057,-0.005638692741311581
1.3458159705353656,0.4695464104865435,,0.8524338757212402,0.02753189112824187,,,0.5897804180138457,-0.44414417420693725,
0.9068481504147976,,-1.091881083759697,0.1792916741465694,,,,3.3274722864299457,,
1.6346306453511346,0.5335974590500636,,0.0948376974900287,,,,-0.16098397307789564,-0.28218595772350924,
0.8589149097624112,1.06291938139334,,,,,,0.08774870839959223,,
-0.38777291541602826,-0.10870596845776459,1.363221239101415,-0.5787189499089014,2.255340013186467,-0.6351644527132432,0.2400592169169135,0.5712065031698962,-0.29175590535344303,1.382363212451036
0.5452117833780047,-0.2049023590839432,1.3712647730448146,-1.015491780518226,-0.5654835195351547,0.5625704319277421,0.8014664254145345,0.32262188515545115,-0.12719232215678342,-0.25144406794287916
1.131400925975388,,,,,,0.2727310670848132,,,
-1.0156940951837152,1.8698884728463603,-1.0411645919359875,-0.5532692339012398,0.37250363861786434,-0.2188784490764859,0.5738052048956209,-1.4677721254245275,-0.2103993839063989,0.6776887473425518
0.6810730770173063,-0.5724532763040266,-1.0217100445978335,0.21371310741887384,-1.3124626456240454,1.2842705959639074,0.15740876424096178,-0.6968115762219673,-1.0545014073860934,-0.633056665792373
-1.561931067677742,0.4947790702049813,-0.8028465909539433,0.39967176175606267,0.537545717462374,0.965997231882817,0.2518475969948884,1.1252343711635084,1.386110434739763,0.25821517048998655
0.31852657489195974,-0.5574737989485313,-0.9876247005590106,1.2820745093111063,0.6057437124396905,0.6868290562490282,-0.5907096067654906,1.623921503612242,-0.2286139245046973,-0.8018407128186725
-0.5736741251965076,1.5711916167192397,-1.1110476260097948,-0.7511225100561613,2.8985093185978723,0.9410377363248739,-0.7330558454252128,-1.0814473586787927,-1.6726971933480528,0.0971141462215439
0.7280203544554797,1.518798209900966,-1.8939835811634371,-1.3253815025727678,-0.11955057756687384,2.7876700558590697,0.8859025023975043,0.37279977375507595,-1.224923590526553,-2.1199852990987345
0.03884968559051807,-0.09936948915525076,-0.2678075205512705,-0.3804336676494567,-0.7483540204397984,-0.9776421270354221,1.3895077982281645,-0.8865282965153725,-0.2761480587683602,-0.03907810571616679
0.7062803350312943,-0.8518303411963781,0.9780680215002732,-0.5796663615532783,-0.1618971692564155,1.64309858565982,-0.9692277130986685,0.7209047124406752,1.0046108680595498,0.30989780224032437
-0.11753082218517352,2.125704035082167,-0.01384539441935645,0.2040775000328025,-0.33652677387752844,0.15108185737972077,0.9641179787064542,-0.2753053409111772,-2.1085304612637246,0.5135701828168205
-1.0783344411088136,0.7418764419591726,-0.0013247317267035285,0.9431091033115159,-0.9483437679172113,-0.5352212038343268,-0.34003602599335087,-1.4822822026170952,1.1114202087153782,-1.6254229161113314
1.0973136179781766,,-0.1988673323428531,0.34511614863477913,0.31773328833032305,,0.29814981435980276,0.7311833285170073,-0.9446826998210169,0.34619495233957576
-2.6263250962472626,-1.9295998999000614,0.5645266515564303,-0.4178292318442006,-0.8534381724935188,-0.05302547355694728,-0.3959516548742255,-0.9886077978129807,-1.6390490119333025,-1.9681574707335656
0.7387923852598552,-0.42249955247731835,0.9695493139349181,-0.4326501646030613,0.35496995250337543,-0.12540444123452998,0.044446728859096486,0.09303681061097219,-0.4457067568314786,-1.2296215128794679
0.7661317455737034,1.5935467921920556,1.6592154099740235,-0.5532699110679784,-0.7331707579706717,-0.5542824478353274,-0.1758374021437915,-0.05246096412630516,-0.9979284582573041,-1.4797358465454047
0.04994230650739764,-3.5304091008965424,-0.10065681931580951,-0.9447476084110652,0.7801545266128417,1.047634877105146,1.071245760247934,-0.3464468812906376,-1.135144011963411,-0.8145923168666186
0.28761068318139993,-1.6458644750411904,1.3935494894640366,-0.33063003179733347,0.5001736724429345,-1.7814261137368408,-0.9259820257583495,-1.9056791456563793,1.021189493801152,-0.16020473987501962
0.571304953436236,0.06341368233007569,0.4684750539123603,-0.33744186040852664,-0.2035455894739064,-0.09173241880924222,0.40563165492722825,0.4321184212180277,2.811436884007344,1.6816021273796067
-1.778758785889637,-0.14310547792725536,-0.4058958402654971,1.2801304808099998,-0.3157479626012159,0.4642888774466655,-2.3370616302801195,-1.5136008113932788,2.0922931791024606,0.05024439820824699
-0.9984600234690187,0.24287087122253856,-1.053058953452515,-0.2833735418956831,-1.4526179392440148,-0.7887212177934305,-0.41633668945862706,1.1206993143367117,0.46404600768315973,0.6385240359420935
-0.025774651363980147,0.8228490983695855,-0.8735192693432408,-0.7327059449816715,0.4075910714568796,-0.2791473900271765,-0.013845848362830536,-0.16413527791459528,1.2534504145614775,1.3055529326788726
-0.6261657605637475,-1.7598693468907316,-0.7114969008876407,-0.896960146567958,0.8317483407990738,0.9204974767744583,-1.0310741830379782,-0.754504758554849,-1.479011087255105,0.13437852352275984
-0.044916427417409525,0.7891218174389276,0.49713129455943234,0.6102029710561815,-1.542002039785738,-0.6263260365922575,0.9488973047432036,-0.5385761184626445,-1.6275658744690422,0.8079895798716566
-0.5772649950144069,1.0626369936268782,-0.01841472084031138,-0.2772194429010776,1.3631908911233672,-1.3026556191371705,1.4342211796310893,-0.6393559955459227,0.16236986031600997,0.17182019542558055
-0.42711982356249556,-0.7621126900769404,-0.3698221889651394,-1.0145626837927992,1.96196064294803,-0.48113097068722116,1.1589472544299428,1.027172958576314,0.3629297389568627,-0.13567903406628096
0.19378184708038068,0.572169767254166,0.10046846059654882,-1.5667489906436347,-1.8183113162501066,1.5089882238117724,-2.63471390321547,0.19568515362685168,-0.23497801449341696,0.1608011458540994
-1.1399667412340375,0.35067748793412307,0.20601643417507304,2.761011747279755,0.12998004651734632,1.3482351068281389,-1.4986856754480429,1.0200953180453802,0.2262733029568457,0.269738684028085
0.2835685434603794,1.7063381713096388,0.25510446572257234,-0.7841220491857707,-0.6159380392714457,0.8171274938647061,0.44745545822012905,-1.5304736620270185,0.5146418238593052,-1.0823423568066892
0.438258019764092,-0.8055540385185906,-0.2814817346743938,-0.5448084577894607,1.5189129832353838,0.4018477503100204,1.2611130023073303,2.895212563462882,0.046805341929940215,1.5019901863012233
-0.6994556655927968,1.2548781099293775,-0.8075088474292291,-0.018415131539620374,0.5368776568350904,0.6942312300572769,-1.2725516421260878,-0.8670219238577941,0.6114500787708956,-0.36771656321310003
-1.3973485088613788,-0.07097673450738928,-0.11897150612377119,0.17691498130890296,0.5292413209472995,0.46565135908335403,-0.7681730945085932,-0.4108284687128243,0.927788693287827,-0.5431848670430475
-0.3950920586590615,-1.504269080256179,-0.028680470101235818,0.34527046476055406,-1.9754932184469425,-1.0702503815931115,-1.4217277354933775,0.7883522370337428,-1.9123512734467163,-0.07868459711268497
0.7178621549455493,0.18782164911935137,-0.4399586634389518,0.3464683867756703,1.0369733004978061,-0.10761161055418907,-2.2389372329339685,1.1477327921456575,0.4002646550603094,-0.03307636500909545
-1.980371848235987,-0.29830860316704866,-0.875477230056716,-1.216279262964473,-0.13644943070021817,-0.5359668854976357,-0.4700988026449659,0.7396263665961038,0.2555721401193487,-0.4955148231164466
-0.6223812208497901,-0.4548585704596525,-0.24744423010100727,0.5840501843758454,-1.0425601296264988,1.4584392175056002,0.5847719911276382,-2.7379279908739647,0.08534923442854314,1.0407366433757963
0.3887059081608008,-0.4123409597181621,-0.06109177964495029,0.1783199481710177,0.7695882546233157,-1.4150948481237002,-0.6050183532365482,1.6385781280674787,0.0329472232809357,1.5279021368780794
2.98559303778425,,,-0.26553071077993395,1.0989927176487315,,2.2719774851568464,,,
-2.506984949377617,-0.03965269764842436,-1.1537542537397085,0.6433572032596702,-1.881393320539162,-0.7393328907175372,0.26767920364045866,0.37236216741312317,-0.047439247476067675,1.867345167931109
1.569463635809116,,1.609409667786361,1.762201448790181,,0.045403122852158084,,,,
0.43737614315034784,-0.5541895470618681,-0.9259960723554513,-0.7581103986134754,-0.16385522203491606,0.9131698873072588,-0.8600811694237297,0.9017025681365862,0.196956748321297,0.14284194253197507
1.0257961481459206,,-1.4045178925715587,-1.0840136458084366,,0.355972823031185,,,,-0.7066755138859157
-0.5375786542794382,-0.30568250452696094,-0.8172275256330216,1.159404481948041,-2.769830911675961,-0.5035689313836249,1.1482072801984968,-0.31231848106919646,1.0728864703125014,2.1976841449961455
0.08038464703575723,1.1689342689947424,2.4191375236912687,0.4020907072104692,-0.04806318738830325,0.9024653174250619,1.184216753372284,-0.03881529387363945,-0.48384365856075945,1.7173953182963313
-0.27061445772212034,1.193728770482258,0.2628672732028384,1.8269651576585,-0.8490459226554354,-0.8509804020326048,0.8544864018300032,-1.1303393065773035,0.11662846248958911,1.548409232959876
-1.7848321389336013,0.4021392786085712,1.211745389324271,-0.025907665053483124,-0.9270928303658144,-0.26260800809400964,-0.8385197864740572,0.06915822501644173,-0.2767055603522557,-0.5132605224634809
0.46614739496169083,1.5791156221213862,0.3278208788445032,1.3436655704437623,1.5788248977804529,-0.5866403023181874,0.2748585039911937,-0.4249476441486228,-1.482163841176097,0.35576086871885465
-1.0521496180484642,0.48430327559887737,-1.5558780831412198,0.17099299947760474,-1.5707330042729293,0.6738647663719264,-0.39338007358947663,-0.489793107535516,1.1265048512429316,-0.3215701682136016
0.11085260207313039,-0.19861620696891993,0.5073924193431429,1.042944922262596,0.8356354568912998,-0.46666856955709607,1.209046968605822,-0.9163513631202167,-0.7424819133780062,-0.1278007358120988
1.0468004522087897,,0.8914841441386541,-0.0547470948179774,,,-0.802670828687946,,,0.14984170423104157
1.5429050160785907,0.17592967858031358,1.1888688784173769,-1.9531584674689764,,0.3967337784225923,,,0.676032107932891,
0.47501965340792485,-2.1431840267898767,1.4422032525136863,-0.8376649990436005,0.31362500736416515,0.18100476116719894,0.047327619069849884,-1.1060406843850372,-1.9386932638347938,-1.0023789065963726
0.8262384372443394,-1.4466218625641745,-0.8802809700080043,0.41804665379956696,-1.0274246748676983,-0.5430481897475731,0.08182151607009264,0.28264273913015814,-1.047225948178474,0.14094291658117725
0.3988547528637023,-1.273200524032053,0.2148429760558284,-0.7165832297446689,0.12391518068607582,0.7230790030071444,-0.1762590206173354,0.9134154159790558,0.7908139842403512,0.9078300952594937
0.40310993985133214,1.100766890439406,0.38509530353024485,-1.6672603663432926,-0.7920706567597425,-0.21125706660095486,-0.08722304938288808,0.35773875924586496,-0.8069518751600276,2.00870870454942
-0.10245830947831495,-0.007687796057837668,-0.6707491071343745,-1.0033767601799353,-0.12630317056882756,0.027550724189488122,-0.08690409649534755,1.6551559430374538,-0.1263093513778315,-0.08592927443770275
0.8152954784775385,-0.17106582892920097,0.5393390687308673,-1.2790447383433616,-1.2711445210993213,0.12205856445558637,-0.23161758557185033,-0.8090247815630525,0.12185173402498248,0.20910009417497852
-0.709896877171516,-0.5187958244042619,0.2166165494428912,-1.0210784513196292,-0.6040328674416809,0.5339351405586664,-0.023836029992347244,-0.4772028439558794,-0.9030693189820551,-1.0132113517723982
-0.13175548147046773,2.0258125232364974,0.565786642407897,-1.3328642428947526,0.7072161673989564,-0.7588866078976103,-0.00485737660663185,-0.5888606044837659,2.0227548128740014,-1.134107911714913
0.3136122561354609,-0.6853238042512505,0.7388280793765873,0.29345382006287296,1.2545526461520247,0.7181177946558434,-0.6935338688735108,2.916202577533427,0.5554261336510725,-0.5506619488285118
0.20554039284621972,0.6308336267692929,0.5927944789352382,0.4960280976167785,0.9664821539213713,0.8681710096026315,-0.8475661662360984,2.108054104007238,1.9688878175502142,0.8009648952398705
0.03869671755062007,0.05588588271138951,-0.32376439479464314,-0.19438422496149219,-2.1867844148980407,1.5302634529129135,1.1774536416288233,-1.6766867924324076,0.8899879148694443,-0.007714607881930434
-0.1990461393156687,0.49284150856407644,-1.7427871893371167,-0.01124918218779526,0.07948117679836683,0.08044896456618413,-1.367489398372277,0.44691596437567,1.0598149960620862,0.40733146408660365
-0.2291879111782746,2.6890406029193503,-0.9245747855919358,0.7734513004707533,0.24327370568069057,2.012312949673439,0.38674981591470886,0.601155244995063,0.5057169815642586,-1.0583225288577367
-0.8688804533738702,-0.27566787663067993,0.9573828174792031,0.23309673869128375,-0.20673488668989076,1.372199801115334,-1.982429760812106,-1.2958201301610395,-2.4965997950630507,1.208310504910064
-0.09672614457304615,0.9662917786927923,-0.1092583330323754,1.0231836685269604,-0.12675231617406715,0.40991142509788614,0.2635134908112687,0.33770728988796683,1.6847372202078401,-1.6244245132406705
-0.06838335587272262,0.1979872141780293,0.04828701403031597,-0.3978852205533892,-0.5347162844102102,1.5300146554109126,-0.07072108855096625,2.437946533897374,0.5282749863748487,-0.28965556577568513
0.5526788404646344,0.10893287043771317,1.3419992669393899,-1.1677223193904813,-1.8011859834145791,0.36098101048333125,0.83569589806094,0.2859054496179301,0.6724751789690911,0.5254368627202523
-1.4804001953296708,0.28123970380651714,1.3167806635714312,0.1717669548113143,-1.309958194954815,-0.3338571180948485,0.5567567297132284,1.7956302827980526,-1.9563460811772742,0.36123211910214503
-0.9322075566301186,0.5077270963387507,0.5878312589785422,-0.23314721662939625,0.6315992022913007,1.139895716484215,-0.1645717054235552,-1.3371602671649832,1.4255728210777394,0.8286948590409773
0.563756431645642,-0.6909666491187524,0.9854358742941127,2.0424256432884373,-0.12131033024875619,0.0944926997905119,-1.0651906536963711,-0.7195420015508934,-1.0745693863829666,0.13082252989655052
-0.340778952724859,0.3728002566626673,-0.8919008374075167,-0.1675565497658116,-0.953536225042117,0.18757157769779925,-1.6323242999465004,0.15157830765478958,-0.2787302787865048,0.18096408892248975
-1.6522666732579177,0.6547156739355009,-0.2987428925935739,0.21711271536185886,-1.8700742610772119,-1.2427332762339351,-0.39015416111174067,1.3755001385101429,0.5272713484300947,0.12987504139043662
-0.9243081659486009,-1.1062649495987384,0.27665519096546437,0.7006892981874261,0.2089741014670074,1.7095572080877297,-0.6824617232361911,0.17936994077494722,-1.693174724102902,0.211045520667232
1.4693732133552966,,,,-0.6897127748314813,0.4669396940780137,,0.23047516227954284,,-1.7739493594180071
0.5971365267723902,0.5172377405196646,-1.326212065960792,-0.9643286539702169,0.6040018021981676,-0.3027119043169736,1.1119383889693057,0.31072693050544836,0.05645556654227363,-0.17044903322301097
0.29268213193451403,0.8029323725161529,0.5338506930209715,-0.42300866040898233,1.239437052540271,0.6576942394618999,0.3852338916401919,0.09169717741232955,0.5000495643384668,-1.8316789397250854
0.2413092743812357,1.6401829295660564,0.2199866867044663,0.08347731870697218,-0.5958843054724052,0.49272728021696205,-0.1950744073381489,1.3092997823905892,-0.8636196913474898,-0.4523049342670339
-0.600878056905611,1.8345790887114215,-0.18976566161240316,-0.5480774628714136,-2.090594545454645,-0.9113719855360253,0.5278849433926043,0.5238757415913377,-0.6512032324535616,-0.5956558996330859
1.859871068064664,2.6963797625551447,1.1497725901185043,,1.771425263118786,2.2145715499047167,-0.30192786040735226,-0.8782679627400033,1.8334897831382375,
-1.0285960942212329,-1.005634684261482,-0.13139633776526344,-1.9843758714514073,-1.4331094235599389,-0.6223387938333408,-1.1959253138250674,1.062411814024592,0.006648201517649987,0.5770219209361136
0.46753017929393614,-0.20677308976638484,0.9881315252266694,0.4521478851829387,-0.31840027312214836,-1.683909861113983,0.5206583924017935,-1.2613033780259002,0.38028312559085314,0.07888855867289704
-1.3603691840398002,0.25839704103481737,0.1913194369304747,0.1949475013950915,0.14699691728869863,-0.6523881861231408,0.5916091341003569,-0.6876557942866617,-1.0745909140082592,0.6746337043314335
0.9364306008908072,,-0.20719486146244043,-1.9394657039169663,1.4816901708869763,,,2.1102368511391236,,0.29123304459846505
0.37932094961350066,0.1981673396599849,2.35061348394051,-0.843164852728583,-0.9687266466130996,-0.3275010668261888,1.7408315925815088,-0.576876608978567,0.43029825179079645,1.0710085412486485
0.7789836199251122,1.018073841563032,1.4179863692441252,0.3082317096919268,-0.4570488983217358,0.14721889056049428,-0.33905346112943335,2.5215519817090657,-0.5326566529512831,0.48314100447964037
-1.5008655991366413,0.13281839312141236,-0.28710385543127714,0.6756853858444289,0.7017530353646626,1.4169984722933255,1.3375693341483217,-0.06630492879003086,-0.9443861425023862,-0.8271063496226796
0.3027379760219803,0.1577861133870961,0.2579265907812854,-0.5351103063364816,1.4372374313120264,-1.472683822319886,-0.5904651816510577,-1.0771071086308668,-0.20897318967664966,1.2465664093979574
-0.28775390314921784,0.10147733577392529,0.6642428564252366,-0.335316358031428,0.38262766426124417,0.25075575183203874,-1.1308093139660624,-0.464315394551542,0.3545856130767431,1.2821920256572852
1.2812602922581782,2.0954870304333277,,,,-0.11376481829694274,,,,
1.0881700477746266,-1.836803605074439,,,,,,,,
-1.7785135554433957,-0.8314485284414707,0.6227502650625915,-0.46085766589845123,0.5806095077529472,-1.1580993319396735,0.8584800242620702,-1.690946491261784,1.3186316079585185,-0.4753562369802145
1.5311585220681867,-0.8405122889667441,,-0.957661114027176,,0.04310327611924365,,,,
-0.8202678889556686,0.7664168950852729,0.09283395235246969,-0.7097313202063501,0.179354087439254,-0.05632580311555679,1.4159925153188726,-0.5148773927524785,-0.5616176254009604,-0.6986386403809086
1.8968484696425045,,,,,,,1.088378824590465,,
1.6249616391019226,-0.6369474516701604,,,,,2.214467601644522,-2.0399606717519947,,
1.5455069656705527,-0.7879375191522701,,-0.2500892484133701,,0.1445402876332783,,0.08425695926466475,,
-1.1590275532607888,-2.0019624004109335,-0.15019462452352697,0.8155637206624808,-0.5807768951997203,0.18649054432316478,-1.2206963213967281,1.0626633102941556,0.6519096326043807,0.019728319118210456
0.1687297878915687,-1.3935752632950515,-1.3488933237786027,-0.12199142377333605,0.5137348107254257,0.5643786709412704,-0.3629328741139831,0.7453783562914271,1.420791527413573,-0.08866741666423159
0.3096639066117773,-0.20785413033412606,-0.12630630896851133,0.16956432295832757,1.7032642890538652,0.91527637724555,0.8251844337621803,-0.45374286625106963,-0.8981751487917088,0.38953544095604276
1.243745313974767,,,2.446388292593417,,,-1.739944109395562,,0.8228479168972085,-1.1747477587184636
-2.8883113699675436,0.335505352303248,-0.04978266316281681,1.441337087876839,-0.15991847588461555,-0.08671879308249515,0.6976775056368316,1.0335204355964815,-0.708748432659443,0.9444987595770209
-0.5217338269296156,0.01652160372657919,0.6707697428073575,0.8451363438779997,0.31831490640472443,-1.0805553270331993,-1.8702547092352513,-0.18795598822445234,0.9712848587097637,0.4496974413977428
0.24203300738003705,-0.007026556466483158,0.30910184347168634,-0.9940911769539187,0.7802018191652814,0.846306458422149,-0.3552655083432789,0.4370076306516379,-1.7165494643700052,0.18004791597133304
-0.13312526094166677,1.259232906870481,-0.1986427571850607,0.8686645133809461,-0.3911725111825011,-2.286100714575102,-0.22553632081023298,0.196757255113438,0.15083750368850762,0.16595050527347807
-0.506454202365567,-0.32372757574502425,-1.126343844580533,-1.996605665509153,-0.1064590033798917,-0.7452030824981152,1.0798355789996796,-2.18198368634686,0.2910187991442926,2.1214872648739473
-0.18284643151750574,-0.002748090682042315,0.4263467699714907,0.5045194572057273,-0.4085073365606463,-1.0082962100481587,0.6527207975505291,-1.9080613874169783,0.8322283200504094,-0.3917985240681871
0.003085154087149521,-0.5256078712483713,1.4308826235216237,0.2490107074245947,-0.3217379866121474,-0.3499028956417454,-0.1481571346678707,2.396940176533779,-1.3170883569796352,1.0828821809657418
0.5681052870899564,1.5398117524120762,0.6290667951915221,0.0033630003668177356,1.02002762862038,0.22976882434929377,0.754956030606311,1.4282194638192287,0.09251997382248289,-0.4243849816516148
-0.6438118642490992,0.45054040759676534,-0.8781684089460169,-0.3498049642806596,-0.9675687617023202,0.5083391184188641,-0.7521557705789111,-1.2867329123808553,-1.110775422918861,-0.571088360924298
-0.4803008188967742,0.2514526455534996,-0.16162328869313858,0.37031079375770487,0.45061252454172385,0.7404995114285353,-1.9078245768066273,-1.127223371349994,0.5548867229543852,0.21141234196322875
0.9769329535545207,,,,0.1665637879886019,,0.46907778201728206,,,1.6912092781721646
-1.1178967533993476,0.04511121026353519,0.7979942753071045,0.5853279817092991,-0.407843624335685,0.25486488524678635,-1.583458314611133,-0.0191418784480852,-1.4603037045020144,0.5079789640323182
-1.1159579480990816,0.16303317476800286,0.3191955904215626,0.07586388909341678,-0.6319528629317696,-0.2103682502236217,1.181071668209721,-0.4246083998615804,0.02143010694561321,-0.5567888044588363
1.0204270995380669,,,0.007125258531753792,-0.24103188148148189,1.3925821108965455,,-1.382748888380824,,
1.196930889546251,-1.1029336587852534,-0.2687281443251039,,,,-0.3441010076529328,,,
-0.8021165410409284,-1.1297810190811273,0.6122124354521776,0.10647130941483159,0.8835036197046491,-0.785193416256105,-1.2530131170349816,-0.4439009554702268,-0.18249728676057775,0.20909630777006488
-1.6823916332877236,0.47873086328367487,-0.8942387382895159,-0.6474156501174982,1.1737095311414185,-2.1831968454531987,0.3225020271669523,0.31872863006748414,-0.8187849768507568,-0.4470043209160218
1.2210468021512841,,,,-0.6913319246675488,,,,-1.8547501061169125,
-0.8153950930128742,0.35656356238702136,0.2276195637495864,-0.775160773504345,0.1798111976907926,-1.1448051847633351,-0.4264248126156457,-1.2647892526907165,-0.15023782779481346,-0.8004892588573568
0.6903750200685745,-0.026187070724264534,-0.22674275178249276,1.7681243689946053,0.38328817701863704,-0.36815408363192886,-0.5837353470860831,-1.18117260593125,-0.06588388545478925,0.30761354237663563
-1.9143759925009314,-1.363983526978429,-0.5161027892668636,-1.098180715893553,0.04325748602593875,0.18215204290688525,-0.12230736793299765,0.5501743213841611,-0.5849122775679194,-0.045904860460539515
-1.003313584835347,0.2846197072925162,0.07590815548632852,-1.1985349884451837,-0.15505937520475505,-0.03782187326702969,0.28101190322012104,0.3181185065711509,-0.7211859389436774,0.7636446579327141
0.5230556788392572,-0.7245795902054749,-1.1426970450143714,-0.6481516452942438,-1.4716479476306472,0.20800651207418022,1.1835599230758214,1.4215460579259485,-1.0893414176762264,0.7868042603802599
0.0845008778751851,-2.3959403461000646,-0.33239714865226727,-0.44368306319329603,1.2108178959747031,-0.8709545089790566,0.5630643471922648,-0.10708833498699176,-1.4458090032859618,-0.5521853085580387
1.531631460055703,,,,,,,,0.15173741191821266,
0.83396052778057,-1.7868512676778587,-0.8261242435799611,0.08129437257354072,2.5204190799023265,0.8160010783535337,-0.48238973461665285,0.028314296010229462,0.919709216602271,1.4218632908329962
-0.2476394967589437,-0.21861693366010385,-0.830048505589191,0.6651586806116184,1.025971992761923,-1.9386849171297538,-0.3968060138666205,-1.2134460217710636,0.15090695692601908,-1.2379462244525308
-1.32014105055276,1.1235192807109482,-0.16559413535318643,-0.05990616210007344,0.43168512698500267,0.9708189619889586,-0.4185928325751819,-0.39631460366720794,-0.3920665271741145,1.0815088953291279
-0.0681351295974623,-0.2910983119073438,0.3908964318681999,1.8312541997787293,0.07428314426190351,-0.2694472246786843,1.9429985179902964,1.3298016422512406,1.1848250064980184,-0.500686754217494
-0.5998277840939689,-1.8341544533668062,0.9649168878542486,0.07699715037160444,-1.8008878770315262,1.2018476020787738,-0.33735095423623346,-0.21408044070346283,-1.5129692970010697,0.49219844060642215
0.5017700257768325,-0.04798755305599204,-0.4182379338853215,2.626467638503752,-1.2033677359653812,-0.7214369921967101,0.7082567378433953,-1.0144399366631334,-1.0882069165528085,1.1315186464293339
0.6051917249408904,0.4841379770942782,0.18182484903756774,-0.692153396386862,-0.25267110378547325,-0.0790748152628356,0.8462163531553897,0.4258573655865509,-0.9278434655416381,0.7895422277588717
-1.6785060499351645,-0.32042184893432685,-1.1420483770836505,-0.8571034444707225,1.9265862780395655,-1.4706741464213928,-0.8191940559929812,0.5104017713182099,-0.4700027599054521,0.15555773076797524
1.4295496326852777,,-0.4686823500573077,,0.5306060097858019,0.6349897661603746,,0.36060900005740876,0.36158244037961457,
-0.6052376063964122,0.7425955980216679,0.2917954615803091,-2.080979715777251,-0.825835519686871,-0.4806716102665296,-0.20113135674714627,1.203944919729829,3.202325903747537,-2.4588209778245154
0.3044063596328327,0.0695861202667127,-0.18048978867265256,0.5429395453621464,0.1497887405794813,-0.36143397563878776,0.029242663859610142,0.5565666647330694,0.4614712645145952,0.18863230761968566
-0.5834476277528152,2.819142883225069,0.35951331118824936,0.762463227336137,-0.5078024528610549,0.18957369416287068,0.18160807680054034,-1.9119497884148662,-0.7166607603462448,-0.735143352915445
-0.6004567663178756,-1.069839135161088,0.04385603630094532,1.3973586138984084,0.13048869973405622,-1.1812704556719156,-1.0309039031989309,-0.37705114920949107,-1.4156065145619654,0.3044570839608582
1.3530988697667792,-0.5759042127325396,0.07613390677896471,-0.42896068767120565,,,-0.6633054971115451,,-1.6192913819294215,
1.0670093949527026,,,-0.6745154547295736,,,,1.644187278990438,0.49838150311211465,
-0.5987319980759855,-0.1342310655133788,-0.9156836951737612,0.03478984845542972,0.2696738204380895,0.026035062632394888,-0.4741389473059162,-0.49071576070636536,0.3451705919833726,-0.15928693035016447
-1.15180300516887,-1.897286045973107,-0.5954884869308772,-1.3822687367164619,-0.8355699885294011,-0.4233052509939386,-0.14609917289053218,-0.666005831914257,2.1912011081614997,-1.2611030335979663
1.209212457940401,,,,-0.45287755126834034,-0.806964686439436,1.789809902248607,-2.1944600462682695,,
1.408022533177587,,2.6610152443350024,,-2.3672928107544697,,,-1.1438662573569283,,-0.45372978326480484
-1.1960264038786907,-0.9645893739445153,0.8519136050796912,-2.0229535439078057,1.0452748251655632,1.0745368728078772,-0.33140680379455617,-1.4044426428406136,0.5558642090990629,-0.48635931717624037
-1.5151176807370699,1.9091402279460612,-0.8844132959221176,-1.4721508867300803,0.28505081980757097,-0.06784743628366471,1.4861883692433777,-0.3805202750823674,-0.3699563167016862,0.33522823219616227
0.19951792122138184,0.23003771490399802,0.2719514971344084,0.16461629489552215,-0.41648296562181963,0.8326775967689005,-0.3598974027895524,0.8043502976024579,1.3877620882785533,-0.6775408673369395
2.404483418669109,,-0.7053881786517867,,0.44156240439474126,0.07181522551001375,,,,
-0.8544936215862284,-0.551709296861704,0.4713243817295227,0.4859516866554282,0.20647603191777028,-0.8495035720708591,1.108648119944049,1.9369906566882775,0.029225321895288127,1.8106049431441273
0.8662559964420152,2.218687174646668,0.47264409056854495,0.1366030757728789,0.8424012329796334,,,,,
0.20041559409823037,0.7576767813017862,0.7244466097898743,0.7500643831285315,0.3394381054196218,-0.8245446394378756,-0.6651528638060755,0.46116676477351143,0.8314594195090657,0.701936224014839
-0.6752167163510698,-0.15116736898262964,-1.1742786643862584,-1.3914286796048276,0.08147930032643269,1.3581563647022803,0.09980400070481274,1.908135428873693,-0.1641039711728624,0.031217208146895995
-0.9910068910191485,-0.34724398333708834,-1.18993823361941,-1.5453372842841013,-1.1729312838882398,0.08527508996604768,-0.7367062802356141,-0.49987281736214095,0.40987056972466207,-1.5487983725214718
0.08103605875243748,0.8480754359790462,0.9345594910795687,0.5165670497533381,-0.05218227019258244,-0.6237388964770473,-0.08235875324045575,1.6534632279233175,0.27306620254692326,-0.10688187032426212
0.5636927677972634,0.049724248857303505,0.22579295067896646,-0.2467171547313977,-0.4149377540747048,0.9960002601965614,-1.9503496903927064,0.4786017367482569,-0.47675298650126785,-1.9052124638307364
-0.9746094224524149,-0.036046089297868865,0.10147922917039104,0.7400044555134456,0.8080182345449464,-1.546714963227221,0.37750358635139036,0.7285439734227724,0.2189226209320635,0.5024414852067237
-1.9325208064730643,-0.9902149894158045,1.3660470023821174,-0.27970832214143765,2.2231039147358342,-1.2784224115816676,1.5637722411325112,-0.6107056129846442,0.8624359829483585,-0.29538241549180705
0.11567814790527779,0.5955433074182512,-0.6133532614398701,0.8011063948747925,-0.26587374672151765,0.17804993371368696,-2.6451713950087816,-0.3373352744236082,1.2635419883516432,0.6946771871187014
0.8865456143437245,,,0.28843871656876874,-0.6601000822083767,0.8551408751076107,,,,
1.3933248609997293,,,,-0.6752653402592256,,,1.8905775277844614,,
-1.941708455060482,0.8664289846936486,-0.0908648528892948,-0.3509136050828987,-0.2980013524472166,0.5878043922669566,-0.4800215106750887,-1.9889010626842436,-1.291535940980027,-1.3434714767356808
0.27531784141058785,0.9300190405331484,1.4658056298701507,-1.6348944172679192,0.6202700922525863,-0.6150711922044216,2.9234580778155426,1.3835541306512373,1.7018954121344898,0.8024398202466396
0.3818881964751942,-0.40258297070391974,-0.599320810825172,-0.800105086957647,0.6175756580620021,1.560402799168632,-0.35680784072305405,-0.7223488099829608,-1.4835034051424818,0.24469166839351647
1.2292674810165194,,1.3784387402568954,,0.09018863732990444,1.282252262014753,,-0.4408449265353551,,
-0.03445813279777493,0.631330605707724,0.08269855532482104,1.1494175066197203,1.525678168841895,0.4796643202791693,1.3900627257574272,-0.928675464463819,-0.15753923471929213,2.405191179927027
1.9429304211713976,,,0.1360746265233924,,,,,1.1219857966304019,0.6481960831061858
-0.02113077801126493,-1.6981581743647174,1.0184736200390496,0.6051937122186815,0.3895892301133444,-0.9812659050146119,1.9591372732726449,0.15247188244886165,-1.1413755754828778,-1.3023203798044005
0.6774724004639007,0.7072497397402788,-0.46301015664664935,0.46262516133029463,0.6676063425376766,0.13992522099692056,-0.7013411209443716,0.9613559491672948,0.837631310491192,0.5676800400493592
-0.8337318767779751,-1.3310324935042994,0.07652391040577229,0.929571126614457,1.0403728809618988,0.5843818340999428,-0.45045417811345445,-0.8042073999941806,-0.016866829996716345,-0.007383991291692272
1.1072952931986813,,,2.0549911002727668,1.5512222363868797,-0.8827804411640898,,-1.1218817465689122,-0.4340587158095934,
-0.07759162274797651,0.619756337197627,0.10647331828592477,0.6147273543853687,-0.40184086256024953,0.3742226239402479,0.07896683847823306,-1.3883300744357658,0.48301020869106676,0.09605536848628529
-0.7139095811963408,-0.4248421284294223,-0.4003207447742374,-0.2449184744248296,1.758958120632072,2.090254438982392,-2.7260386833447767,0.4881743968238727,0.95495136850919,-0.21607677801246578
0.9280900847818052,,,,,,-0.11523234112154675,,1.05189274007967,
0.16232735814354976,0.03220929691018214,-1.7191478455213078,1.4230025211446031,-0.35316631535689413,-0.14232505845635054,0.9715998026195624,0.19759967548228716,1.0038419504114928,0.603410135965475
0.20378706083573803,0.3104427284702329,-1.1227727465764106,-0.14898012949935724,1.0840470499303452,-0.8986400523919903,-0.7152760786981217,-0.8796242873790703,0.15338059690605266,1.4025288527710644
0.547159994378064,-2.176962579859716,0.6486250001408866,-0.4420900545866694,0.509382352476045,-0.14950017533501367,-0.8604565562387354,-0.071471591642292,-0.44147010037488016,0.3077149482220616
-0.8860050469788258,-1.1247698544713458,0.7320818474768084,1.1088395013664296,0.5800577929164847,-0.6487728346729158,-0.7400699350164758,-0.6824892331777428,0.8903949297504297,-0.8250488581415144
0.8840405096294298,,1.2377269815337515,1.0631530789880839,,,0.6101283758569072,,,
-0.15133566950972718,-0.5294489169497415,1.1240561679269667,-0.4050926902778047,-0.5794932206226927,-1.127154102233821,-0.8201760214123419,-0.7343893405826645,0.621047522315453,-1.0190723053519766
-1.8578388759018272,0.3032298005614879,-0.6339512921642927,-0.016266917876229598,1.2824159757662317,0.07154474615866481,1.5096211154228414,-0.06814687103200706,1.0069564813565097,-0.5474272320871467
0.10769065038556988,-0.9329680026204564,-0.8141991072513939,-0.2246664296224891,-1.328534054563621,0.1593599717388659,-0.3027599821945474,0.23457993111694753,-1.313190984525511,0.7017323106510913
1.6976136654713927,1.486533099255932,1.9039065295348916,,-0.35232785333659916,,-0.23821976916259646,,0.8192995137226473,-0.23440187957564493
-1.4673527757448503,-0.5082822652555984,-0.2116601525003606,0.011832518237234323,0.023844997277525003,1.3690197450945223,-1.288540489132401,-0.15214417290010884,-0.8789638425770689,1.2561682512433545
-0.5614541064056265,-0.3438298375143953,1.0496953653613783,1.3247748224438713,1.4726235378804478,-1.643113095658402,0.48291410268804397,0.2701169446716946,-0.05122614554671452,0.06656811109902226
1.2857739389583676,,,,2.270590778416392,-0.4006228439879767,-1.6159614169244219,-0.2652440148535979,,
-0.5109780635161362,0.49123007402907376,-1.4772442743790724,1.081417902930697,0.0683194144559118,-0.2805560715075346,2.1316524240899595,1.069907079610106,-1.039841878542856,-0.10939177465602481
2.7363195400043185,,0.922963130284197,,,-0.6351851627682736,,-0.7226684855549192,,
-0.3632803085494515,0.622196636107955,-1.3188984233378522,2.372418034079571,-1.02722146721204,-1.0831502260557206,0.625133767928624,1.2919411366225704,-0.3237027665822476,-1.0714692174211027
-0.9223789086877785,-1.0300195709989879,0.30817963019867817,-0.06998612008318117,0.42583260890531655,0.3648694276074187,0.8243122883270015,-0.40994401986941587,-0.7382047388744234,0.15629406836755708
-0.054990009399879664,0.25295201435955705,-0.7117129410262295,0.6422172894524637,-1.1783732788607815,-0.4403846593952664,1.1290413332663478,-1.1313149590228213,1.0502430456593095,-1.4090993731116148
-1.5852258742991647,-1.4938622600260905,0.11680616724553612,0.7295957504429278,1.2925941038890745,1.2128707571367854,0.8626985849222595,-0.8317834518578197,-0.840503533959904,0.7877923215195362
1.4213084399744023,,1.2939993393891067,-1.9203374682892587,0.3899250939353232,-0.1038072677758833,,,,
0.06066848079275198,0.9353114823366397,1.5903903966621258,0.12691691270813155,-0.8187183660384588,-1.1378991273207208,1.6982518181598225,1.5703729906345216,0.8873716104831438,0.059853902126576895
0.8151655602984684,1.3044653810596527,-0.6179569771194752,0.029795302245296897,-1.1062355369241117,-0.12906162562737494,1.5442735465024513,1.0785477884244095,0.1350068014099521,-2.6932331166613066
-0.6557926354372655,0.1024059648661051,-0.21591341968182035,0.03277258128831034,0.24258992124307144,-0.5336807590929972,-0.007530949811199182,-0.1494433871668439,-0.7032026676512164,1.8463376620200072
-0.4764585559310958,-2.254209212711689,1.783265860085987,-0.8462759845074391,0.8999083491440373,-0.6808864290071561,0.5692781355928354,-0.048147359995203996,1.0003308373136788,-0.21370423830464388
-0.6553199075716878,0.25701985189621446,-0.3824917314670229,-1.929172853398837,-0.601500729643516,2.8687689760254442,-1.8213728925404575,0.24104982302093222,-0.24289602826657458,1.8364198951812396
-1.1110383142256373,0.10130343628021547,0.6861976838601302,-0.17929466964480004,-0.7675530544296392,-0.022196166913670337,-0.30949624386233104,-0.3123025006102262,0.9307123465545034,0.40294958327295505
0.5517668773143004,0.33029618283292206,0.9598803995820612,1.3042597005739716,-0.2867132351963696,0.8194689058741319,-1.2961882955734396,-2.2530559676347095,1.8264050339453897,-0.33335844023348676
0.25247283996301917,-1.2252157958963403,-1.2713437135980854,-0.7129438915654098,0.6428977298217547,-0.5165428006124736,-0.3357904499013774,-0.7445110787335175,1.1657880893103332,0.8685300090840632
-0.48414824776194576,0.6841162653903671,-0.24523700207901708,-0.3375492453760595,-0.049710774698647646,0.6432339648753832,-0.8921995148939958,0.5023946175506584,2.4978209731335568,0.1831211803552067
0.03571809194315265,-0.0841676705938479,0.47821166166892426,-1.6104038649061634,1.7010843062181855,0.981186954304018,-0.6445158714970135,0.03154723012069842,-0.5573481998317705,0.2992350238920126
0.06135086348836161,0.22863355598492077,-1.028321550521706,-0.48154350600559304,1.1460579129001776,-0.533791358997568,-2.643494534849144,-0.1506303851819964,2.4114911104618986,0.8488776627816141
-0.5841458059437893,-0.050601777104585396,0.6798593699929649,-1.7562517779101392,-0.8560589949306505,0.3983468753297458,1.5944865738108958,-0.43932318167408735,1.567017372597567,-0.7543235953336023
-3.385512661750694,0.7438108402499215,0.5403989430107602,0.7361842834679144,0.6971048720733348,0.19175005442809046,-0.25881518316327934,-0.2206883773302258,-0.46040140167095833,-0.40039076360695225
-1.8110347572590906,-1.2143079469326943,-0.16342129812592304,-2.240866980677666,-2.0078398230193537,-0.3342821734617308,-0.12833091630501325,-0.3133553500311543,-2.3799073313530843,1.552395223273927
-1.4362306678780048,-0.8181610704751626,-1.261767984799521,1.2990308630495095,0.4214201220404958,-0.47324312114852984,-0.5436558959347381,0.1795932340777843,-1.2465543012242044,0.38073940214626
-0.5486448374016687,0.5196391819467335,0.4857225114866528,-0.5936116183594963,-2.052711519188836,-0.2468252384428593,-1.4494730493891554,0.07863468589337053,-0.25657186687998734,-0.5879948798798813
-1.2955622805094575,1.1867891790322294,-0.4536822949281935,2.353350863781843,0.034929609456508935,0.35158936168480576,0.03921219438036423,0.3415717298501752,1.0926873330614792,1.104226330745443
-1.7666077121560222,0.8554973996136908,0.4971394185896637,0.035892199253855735,1.712550923475718,1.752766818358935,0.9045962698891303,-0.543533987728597,-1.1924831309589323,0.7544001321668039
1.3595335585507669,,1.086294730399866,,-1.8090028344144273,,0.9093866534738607,,-1.0573546316031397,
-0.6686369863139018,1.1594723174183668,-1.513050325187356,0.4160050476537533,0.38750715765849286,0.8734160065089066,1.4929833932340764,-0.8136297116354009,0.5207747718851095,-1.3665673848085005
-1.3779149504726231,-0.5783345815608,0.409327272606196,1.6768678201450633,1.8589455898339076,-0.35489132907558835,0.30553445859282974,0.9430054652904929,0.7653826884756264,-0.1694567435728138
0.07610503795522071,-0.1101809216954883,-0.2083739461758043,-0.34141042682608186,-0.119658490011692,-0.4058140815748588,-1.1354176604013404,0.8625802830476876,0.5162577339117376,1.8765937431686301
0.36951802026930075,-0.4169601487059409,-0.6264353800270451,0.047366067349529736,0.5528751633755955,-0.24471060419017762,-1.4702574685373129,-0.739010312558114,0.018025015811886702,0.7402836598194346
-1.4858237617116898,0.2650834506216692,0.22111953025768813,-0.45157649529398675,-0.5869222192511079,-0.7363237413779529,0.140806303365332,1.1268186627477805,1.197784489490969,-1.1239803472184755
-0.18697818066890465,-2.193509802317951,0.10918431102117114,0.59764792013114,1.5709611855539878,-1.786457387324491,-1.0880599219806246,0.1441368018756278,-1.618388366474624,0.1722121508513046
0.6230025450704657,-1.281287723953059,0.13258537004847162,-1.212210935015052,1.3754258689383037,0.20664609246019208,-0.6400640289670326,-1.2381413802999877,0.3891496935302486,1.3579355021024158
-0.7715039092018586,-0.43964466607191177,-0.75214070070819,1.5554925710521463,-1.9086404689675804,1.2855932228002254,-0.37719808844712627,-0.07161511986624255,-0.34063464971717816,0.23960088148214678
-0.7297987549397732,1.0583831365876797,1.0989970427941047,-0.983409039776744,0.6674669655340387,-0.3564938602331199,0.05163349006142644,1.5251508973509413,-0.674034167948312,0.926549439829587
0.4571251789523028,-0.19402813945088113,0.367403567528824,0.24841192331688916,-1.1583533121046916,-0.6067238436196867,-1.0452523849590778,-0.2766187714886933,1.3450352960682166,0.5810278016264446
-1.4325890775002703,-0.2733676870793202,0.23362486091930423,0.7440884803062111,-0.6507670379180182,-1.2374318237642294,-0.056342903774416295,0.5690296710314097,0.23484648663319696,-0.8846774805415694
1.754618803480312,,,,1.1065079983645454,0.5718468925510739,,,1.0940302266182664,
1.014933397539199,,,-0.18209288174713076,2.2789979443108566,,-1.1862448434234132,-0.3732561659118605,,
-1.3559923986163935,-0.5612908480327181,0.19052316423886367,1.2682928546347998,0.7131323065971444,1.6190173506155494,0.3457929007878231,-0.20361948007803102,0.8555565281721951,-1.3671609325214145
-1.7098850242442907,0.9762635945813302,0.2105668259738844,0.9640038114444975,-0.8523724380144719,1.2847838041077702,0.6703588772128999,-0.03112038151564797,0.20734791679207704,0.3469278939366937
-0.8567321698297906,-0.38501455138481744,0.331122347445175,-0.4251339160822378,-1.469418874521655,0.2948887645389004,0.8360341739272907,1.0685346289237954,0.5323105635385098,0.8183072508566308
0.9875090698999317,,,1.1597812166750472,-0.8933182918426733,-1.1308768821444017,,2.484577932085967,,-1.041616408272716
-0.6834164324484056,-0.0007249757923322261,0.5424037777063394,0.2792923379321493,-0.92860644102785,0.31714654367826023,-0.6111878096242952,1.0469150207141664,0.056296602284767794,-0.7593340978220104
0.6889541262570018,0.3832449697850237,-0.47486569950251006,0.7300920542218385,0.6291171103139702,1.2018221984095074,0.710138532156177,-0.21394688040223295,-1.6905298427304682,0.18664659484670534
0.3418042250996756,0.051196941854722254,-3.0108744022552627,0.6788299583540499,-0.9120502580288725,0.685722811544252,1.7006847251592145,-0.2527975809572515,0.4384840324821151,0.032777786295007036
0.5255835798534022,0.10344510465497601,-0.5169803111681415,-0.9049422178170959,1.5904657201577244,0.438552984723112,0.8305149186102933,0.39906290282233386,0.9757681140494742,-0.8959672822607817
0.08318144446963839,0.5054861146253387,1.2926695957872654,2.6730760995005705,0.40751862204241723,-0.6611007401522513,-1.195643086701135,-0.9048147336193682,-0.7741194443393375,-2.901082432318823
-0.6756550120598299,0.7167407013381414,0.07539973918813064,-0.2586246003038902,-1.6219526507387279,1.0504099795852984,0.511813290920396,-0.012931644603454636,-2.202519212380457,-0.4907725036179891
0.4337183850243437,-0.028567377300804928,0.19193806817034087,0.6854461615682045,0.15473897535489242,0.649675032992064,-0.8435490902853326,-1.2227717564030252,0.47736068227329476,0.6824084615381641
0.5189737958276073,0.13158617872165979,-0.3240409380332983,0.21098600721858943,0.37929993866550576,0.43929744762235207,2.6071395566286717,-0.920803785502116,3.225993124147924,-1.2568210918282896
0.38566872641060274,-1.1948425809280316,0.30624377739732866,0.9821228248537509,0.03258267984302296,0.973080428965212,-0.42368221140226997,-2.0498641409887517,0.6267091325392532,0.030638324515168774
-0.4796139618800079,-0.41056153244190385,0.4065817351786166,-0.8145328971779466,0.3752448095617597,1.1886370189569544,2.0600701446130554,1.4045265377622633,0.1617454329666036,0.2576650999047694
-0.40024852714514314,-0.4656434766159591,0.8720317984604549,-0.30751005832427214,0.36609964108968995,-0.9625095074058163,1.3703126493055207,-0.32245666365025755,1.0879791706649606,-0.7038231772744306
-0.7567104926287299,1.3280317813578688,-0.6260075146855234,-1.5679002503716972,-1.039940536741391,0.8567086809982697,0.7606205432518568,-0.7625010829663179,-0.6317187011989623,0.6730158262926322
1.3159205451927378,-0.06879953947176984,,,,,,,0.8275241487147456,-0.25191772205116547
0.31224583872439793,0.12184295317476321,0.001737125890682154,0.10739657438636435,1.0299007149287607,-0.9705856489390586,-0.14845619093090515,-1.2152777457995123,0.22655692813164433,-0.19552886074044024
1.0692431325678957,-0.004823220549396244,,,,,,,-0.6364264465800669,
-0.05648543811091493,0.25598490263034507,0.11782813527828451,-0.10304539289731686,-1.2908237352234886,0.17609242919363946,-1.7634088358940716,-0.6719609816298433,0.4892052860226557,1.1896875357084293
2.349416125281837,,,,,1.532744792760907,,,,0.9197111524363613
0.5918619238457106,-0.4487485840091213,0.5829652179073281,0.9293508048769927,-0.932020075650535,1.3302358991105523,0.9919595139646692,-0.7419614995316888,0.9249098283594475,0.8131136554844498
0.8511526527737022,1.5759730544406805,-0.01046177906983961,0.33152131582290795,-2.6387282551601836,1.1158226965743765,1.0195864175901883,1.3560343047847265,-0.9366804071695294,0.9620453857951156
1.0187492964379552,,1.0559644269640553,,-1.6980117737290348,,,-1.6759319146115572,,-0.06533070309746135
1.403813571030907,0.18171912104048785,,0.5088093660501498,,,,-0.1407359030721974,0.6536833838387704,0.2558130767641639
-0.6140378659858325,-0.3379335399185156,1.6485027085389008,-1.6943511182112838,0.7093647068653336,1.2414462967330155,0.578837152502387,1.9710082512979954,0.9385156470752223,0.38412371373769705
-0.4667295584178887,0.4026674471809347,0.681681920188094,0.0035004243602775667,-0.7428266092445683,-1.2042226660064455,0.18540688538097266,-1.480316207781571,-0.47154268945751576,-2.431740470876862
0.8330185296212462,1.1540467091711875,0.07894806026243958,1.831459031859799,1.3473867522162726,0.4797857151472102,-0.11321436091221729,-0.349398118883248,0.5624910743599889,-0.14122684089428747
0.54823020165745,0.622453613832846,-0.2295792478101455,1.0957858156229892,-0.22855125697241352,0.02133854864532489,-0.9775246003243668,-0.27061673499292604,2.1581984559754126,-0.9003865688702194
0.4377123603741023,-0.45449115224456677,-2.213901501515942,0.5589704232868418,-0.5561242589404028,0.31904121634133936,0.9897189625718716,0.2345983841880882,0.3282988459044961,-0.8679399238070749
0.7068253608579596,-0.1896840137902715,-1.9984286073005315,0.8272444287119297,1.1329828529325137,1.4811224555584723,2.1708230024062236,0.7735345476277582,0.5139721177685398,1.091547741955067
-0.886995146681884,-1.671969431144851,-0.47700880850442584,1.2772441773530157,-0.6610991321844433,0.4656105876591193,0.5732973027154844,0.24426513744191575,-1.2776323551684412,0.342705746112182
-0.4215534637480234,1.7028611922056234,1.1368784629352133,-0.3862930759141056,1.7657364784913037,0.3437114092918606,-1.671636531442145,-0.07830528280636669,1.6352779279622716,-0.8198385028152636
-0.06823990513573179,-1.359846317763803,-1.2011329665351465,-0.8342397439039501,-1.2273982447914742,-0.6182740847024535,1.7382832845010314,-0.036072565999093545,0.7855217009121037,1.0915690169080874
-1.1084364648718115,-0.8315124124259453,0.765818727460864,-0.634283005513545,0.6995871716246348,1.6773224210376476,-1.4553828874107317,-0.3569341628434746,-0.1982713727109414,-0.5263664510704211
-0.6079740066655511,-0.4921208147483594,-0.015250725961813726,0.16488480163371386,0.9534108426429804,-0.025118668810001635,1.1181749473009739,-0.591800076748272,-1.2013628376116197,-0.3047540344119187
0.46249265457199035,0.8604667031447575,1.4602335856225397,0.29020030398368707,0.7530260058338298,1.3687793673814597,-0.7792468981385897,-0.2101409993909198,2.770913210532955,0.8563889423025746
0.5107003086963713,0.8936908443257267,-1.3356771456393552,-0.6468264285816633,-1.0122978794780464,0.41860831970916607,-0.36896606491027684,0.09538848913042,-0.31101624729882466,-1.6264059274856337
0.884976437154022,-1.7621964371379413,,,,0.20185856281974357,1.2350229606028202,-1.5609949889336996,-0.5572080183009285,-1.7490442929426302
-0.6054120256941014,0.07189206863294748,0.7670775671525658,-2.118561986472104,0.5505518199245228,-0.9726400090720136,-1.2161907771935654,0.06748769509174689,0.6271463044975679,-0.10045473513295955
-1.0931306445721,-0.10098100114286084,-0.7251785334997313,0.6040324749548991,1.075357831302598,1.0114619908847764,-0.019748497980012797,1.1226606845622364,-1.020980286621599,1.782866332424791
-1.0265820773981216,-2.030119190350568,1.3654364094947014,-0.7101344212026242,0.11673888250521626,-1.0308080469242775,2.3636034073404546,1.8218176700575637,1.546553931224362,0.08835773727434934
0.9806992297503594,-0.05305206365869113,,,,,,,,
0.48725556920696034,-0.4809869834013514,0.7907885211840321,1.5183670181085638,0.07754714379504593,2.2183284347698473,1.1275293428717001,2.1382365117749007,-0.06119892705183975,-1.6614592002832689
-0.7061372242607193,-0.6041366901672663,-0.9530254487620436,-2.1959046462989926,1.0246467407122566,-1.8600191617644113,0.9288792838403086,2.1855499694698497,-0.7783332723543573,0.38757049113403363
-0.3986322912947266,0.8270759467747779,-1.1944107865051334,-0.13179107959052716,1.1211802637319142,-0.04887052982786454,-1.628627687756003,1.2416534170506592,-1.2959759103663546,0.07873414321421825
0.5826442968590089,0.1198503182351572,2.5374371421669175,0.7338134110719444,-0.20235012074701347,0.6026629045979297,0.2099446286073568,0.04436941260527091,0.24378719373272661,-0.43408697541210967
0.21290166362990579,-0.505491138155891,-1.8961962578243126,1.1402006107627027,-0.5654478274346068,0.1413870373327949,-0.7604223965127959,-0.7302361621819414,-1.0389891372689044,0.9482969578735007
1.189721597394168,0.025934564565606395,,,,-0.6765570691592956,-1.1172606724355594,0.02926342150421162,,-1.5180541993858732
-1.3807206006046315,0.3365431727677922,-0.6556913355511337,0.5102585746963781,0.14653130647672571,1.0475419663029002,-0.8321450839832768,0.23271782750501074,0.638274589873962,-0.626217485903185
1.1272032556361231,-1.666277691581314,,,-0.7358749733242059,,,,,
-1.214178645408349,0.31020595051186867,0.8814547611838727,-0.4192219442049485,1.2110145228246147,-0.9499173990791543,-0.39054061880285773,-0.30614557978066753,1.5294137883044228,0.1336591268009524
-1.7984327892576848,0.9516543052590125,1.8459275766278866,-0.249740722101356,-0.8970823250462154,0.8642574146844122,1.964264636717578,0.8487317539529187,-1.6230063534626042,0.7546818153724143
0.404207387777017,-0.9546303234392286,1.2888178459492967,0.4383511487791551,1.3149585925659324,-1.0614761501138745,0.3987777443650246,-0.895094751738345,0.2476669784889451,1.4772254502548916
-1.426417731629271,-1.3690011617125186,0.9554746765375649,-0.014122774929450736,1.171263226152551,-0.8072847749628326,0.05119059278271801,0.6881288199152573,0.21020019004024018,-1.7887473286622233
2.8225982562189467,0.21232448190251538,,,,0.9939235745819641,,,-1.7220796886360101,
-1.6424160543297204,1.2152446031855806,-0.7327579655150183,0.6349603346555124,-0.6561688118438619,-0.4920356621232251,-0.8009698165942107,0.7160815269607016,-0.621346980719567,0.7685320881911486
-0.5951903587280902,-0.2314182525053551,0.03556493995924244,0.15382160591500038,-0.9242043345531175,0.7038076493013575,-0.2713392059427344,0.5439007373055086,-0.016228269712760174,0.5864539004248975
-0.4113417479801493,-0.7895980898743715,0.42685823443891907,-0.49373383579925434,1.4587864497461098,0.06765670221171292,-1.3736312777948312,-0.5854659534173516,-0.999304539983591,1.0729187803816422
0.7735405928586261,-0.06104329600330352,0.2900737034003025,-0.08767944288821511,0.8604020506847176,0.5198316428236619,0.6999757042225968,-0.19184598017954668,-0.6315598047024772,0.665063085024205
1.5513403487142,,,0.16203184887398447,,-0.8811871596044757,,,,
1.923389968356058,,,2.3850463982662427,-0.33014780105565317,,,,,
-1.2502569641322268,-0.21048110817797042,0.4497865694317432,-0.8959054009285634,-0.16244980472660855,1.4065044745652089,-1.4195311411824185,1.9316672539366087,-0.6740235729710011,0.20090410119253402
1.2791631656965243,1.5843402143895016,0.46982070361352135,,,,1.8892565434644546,,0.32362741265593636,-1.0437572273312183
-1.1563438969091695,0.026392224050975625,-0.3247443430450993,-0.2517056583568373,-1.4790698179464894,-0.07348727297268369,1.5492701666334763,-0.8530379997134243,0.8974352077534063,-3.464363387529948
-0.8023451954199485,-1.9103906545761233,1.2362037222763187,0.8787777249624776,-1.0343332701309726,0.2892771512026239,1.2017094292909885,1.3571916895657465,-0.4057906609732177,-2.20885617966597
-0.8985399664629174,0.7661445949242426,2.0988941738583806,-0.05432500157146972,-0.6068217857125126,2.399361487599008,0.40573265467062797,-1.227768005895328,-0.11890762008249302,0.999927646682684
-0.07037418432348097,0.7943605856718889,-1.6050073669962046,-1.434174142523057,-0.7348560441436768,-0.28219338914525693,0.3339488208716779,0.6367602448296438,2.466113812551176,-0.738556793132961
-0.3139889991057074,-0.7106552430052673,1.0793883441063405,1.1339503928646468,-0.44765551919668095,2.065745832203465,-0.708898996579918,1.0299178842136276,1.4545225610004544,-1.361579793710026
0.5776322912009042,-2.7250460412553847,0.8242123556335571,-1.1016058207050672,0.5674696139964819,0.7549886679706422,1.1201384795562868,0.8902153500676769,0.0558949924516098,-0.38047651115645
-0.0743893300025954,-1.116001514617138,-0.2116879494792853,-0.29069564828974975,-0.7882184938360826,-1.7411932180918586,-1.2769361176042486,-3.1501115504989277,-0.3078791918928512,0.360498648299699
-2.68256623797639,0.2367147798379491,-0.1224741611083615,-1.1767557617174709,-0.4312052075813831,1.0508041652173317,-0.9741890607301554,0.0788510757517199,0.34659590503529164,-0.8222073064247665
1.0082710055912514,,-0.2519109383554564,,,,,2.4666426077773855,-0.9821814763409528,
1.230993376626293,,,0.7375913685167031,,,0.4347641924895456,,-0.4813512008599099,
-0.3809959915768428,1.70613040240663,0.2567663411488036,-0.15914773147401648,-1.8175617239089583,2.1198557279384262,-0.0059695552544383025,-2.2707797945040977,0.9877256321413548,-0.05019181203710062
-0.9313254520997714,0.9311834148391834,-2.548732397035153,-0.7140951943262096,-0.2994023926691449,0.8521879471107873,2.2402515447315063,-0.24476881308231896,0.45994419480171905,2.748388294793152
0.004736807893943307,0.468199056023288,-1.2373514975055364,1.9591671616419648,-0.7129763448856498,0.26857129518005507,0.2402357871197975,0.08533832201513372,-0.43431367790342057,0.2413262450066115
1.7573474752102989,2.280933975912983,,-0.44946328901126575,,2.686135606372313,0.12883489829682046,1.1150425695705213,,
-0.24770027808243517,-1.1070683090262663,1.8594517516870523,0.9033064446414645,0.4562831023212513,1.5351926264139368,0.5133304855482658,1.5699006906397102,0.246591895509006,0.9019488247018836
0.526391325444487,-0.32528373503022706,-0.20539044333749268,-0.3928622153101874,0.2654870953163329,-0.45580240639850866,0.4358995641038497,0.40190156667265364,0.2051541335730204,0.22251866973722093
-0.5661584224453049,-0.281976367843725,-1.6706088260128131,-0.11986934630206782,-0.985811230121146,0.09985243078313219,-0.7144891224134624,-2.0506727984488626,2.252442979668475,-0.2314293733456797
1.4470578616836998,-0.5269896985686852,1.6981164243082503,,,,,-0.24926147473847923,0.8284525529557684,
-0.02551562678531521,0.5177198645830227,1.359172938665253,0.6682059310989432,0.16245487327892852,0.5193229379783495,1.9150386855327848,-0.41681037307902324,-1.85388690464819,-1.096500970645271
-1.0221235077722362,-0.8812796363733184,-0.8469069815160023,-0.023599575149028402,0.24741792889379782,0.23667172545886705,-0.7302779135251883,0.9939000677948053,0.5344558217785341,1.5813086374574774
0.8467610404467162,-0.34953175858877167,1.3054883036324958,0.27358608631285514,0.7979786188805502,0.7204297346973361,-0.12431983327974098,0.10327038043060505,-0.1313746320541986,-0.8529462882415292
-2.144694777955665,-0.6938055527670159,0.199165656466386,1.0855848792237237,0.7959899884483054,-0.2796130949882382,-0.6801766338202929,-0.17987419129288437,-0.9750064635784517,-2.1152696273499054
-1.5451446249747471,1.374741358161484,1.8572849054384897,0.7539409739313937,-0.058152625250118606,-1.3929803726500403,-0.16113202552486916,0.6118392476737115,0.8298812724939856,0.6888110008150006
1.2095680676912657,1.9429522642112145,,2.8053120481030978,,,,,,
2.2025854140049628,-0.5435225760948096,-1.019373959230437,,,1.0947172217477035,0.19587123757553213,-1.3759866908279061,,
0.2423070655947365,0.6534029337804097,1.0754196875828823,-0.0923880998009071,0.7480896443859137,-0.9038455403364709,0.9666314574677333,0.6745779360799176,-0.800257597286557,0.5303626435766918
1.0897212100605953,,,,0.5524507468840025,-0.83001945061577,,0.5216223418559669,,
0.6657266223531276,-1.2090817009760504,2.0397835383250227,1.0549871479794146,-2.005271121668449,-1.0302900122685545,-0.49155842090493773,0.8380981921614563,-2.379454964417904,-0.11911241608643543
0.781048855455472,-2.8341124155091135,0.7467584192883641,0.8669434518918746,-0.8466525365482825,-1.1532872683290971,-0.8622935558245262,-2.6720978842487315,-0.3261898941207002,0.2195962557529683
-1.2193367972931106,0.9720495825584275,0.1025671806553637,0.2600177481534508,-0.4019966628843163,0.7430439480223929,1.2905606858558847,-0.4075186424710115,0.7610317708949567,0.7720274578280699
0.4178706098415265,1.6770541941065122,-0.7264896727006454,-0.4215483150369508,-0.7769593763625023,0.7250216447410412,-0.2724862647495277,-0.6957491389468524,1.663147626744539,1.809505814060753
-0.32869290626158026,-1.3674080700396074,1.8635174503489524,0.470730537746453,0.4207223756129236,0.10500100959557308,-0.8003177287009094,-0.4132854559386964,0.6777200424378053,-0.44756036053416426
0.4329835282515518,0.013365577156829674,-1.056886981001492,1.6211306428061516,0.5940329275619539,0.3306476758996663,0.5550212208093948,-1.7928917086883331,-0.49317960205361616,-1.527300540426841
0.12468621979131778,0.32591220443373164,0.14133882491400304,1.1785891533359611,-1.4973522142023494,-0.7992509723702166,0.4143479994793322,0.26393665724848114,-1.31543073288451,1.1965298679793046
1.5432221224850806,0.4255870072771317,-1.5090713985596969,0.15972524538850544,,,,-0.11593866063765039,2.104542354056488,0.7831172145335363
0.27608012996203884,0.92042738400042,1.5308852731317635,0.8990520174437846,-0.07583501668383029,-0.6599202672573723,-1.1221073372647838,-2.440719109853175,0.17423338029748545,-0.38766963811889976
-0.3341285399526588,1.0288575343335444,-0.11207251063191619,1.8951036482459014,-0.5730998315391933,-0.9709511624206272,-1.2576363743505876,0.7227510576976323,1.1514860558300648,-0.5943948962587207
-1.0639827021268937,1.5302762220608312,-1.4504018803155287,1.0102201778666928,-0.5709813603228443,0.39709535711018784,1.0769217223206249,0.4762561896874243,-0.29525606278902805,1.3960972612141203
0.28910138492964804,3.6825095059822104,-1.7051546673252722,-1.7199269732363143,0.994260567933725,-0.031751166065503426,0.7926093953132728,-1.0983808898760943,0.05413274921397746,0.4573174811161645
-0.5437108437150331,0.2318297058432619,-1.3615261808781902,0.39482285814831775,1.4454480243705408,-1.237577964517987,-1.2979533440178432,1.1899210637041624,-1.3156378093961274,0.8406009784750912
0.0553484859464336,-0.417821942827561,1.46652482800599,0.9281478084170255,0.27971562829187,-2.152666518543783,0.7122537164010486,-1.0708599258190108,-0.22138194922990814,0.00733406842951939
1.8972773212249685,-0.25324205794921395,-1.4227718360529964,,0.7257322149982198,0.7629758049383263,1.4884180035291825,1.7232088486329806,,
0.8424692435217134,-0.26246731680706514,-0.17177800302987245,-1.1216693928988264,0.5838966157876588,0.40213117381080843,-0.15549808664786932,-1.3883422476355272,1.2091500288064518,0.2557045082409063
1.117843730156241,,,-0.716898808666413,0.03614728702465186,,0.36994736619662705,,0.01278043502973612,
-0.9065680538145977,1.121287544541681,-0.5055368318568499,1.140419044769924,0.8263709354805179,0.8792051103675983,0.3329143897965165,-0.4360082332545034,-0.15115206015210553,0.6403859005866983
-2.125614124269261,1.2437763926278074,-0.5001194432004744,-0.08628415920207531,-0.07766253954487182,-0.03983258009585521,-1.3136416840581864,0.15172503367896034,0.5943646320010014,-2.0444515113960953
-1.3007857576123079,0.8958653562957967,0.7097971440979943,0.29874123529077695,-0.68214809527234,0.7156126102600681,-1.2029006908557804,-0.1373360429664448,-1.3064929368985967,-0.16200194282155236
-1.0303908723720157,0.7558108608102533,0.43318183078511574,-0.5705755802507422,1.0902992164727465,-0.9563153567356495,-0.03528446846808469,-0.6148213274810616,0.7423717680444828,0.643442455591347
1.3019565394760328,,-2.9595967582619833,,,-0.3249946422365835,,0.4493318543795817,,-0.7271989785258389
-0.2467491050921933,-0.8472959371234801,0.5225696991161167,0.05659944996717629,-1.165775163536079,-0.009543827222212233,-0.733024372367173,1.4610606937954238,0.8936977332084088,-0.12227934392709679
0.08106415459462188,1.0137762279379792,-0.1736103893915679,0.7583925244634881,1.4773861295353454,-0.49088206584929617,1.6461451009193007,1.355116890505849,0.24855880238092778,-0.44391200189358326
0.23611153808714852,-0.24450089587780263,-0.7927718559371189,0.532275195327016,-1.023524299325639,-0.3385545899861459,-0.3254016938072328,-1.365259456770943,0.6584720231155342,-0.2283380404307892
1.2988433100943901,,,,,,,,,
-0.9868369845560785,-1.0714763429656193,0.5347974688457142,-1.0183281145670218,0.5948443845406568,0.8956390450064181,0.9197421761773324,-0.8691872502256709,0.9214711749475304,0.3225892383498528
-0.6078710607145791,-0.15940114583237994,0.4712797595142346,-0.6728510978243911,0.3018594524229989,1.4456019485393545,0.9640561303560571,0.08198619351439503,0.23414260868117778,-0.5380629380081609
-0.5098964072336639,-1.5371962955034142,0.2511097201227438,0.6824984315967533,-0.0708434856830502,-0.8773241951342412,0.06612847552784863,1.3417645678095353,0.8979816542361347,-0.029474363926308835
2.0474304017463822,,-0.4801426145369254,,,,,,,
-0.7877033569462687,-1.9854654659155202,1.4847808964576343,0.9414464430469113,0.6733590062591025,0.3483261508794795,-2.304227740774793,-0.7511011750200804,-0.25608095363553407,-1.0813463525080278
-1.6935219549357183,-0.9773628492986434,0.04914294859740627,0.049398981519900916,0.9075228339377199,2.0631797008929817,0.6857615200979953,-0.17554968385712433,1.8003265120616876,-1.5819364279319013
-2.078843098616905,-0.8867234102646949,0.8121874478983028,0.1685602520220776,-1.1283237055365942,-0.7270945353948844,-1.241483500490953,-1.2415084098972438,1.551057774751284,-0.14343496875031553
1.7695820883189142,,,0.22708266031656085,0.8796815729989864,,,,,0.7327147644273906
-0.10309903074234036,-0.7767195791594936,0.6939777767008111,0.9215585478072225,-0.483565164308669,-0.3505649183033525,-1.387120301317997,-1.80472712783677,-0.2423082970410263,0.7920544821475468
-0.5732656944067765,1.4277936638801576,-0.20507399183183073,-0.20100932512351924,-0.2890917105371513,0.9815925737976863,-0.9589105703036741,-0.12896016732558827,-0.5473719527864093,-0.5615680383416773
0.035154344478332454,-0.1133232907820763,1.0516712986540218,-0.010774200199863703,0.5550057449823378,0.17275514656166813,1.4037590002094607,-0.30238496875303494,-0.2995713935675107,0.7450385877764873
-0.31600284185911637,0.49839168474354706,2.3379144055368037,-0.9789526626999142,1.531670466388364,-0.4922066283104829,1.3376786610107516,0.686045855225755,0.6003276593155121,-0.15096314716112064
-0.25050326932317046,-0.7220075800415701,0.006276041496476446,-0.183911446264022,0.1910182531120885,-1.410655101537971,0.022645119825545745,1.2626529855977506,0.9440485346834038,0.023001776406671882
2.5624181022249837,,-0.08667204281863797,-1.450514996970145,,,-0.3654811822195256,-1.527831193156026,,0.38921024220877953
0.8306460660253165,-0.29705107824287064,-1.0071238646023546,-0.18362330310222175,0.5548449863845536,-0.07232694007671188,0.38795517328216517,-0.5368182878425708,0.4250965289310025,-0.003013937960264833
-0.7058739161898745,0.1399501550901769,-0.3866921459447502,0.6171644678785293,0.8731569112322775,0.5015377915520406,-1.6349874115407828,-0.9647707537626938,-0.6365768664402761,-0.7963140443307624
-0.54284697499498,0.9252484740675007,0.698654438538879,-0.4238513297366296,0.5917936599916467,0.32884205246548087,-0.032858811003856736,1.1482247026050325,-0.6612963074234078,0.052759537263421676
-1.0508601023354023,-1.0029294547865177,-1.360765024887505,-0.9858571511312335,0.08310056115548563,-0.30248417924192805,-0.2698712904065823,-0.2991631181918663,1.772742625058744,-1.1371801487971294
-1.2440933197324036,-0.8454225925734346,-0.07189483464498958,0.5147713125870544,0.6185876138854682,0.944638316369788,-0.1082388660421918,-0.3963211199068042,1.6334606949523043,-2.784208376946523
0.06275902244414726,0.4300069444939423,1.8736840023769148,-1.6605661718552462,-0.42013763842935653,-1.3576102011117257,-1.798276367576271,-0.20452569262642392,0.8330937576124076,1.2059695883311012
-0.53187280761424,0.666526240531589,-0.19771869833197633,0.5565737791225179,1.1544752476592246,-0.1942304393492519,1.0769743824250069,-1.2130272878543464,0.6565105169690351,1.0336732727884839
0.9302092066231201,,-0.20581099943868456,0.30217513022301384,,0.11587594936789411,,-1.2956460106700902,,
0.6212488102038947,0.5546194474402841,3.348603365716259,1.0263596583858323,0.3313651411533551,0.2548950756738367,-0.3166109106264459,0.13048769396451143,0.27624896159387974,-1.9647593379775552
0.19691359050699864,0.10100956837474133,1.7540132767261527,-0.13167175980248472,-0.7655453538295245,0.26853208207996515,0.07434807188130446,-0.13060062312335372,-1.2789888107966088,-0.1560194988093462
-0.5791918722340145,-0.21648149891233123,0.7321532231910994,-0.6745143392458585,-0.22123248299954265,0.5412049669414887,-0.26940228412243483,2.60918598719949,0.2488665009130547,-1.241897032275837
-0.8393027430764312,-0.9399347885873346,-0.8250262863490305,0.5369781182194182,-1.1065094563007638,-0.33120575633522825,1.1427469082606831,-0.5197721545522586,0.6714865628096328,-1.6829702538103308
-0.37061505412399204,-0.885945387440795,0.29977095659229863,-1.0347781277086976,2.0696568802183926,-1.6393848940848423,1.1357811438787417,0.8782770856042484,0.30986115653000323,0.054433253511990916
1.854958670656575,,,,-0.5524002177529503,,,,,0.45600198518966306
0.2831398530560002,-0.6012446875415921,-0.6665226608788296,0.4237797674102065,1.6088816551806453,0.39839562965540287,0.7804842512527608,-0.8321963936398588,-0.4142723895761756,0.6080167728860506
-1.358344884649065,0.20720169830350924,0.493423033197456,-0.038534099961575224,0.31937203243826756,0.05781984778377252,-0.6221616027278304,-1.1781067662455265,-0.09031334929791283,1.304506003393602
1.024380730927126,,,-0.4397123894369799,,0.2877494231021903,1.0574813953664037,,,
0.5423344030060535,-0.32974641947704414,-1.0260092490528603,0.2753730968446809,2.119879786875061,0.26904710451862884,-0.787231607117387,-0.157266308649841,-1.140174027108463,0.01851028589326482
0.683408027666782,-0.6926000845839942,-3.255610034595563,0.2768810727622422,-0.5015525602929783,-0.7506698347844635,-0.7593016033646541,0.4002519256968462,-0.40790591232644685,0.9304456324204095
0.9524516671079557,,,,,-1.7525136913726278,1.9141037520590851,,,-1.9163832118726292
-0.1804318620688466,-0.587976820035359,-0.06057320307685002,-2.163870484279682,-0.4722466418870526,-0.4113219024410036,-0.19227527591383456,-0.236207681074793,0.05225083287273446,1.5211773784790579
-0.5150141872470306,-0.9111579558649258,-1.7273305213236536,-0.5111111571670296,-1.4012509239661861,0.9600962946083287,-0.0961058306347794,0.9394649850065234,1.465697056450095,-0.8650578673074931
-0.3473597601468103,1.3316868015371432,0.18921757937710068,0.5215099369978939,1.032977571469751,0.8965146536640367,0.4103595532910384,1.3963614851779933,-0.0682543085881165,0.5194143982578509
-0.1767585043518301,1.0205516690741,-0.7007646379207145,-1.6828563380795754,0.6549247874201497,-1.0201385325307133,-1.1192426609830441,1.2649299344804044,0.9662795511911747,-0.34250073084529675
-3.0454631272807857,0.533240139241123,0.6625048725635247,0.516811334863636,0.4708534908972122,-0.18138917214597372,-0.41046914376758964,-1.106161869612987,-0.6973966756867959,0.3214846599418385
0.3379269508950132,0.7898245490869836,-1.4064312553701206,-1.6592256446967404,-0.37970511241478616,-1.0199476454453398,0.18598745648786194,-1.3098766175398993,1.1802321425900635,-0.8220603584395897
1.5926742412994919,,,,,0.16611940616875684,,,,
-0.21355145053028468,0.11570095775047733,0.582740464653963,0.5996892770639745,0.16454179417396342,-0.5503229556224942,-0.6015919104862371,-1.191488403007921,0.5926011643804352,-0.6159770941139734
-0.19175449753392546,0.23774390697748374,0.0039341682276913216,-0.005611316728771062,-0.9049619193122717,0.2688625583870938,-0.3128286574279057,-0.08640044745684328,1.1579684910659946,0.5053181939331423
-0.5708056054436963,-0.14891392558980251,1.5994369045135057,-0.3073824519616067,0.03988124317666772,0.6641455686574609,0.2151914879034248,-0.37281811864700987,-0.7434205622581251,-0.010098941733217
0.6580193443638774,1.3209002066417865,-1.465354086995041,1.7627843274965713,-0.2884090527239492,0.9248266682556123,-0.7375352772088316,-1.610839424825448,-1.3129461700845408,-0.3309567497050653
0.5240931525711989,0.031192456976916073,-0.2502346306586392,1.1180233185315536,0.0019858210611569498,0.27978467029390514,3.1110273218372373,-0.008038506666042658,-0.6958451128662319,0.4809597674335028
0.7340889498852443,0.30098345828089795,0.1569124622693901,1.4822309626578862,1.3572472122756287,-0.11710115211197082,-0.6434945618898616,0.4292028431462364,-0.6492333579817837,0.8851616681096938
0.4240562762269059,2.6700310384744697,1.4732968955542045,-1.0787404979733752,-0.5187886816093837,-1.9139503344038267,-2.1377468066474012,0.11382686731475589,-1.1923837062916716,1.641185731629202
1.157915456352117,-0.2714944335656375,,1.4853729567873464,1.7146072923216251,,-1.0611831395036775,,,-0.5136716563359154
0.45221416416198873,1.950298638778356,-1.4060311971642363,-0.44567588006256387,-1.3869919154945942,-0.8365848119285502,-0.29467649213245356,-0.7272111647608682,0.5199775663480041,0.1509562831239266
0.29901908063176713,-0.3066977796326571,-0.21460798720906252,-0.350690547600098,-0.24865772995495525,0.4190093112070743,-1.9234906855585665,0.28794132653147847,-0.8687305635806749,-0.33885764009882186
-1.561532898503499,-0.3586717047866023,0.27788403311837084,0.4570843569682594,-1.1863315175608131,0.4088386179407861,1.1397761089635698,-0.4936900395528034,0.0009131150564178419,-2.0685465661757
-0.8970340556405135,0.2705202171981383,0.9554674042059295,-0.5992777907759603,2.6693860717567706,0.3138896402015002,-1.2733568757541636,1.2871827112440355,-1.252943130980742,0.3284270253978692
-0.9292410626948826,-1.3574344493576964,0.9621521895437266,-0.25977696344605955,1.7256720545602533,-1.017933588012447,-1.5596407016407507,-0.4796654842457585,2.89050879973298,0.8339156073670567
0.5538930137365675,0.5869392101559114,-0.48484344166173715,2.729350273698566,0.45808542391984697,0.36431628358529916,0.9848629495135043,-1.2732432236470463,-0.8793469191581964,-0.24551389015927633
0.9913282184334611,-1.298053012738161,,,-1.5743858076256896,,,-1.483269645691485,1.4113345937089603,
0.34600665133140707,0.008188077950072935,-1.0923219730735712,-0.649696850375684,0.36185471300712013,-0.6516552044780795,0.1887490734094527,-0.8988813192448499,0.4514299130036546,0.5260805979959042
-1.627688655899668,0.06730853650098516,-1.5216679278903447,-1.8610409770567033,-0.5938922505123727,2.7969175621793174,0.7753879530249121,1.392104043657002,0.6084165385236938,0.20544338430282574
0.895391616734342,-0.6395713686625158,,,,,,1.6920806518305336,-0.20823175381729211,
0.5736074223941534,-0.3839462558267528,-1.1791301841294788,-0.8079910330705616,-0.9593616662565649,-0.08871920638118194,-1.2739583357131983,1.292758448693921,0.11072287440432846,0.07014967885769471
-1.1653868291639466,-0.7690377035905946,-2.2203673450786794,1.6178051404774607,-1.4177166437598636,-1.3419037430658496,1.413173392072045,0.38756465881973906,0.12073678746008046,0.3402684753920533
0.9539003732611667,0.09987531674364122,-1.5435347440178262,0.7331898723755534,0.4223438766432864,,-1.2490988634754852,,,-0.9445115665419324
-2.352842502905765,0.1973305787368691,0.8950076331002342,-0.12893182094156955,0.5481351272544526,0.4033675143178838,0.010495357596030005,0.13596315669708497,1.3491381119962318,-0.9642505763936298
0.773044812290992,-1.1808777586515176,-0.7947802126652233,1.195917314726449,-1.2098313952475115,-0.24159124774404647,2.361347105527309,1.0255506603109674,-0.737171962937461,-0.5658252500269186
-0.17011612818354802,1.3119442310391418,-1.0016471429923817,-1.062168941868303,0.7133530568794273,-1.6811369672776995,-0.9110771526510753,-0.08508898157561343,-0.03382021197826835,-1.3646198968979242
0.35374039913398014,0.5537650279326458,-0.6624893260377074,1.6607573113664507,0.3396060683477311,-1.0048589731708821,1.6207805462828389,-0.5233243852670172,0.17887346432260792,-0.4867812231994301
0.6241530995377397,-0.48152828780396206,-0.42085631454370215,-0.15997764201790937,-0.5019502550100186,1.071814588451308,-1.2577932761239219,-0.03714767628825436,0.08946506923102418,-0.1246342819272349
0.9682986234000286,,,,,,,-0.5782112759799829,1.6382717974740262,0.24136640275113433
0.439786020145902,-1.1075035674330105,0.7400771128429109,1.638225980376139,0.8699091685662161,-1.3120125750186744,-0.46414185279141373,0.10849011109484802,-0.5771631758144851,2.5329908532608028
-0.4822764307618817,-0.043351350721190444,-0.6002279875092618,0.23168371384510666,1.3823500160221647,0.11485545277709149,-0.21901325478235495,-1.0739104462458848,1.2088363683673755,-0.14369393808048683
-0.18669628467303534,-2.3389371806488324,-0.12721660087012307,-0.40110497736566353,-1.8260044103730286,0.9896114302111616,-0.535242419226939,1.89556887770998,1.4144415396890595,-0.7199036107504369
1.369313652270939,,-0.55903555552189,,,0.38044159908973274,,,,
-0.5614912376986894,-1.2998169194682276,-0.5619532803775938,-0.7366126689041331,-0.014155638354808184,0.10425808618534001,-1.0711750877388804,1.100805190609944,-0.15956863379156172,1.502439349957333
0.24108230098607372,0.06910403885386154,-0.49097810052633667,0.6148393920709179,0.033566751161682014,0.8584657091229847,1.6046623975584597,-0.726852868180137,0.6134635783379208,0.5851161764154439
0.4581119082588428,-0.43319917969450067,-0.41296639541527236,-0.5838821702990105,-0.6037170610190663,-0.8401244659524569,-0.1044972857515644,-0.7578183539779042,0.4356436938460455,0.05695408949354456
0.1691225778872879,-0.27348912374257844,0.06889829363373781,-0.24732247820085748,0.7795430797679663,-0.44238927928209215,0.37552446873604833,-1.3063709437498046,0.7120748319385211,-0.5592608900002738
-0.912271397808984,-1.1387996335557053,-1.2179214465962858,-0.4814713321251872,1.498627694740107,-0.6433228568458644,-2.2091711824013527,0.3654662865553487,-1.1142565425626332,0.8148075788976629
-0.4210767588270655,-0.2740080175939509,1.197310853855259,0.617729510768392,-1.2463770503396547,-1.099258588456099,-1.7835299402656404,2.6032209625213896,-0.8627072851042499,1.169812984727281
-0.5322745656338058,-1.0798555472417941,0.02156077607666119,-0.32666418864343505,0.8018746827636657,0.8143839145812499,-0.5901410189342783,-1.4399544176719679,-1.1971640501514447,-2.2824579632976505
-0.27445964158701486,-0.011800348490700519,-1.1428279183441141,-1.2636511076484989,-0.016083878395564875,-0.6319546485263915,-0.2129289553147211,-0.36722484897914415,0.24873024071635427,-0.5652790172306897
-0.48874420296591464,-1.881798783827629,-0.05033256405941083,0.08869182239763329,-0.17769944957752398,1.9118340405085088,0.16277870235840294,-0.1564771012569853,0.4991449688599044,2.112863537667727
0.2527230439425748,-2.2234833507559775,0.4320585519745339,-0.8792354263799301,-1.9224751858071523,1.6975612470804886,1.4814465003283863,-0.9051775209101217,-0.8986311188991067,0.160167211913082
-0.8851788417931582,-0.13507364365569377,-0.713182022634037,-0.40040231411261007,-1.4043551953462545,0.8268983274543508,1.2037890395998239,-0.10020398917343985,-0.036242503874079485,0.6291570186347337
0.0019011448389050713,1.7295638488334062,-1.316362856377127,0.8609419596818413,-0.1142023651018572,-1.1212124936776773,2.247088742879062,2.3852003725157993,-0.20786993742779605,0.4447253480422559
-0.4711862625069426,-0.31029484256448153,-1.1324991864515221,-1.2802621910464476,1.8441499719227585,-0.03876788383628111,0.05058492689142478,-0.810518219355687,0.18997020227305722,-1.5037941718491359
-0.7737385624780454,-1.1997747119838766,1.2928841187225222,-1.6518983637279965,-1.179215497221173,-2.047589271482304,-0.8900123319978817,-0.4595209809131707,0.9777803770591094,-0.22199783946975515
-0.41058690883196314,0.2999081236449808,-0.44290312288041633,2.4099078626908845,-0.5910034232619692,0.4137117825697818,0.8264557833556458,-0.6197140042441402,0.1653723326413549,-0.5008454517623555
0.2740208079466901,0.10092419105538775,-0.1402829903588121,-1.155563556469384,1.863694797206862,0.586399238175763,-1.5886373525413418,-0.42036959000438867,-1.5693960291064424,0.7620813660449303
-0.02178270247418261,0.0040777751627133875,-0.8423672260951439,-0.31556398626385346,0.787184100612951,1.0558321518477765,0.8464211199447693,-1.5521668645160998,-0.18611602654468734,0.25331345727809473
-0.7347755893512617,-1.6590157269093422,-1.2866305462520875,1.499774768702435,-1.1914613813393433,0.047560698397600354,-0.15633499501059966,-0.15378167773134244,-0.3198614668176375,0.7891370134510292
0.03561291905198759,-0.625654659955958,0.05134382423519605,-1.2775441638102956,0.4759445972538914,-0.6809668503361826,-0.6233711527696916,0.5130475370809681,-0.40731591460675676,-0.3510161545618694
1.1676302353146817,,,,,,,-0.8679358332951316,,
-0.790734647757433,0.48480449122961533,2.7242068606991174,0.10466440630646483,0.923498804914873,1.5767373855999285,2.5037461496038547,0.24569963129567643,1.2530335458505526,-0.7884941162609094
0.024880944473693396,-0.4464524748997815,-1.8853406671493753,-1.6030337728222812,0.43003257282928253,0.44968892598291926,-1.041628580059711,1.557385362131891,-1.1099815971120328,0.25726895950847095
-0.41523945734530465,0.10694802421762101,0.8985332666128548,0.7573420163106529,0.7078422637714546,0.5801556274167156,-1.2727444417427711,1.134529631249673,-1.0602884937632253,-0.10603409184998419
-0.35132692133545923,0.3501232926227364,-0.4847152463755395,-0.15851061281516343,1.6188680383093703,-1.2952533731838674,-0.0024664317014791597,-1.1141271642675874,0.6743496395665937,-0.7267288124769339
0.03853644025176734,-1.3246649339361583,1.2915398311948387,0.07278991692233024,0.13776551439784068,0.8290616210133757,-1.2514085262635708,-0.6150223087465371,0.1700541615798145,-1.761988343208218
-1.65462668519261,-0.8212623254558374,-1.1409976430152842,-0.34386334692050263,0.5224321416055442,0.7498803270862308,1.8094106484353307,-0.022624443956381943,0.1543587983684132,-0.024880562135931938
0.32026826467315983,0.39836740832480727,0.9221177594810547,0.9182082516043633,0.519363272845947,1.5101728216538113,0.026757059638855735,-0.6115676992975794,-0.44804505208782563,-0.1058348469422402
-1.083635081032912,-0.6133675611531239,-1.139837628401826,0.3439602616349679,0.3538210991281481,-1.7689150267923641,-0.6540821432422896,1.825188845920261,0.6297800078095046,0.4543365030451948
-0.6642532572330104,0.2872825540392328,-0.014509918388057284,-0.7967463579644916,-0.49378948507339293,-0.47125341873854854,-1.4886732610060593,-1.3235672657968491,-0.19946878307365554,-0.8479980913830839
-0.30091813646272475,-1.6056528416231894,0.8013260070775649,2.0804794415203647,1.0273955995010517,1.1305346951603303,0.626122498000675,0.26558584114610917,0.08652290066030453,-0.9145266129488729
0.6900557610275667,0.6307084491469476,-0.4630095862817586,0.5260040829109638,-0.6939453002836168,-0.6302553686284555,0.7751053490849977,0.43052743355188544,-0.23194433673663892,-0.3476661547958962
0.17477274930612724,-1.835400548731546,-0.7577694178475648,-1.2651091130158285,0.011853067660183687,1.088618460662226,0.4771587194779645,-0.5114979681066519,-0.7065968437816478,-0.7538663981784076
1.9996171235548674,,,,-1.1809385843936873,-0.04417688187012046,,0.13305808021966187,,
-1.8691616414728263,-1.105228583235357,-0.09961232794462768,-0.647403208316686,-0.3102775858105869,0.10902742134336145,-0.7449330371514816,0.19227012259332638,0.5439845313447714,0.06507906809798011
0.720727779316181,-2.172941383679116,-0.5860349527101134,0.8923309089036059,-0.8643530729705211,-1.0000590596448673,-0.12626818990532832,-0.017319030776585302,-0.5346969295724221,1.8435738344886565
0.28649075380289185,-0.902882881115051,-1.4395074379327757,0.40557654200246823,-0.9265787424755649,2.152619302412611,0.4279428042383947,0.5599719713724903,0.24868716853881256,1.1215694359067985
-2.395348694439995,-1.2032700339818299,1.0341380070154667,1.5005799118379979,-1.2352820261781197,-1.818631166042216,0.16752178701697598,0.48541241875264324,0.1473823771780872,-0.05962907594450082
-1.8518550486073069,-0.3750101390841253,-0.22590103098916242,-0.5482402015131969,-1.9187384268936865,0.5847365333247866,0.8657624815880115,-0.7946445606944802,-0.18597160813029445,-0.4969115415060088
-0.48719226644026625,0.49316588560677127,0.5173189519571325,1.074771237937543,1.0539290200227642,-0.17180609322150653,2.842104436112793,1.5499519578287684,-0.658139936508738,0.1265987865922102
-1.985813329247044,0.027257632826938362,1.6736947625658618,2.781304470368258,-0.12127853236459919,0.334882385033006,0.6053120288993791,1.9797035715234061,-0.9829743379975451,2.6555130487193583
-0.31707188676775244,-1.1701539389205355,-0.3152612039224809,-0.8096050056963733,0.4192556916251278,-1.65239413763393,0.14164003806090744,0.6639689393531096,1.4828339925095613,0.6806060876196242
1.4212744789983416,,0.3941902562441439,-2.2292269944610985,,,,-1.5740771714323234,,-0.2507605008574842
-0.42907509632434643,0.7250058466395507,-0.21682743459836076,0.09932696059857436,-0.489619599268823,1.0648244418400847,1.1392341863148012,-0.30834174443895124,2.850589233202246,-0.7664777977330396
1.007196913880258,,0.7730242482628913,0.6950039934664294,,,1.8677394463645325,,0.4018659871179711,
-0.04228295456847738,-1.731130387540856,0.8286250343133083,0.011616281868419641,1.1038456727027126,0.23175810520281678,0.06446923159692655,0.37254103263737026,-0.9875308144435018,1.5581062272686785
-0.37541434278450503,-0.3625615342725832,1.2922963172519384,0.24734219550672992,-0.23645003179603927,0.4138200935533031,0.6259840786266159,-0.11833962674372245,0.9223300850147598,-1.2705543696607806
0.2618097890549199,0.800269684156359,0.621795104950817,-2.2410494576741877,-0.12659255553717957,-1.2140369125253818,1.285771704336988,-0.390673901996621,1.1747038525397995,-1.2170438417526102
0.39064278406520636,0.00794060205469651,2.764069260055646,1.1779276876281528,1.1138842699707976,2.0278077419724765,0.2837675912658137,-0.09950626104837888,-0.21352387973576128,0.32781665767115503
-2.770122618190775,0.0023262077083820213,0.22679153713494227,-0.15585047738786076,-1.5309075246194201,-0.14983658594678062,-1.5336992092614223,1.7737577394967203,-0.2573501994680813,-2.062704053186245
-0.20651095157000204,0.8953983864872654,0.17607807401479325,-0.9138560748347798,-0.6782481848419268,-0.28684724474036566,-0.43966342800249425,-1.2595661414528563,-0.06759774765030195,-1.333734234532631
0.9490448458823602,,-1.00318743673336,,,,0.25684774343211086,0.46305271584138724,,
0.06036406565152272,-1.302481514404029,-1.6091814348397324,1.6357868749820632,0.5096558684500159,0.20645233146429737,0.4490114461762098,0.16026892488205022,0.43318890311761304,-0.37258841855712194
1.0551965896374536,,,,,1.2675025614026643,,,,-0.6510677962739593
1.548267096227133,,,,,,-0.05593449180980837,,,
-2.206236516191091,-0.6658153197258457,0.5518047614474653,-1.3419409316385686,1.2825621179225057,-0.583634861846742,0.19371981997959664,-0.3991391554780734,-1.1763167404216885,0.4402960547483123
-0.59801270325181,-0.8330311640382132,-2.3761492726841023,1.3026867733031924,0.006148748308978456,1.1065693875550762,0.6201924069959888,1.1064324181752578,-0.5641448153028094,-1.3724556119010523
0.7626928754138702,0.13019874366571751,-0.46636638292043014,0.7427134077419892,0.3081305950577901,0.6389384741346508,-1.0223944308042814,0.9776164619962204,-0.004630675998198973,1.0848701715208642
0.9682533204657595,0.6862979925548902,-0.11112621114219404,,,,0.20259734575706534,0.7118488443128335,-0.5257044954204685,
-1.681827384402176,0.034402720811446956,-0.4059579185913146,-0.6408916933271862,0.30519600016495774,-1.1254756057844835,2.1519321985173097,-1.3521054383210958,-0.9512680232520959,-1.0456836376298675
0.1984981164263349,1.0145441060648281,0.5260069054411805,1.4723442921739869,-0.8272680454252387,0.6587214625269537,-0.30353663580881896,0.2280741210065723,1.108681092912723,-1.6922703182653593
1.9910085635023296,,,,,,,0.09679906180272144,,
-1.068387360533352,2.261529551521538,0.5136290787323333,0.19679444342773547,0.6231234165297684,-1.8215123358138556,-0.4969581064887017,1.783020770715583,-0.32013269064529787,-0.06282581732530196
-0.46649948217885445,1.4645080626293492,-0.2446342998992029,-1.2518353012375592,2.5788151225514846,-1.3750234399997618,-0.09738022946249458,-0.841794303264919,-0.7016010806000792,-1.0598324466166464
-0.5399921609190732,0.9840332521341691,-1.9019862222338537,1.2608075825544423,1.088398066702977,0.5090592430081544,0.12617047757028158,0.27663919182353564,1.423412430276806,-1.7457847344793462
0.727289689835213,-0.7461719532761537,0.8257475221560421,-0.6136003450397964,0.7068699616452613,-1.5484853350609986,-1.6925734214592536,-0.11306284040357688,1.435530026257875,0.5362844211702531
0.5291144627215842,0.8601938135090225,-0.3969764156074587,0.6107488606359448,-0.5796729734329175,-0.31401492095391714,-0.18984950649379906,-0.5455277095673737,-0.06605054506465012,-0.25455809923105915
-0.7076649815087286,-0.1406017096673737,0.15526608789532545,-1.0998642895433344,0.41745641041314674,-0.4936801189936769,0.19820377452415003,-0.6652972400016628,1.0504954033353462,0.9561157105190544
-1.049388772283755,0.5249991699014556,1.4462715575458174,-0.9481787121413934,-0.8689543593580927,0.7350594517943068,-1.3071784753589308,-0.7775129424921157,-1.0146652346545333,0.7474842947908106
-0.6924297587822523,-0.2846034048267439,-0.7483242387199245,1.1485135007088663,-0.8593869585340628,-1.4076000556493073,-1.4467923606825075,0.693659634584833,0.7658651264971831,1.2485545574516033
-1.2609733166122568,-0.23121214409119942,2.4272994076394863,-0.3023166149889869,-0.5634086329372383,-0.021009720477067388,0.5299507735489212,0.5132332210027108,-0.6144312223718779,-0.5850352893508552
-0.29646005816804816,-0.7300866437708272,-1.2347630763250406,1.8079515186334765,-0.406924614225695,-0.3502431728766559,-0.31908660378262194,-0.08051000034262533,0.43475976952728074,-0.46519180365839824
1.139353529381504,,,,,-0.1620421877413563,,,-0.7263284484132133,
-2.514267670212917,-0.3686625112407663,1.159968600736047,0.0051307300962505084,0.5981352876401154,-0.901930736717271,0.34770522681251737,0.0037522669906070805,0.24333406506867974,2.0392799041566856
1.3045896367559764,,,,,-1.5325817383086626,-1.2695853623811382,,-0.02912458259985813,-1.2250086973127972
-0.03917018658701813,-0.15402950812642802,-1.134228787131098,1.5255868645304431,-1.3245257016421466,1.1173248137655518,-2.2542762218789,-0.14223321357340624,-1.1976248330409551,-0.6544547175949919
1.810154455536575,,-1.104548797068591,,-0.3557469160338299,0.15071316752482067,,,-0.7876808018130168,
-0.22682975236570238,-1.048260243557517,0.1618194686026173,0.0794795206686903,0.5736027980413265,-0.4818012331266243,-0.07757151084009072,0.4216786341233615,-1.0093530248256164,0.8862228620608652
0.01644362820523452,-1.101012813095848,-1.1084223058384672,-0.09939856593778695,-0.5502258104040577,0.7546066219590807,-0.2867519125138717,0.3030465638821109,-0.8486211164145038,-0.02299597610505746
1.3155359455935842,-0.14812829208209022,-0.5529641639281685,,-0.018770529882187432,,,,-1.7138719055978027,-0.41042221034142284
0.26276936396272355,-1.580375080092949,-0.4448095467994355,0.2905194599334413,0.13113809134143364,0.3389582672210746,-0.9745966366664115,0.2901077037682979,-0.6000082265405076,0.7140293486548338
-2.310651339674044,-0.289609378392128,0.09887709483246057,1.3494320505632633,0.08679703872625545,0.188285751680048,0.3754902284828666,1.253087200548664,-0.38189441217612985,-1.4031009943776707
-1.594547276124473,0.6641952602101026,0.2232069942456298,-0.2563424691069613,-0.586094461581652,0.1808327050376177,0.209723226734405,0.47982980805014097,-1.1086669304350254,-1.7643055663760319
-0.9135268787075458,-1.3511288593291515,-1.4029259345055816,1.5697363493845953,-2.2670019734591467,0.46970470980513906,0.9069982145016658,0.9874646340897538,0.27723201730867947,1.3199096957537233
1.7833997309211826,,,,-0.8619592869284723,-0.24490790671092247,-0.6258215727793017,,-1.8980992533346577,1.4366269794641944
0.5337965643506812,0.5899411715000056,-2.3633141511128586,-1.040139093699366,1.4904691702023807,-0.17740587041788758,-1.7240639127678392,0.22162215787768266,0.6791581038868931,0.5314923801057907
-0.15040521460614562,1.1355635935633808,-0.7020119858700076,0.5400890323288279,0.1350176434660388,-0.13308634544967549,-0.3789967448415764,-0.34359239337499764,0.03225341623343201,-0.292720798356383
0.7330699118773136,-0.5359853162439544,1.5682909973398018,-0.5806685184947495,0.9200807810436091,0.9632168660961967,0.16586216533927917,0.07675998023628072,-0.7289670157091893,-0.5170714496429423
0.21978359612959653,-0.04513559866774261,1.183084175990723,-0.4545897937486551,-0.39406446095013603,-1.6647306071638892,0.6435278637156595,0.5532188219439343,0.9770818959932174,1.033436269602704
0.7889465394517485,0.831115949968102,0.610068762860433,0.7640933160181423,-1.8419617121438558,-1.0997907117568984,-1.2631940246292188,1.270173010952802,-0.7829595573922167,-0.6228621813423025
0.006657266589861463,-1.2436794471208619,0.38054477934070446,-2.1303902027093113,-1.1774896769240053,0.19881618802038667,-1.2416362327671189,1.2991131036370316,0.04627943863364253,1.1320701325616331
0.35791665085309543,-0.011929769942344924,-0.9965621549543237,0.9291462482991913,0.4412546590052925,2.0846479025555773,0.8284003679211955,-0.3974029762855181,0.289421572851065,0.4221379773576923
1.1629582962344989,,-0.16197529826041573,,,,,,,0.9601600541549278
1.2303988738119769,-0.7073927356328455,-1.5153157720515884,-1.0065285463614138,,,-0.5059469763754163,,,
0.5689479384174226,-0.6704396844045182,0.010044700640571811,-1.10998224211312,1.0886673120443824,0.02083462543585792,0.6788250159673933,-1.2161933871197623,0.17442417121508366,0.5723337246888593
-2.043867312168692,1.1680970016033507,-1.2494245841112377,0.21090021545683055,1.7877029180799462,0.9549030123356813,-1.4899379195042595,-0.17803510258060412,1.233429756732715,-0.8167750158266772
-0.35987974211178314,-0.38788238637446554,0.5700389257224535,-1.5369914283307409,0.626110217557537,-0.6227991789061939,-0.011337004714896822,-0.2248712870908689,0.5997668408069873,-0.02104015415869843
1.440434442289613,,,1.3652977661621113,,,0.8482090520772465,,,
-0.6063018370462037,2.07371857157332,-0.764322814214814,0.04024734789643347,0.1919644729574794,1.231274159613204,-0.994561022044537,-1.6120653989685307,1.3944348071696824,0.08051888414133908
0.8097425226335472,0.8566972370046712,1.0300085757656792,-0.37786346834502943,-0.6489351563696003,-1.9962570359473717,-0.9949014358070649,0.062151091768366494,-0.7013962436992836,-1.1409008621810646
0.05042155955382021,1.342942043361723,-0.05601583916568041,-1.1328195908580831,1.2724247139137654,-0.7741174488604207,1.4793717228981438,-0.2631335972034264,0.10313010758056632,1.5608930755988106
-1.3514974149575207,-1.0501052717712211,-0.32654796159653143,-0.1399679033452213,2.642069780450904,-0.8880613219953928,-1.3042474946557012,-0.9358348991349641,0.23213304601401197,0.4920357635327086
-0.7070870913780989,0.021036143480130474,1.9452023390492441,0.035168481860796116,0.32099002325267023,1.8889882136236167,-0.6980257148488417,-0.7634087185772561,-0.469682100347495,-0.5279105176080685
-1.8210131123449247,0.1379941429960421,0.21694130225125904,-0.18585854983196132,0.24747084283400278,0.25810884004994933,-1.3161519694282937,0.2886399471167301,0.5585120787317357,-1.5971014647005801
1.4631160223687936,,,,,,,,,
0.17425903692465192,0.06845665960602013,-0.5049086095761036,-0.3472179161629584,-1.8522043253028535,0.83013001966058,0.2975575069885842,-2.3066801493826263,0.7931602687342943,-0.05302780855647695
-0.9368221163613831,-1.0254251793653046,-0.6882221687476503,-0.9315253339782039,-0.7971880004372696,1.7006342163564554,0.37112599438269284,2.0360103178734716,0.2257386156202008,0.579265720083831
-0.8807051930677161,-0.16802838244570406,-0.0816801711382661,0.6200924453597493,-0.04948358075218695,0.3513274917321119,0.3155278770590623,-0.30285767252022616,-0.4056910644244185,-0.6689931346949402
1.0823036890287159,-0.30243161131841206,,,1.0626173928773215,,0.3029698455967558,-1.2549104997078515,,-0.1465465513542071
-1.4783611084744996,0.3376397868166987,0.22418181965839756,-0.23122115741675406,-0.10456557749798145,0.1615110824981361,1.1782202031906055,-0.31432686853273617,1.0130319563965289,-0.03745027058518372
1.2957346245180623,,,-1.097676504579131,,,1.4044883410529638,,,
1.1857919520087632,0.7310453731591017,1.0586846764470546,,,2.011757867258598,,,,0.858532654342998
-1.2059744561305938,-0.039652109962020246,1.4967742890147124,0.7203391783286083,-0.06358966056762974,1.5087578002308168,0.369301907928723,0.7555796382906447,0.3745314457720204,0.5411622648785044
0.6126691669014626,1.2996740769331196,1.429956522045134,-0.4510911190156343,0.355511085948428,1.2710089185473643,-0.13155940201285796,-1.3088961662116188,-0.9086481927980795,-0.8395790388192566
-0.45817900368179626,-0.7462283089811764,1.0291060832220358,-0.2768240836403828,1.2611017126514312,-1.1302933485729698,-0.35332277758845404,0.10427735387154044,0.8106616002955944,1.143626765206113
-0.5383172919112993,0.9934185084086091,-1.6818928239965436,0.8713311840109494,-1.3410650324708306,0.44664394051276113,1.1291865282456237,0.8872303394087334,-1.6391779105491462,-0.4472324120161307
0.7169331212360757,0.6882949141323649,0.2759311920785483,-2.2016072522358923,1.1980488610539375,1.376260389828088,0.1637398507943339,0.228577936751324,0.5030603803192918,1.4604428034247465
0.2505541836365928,-0.19117464531234538,0.3815201134828798,-0.011109877976911833,0.0002494756959870948,-1.765859371083207,0.5228315960154524,1.1714550487726032,1.0203727637693671,0.9509914692988104
-0.05300231123152458,0.14567619317600256,1.1914026971815728,0.8673542931617787,1.4863562532722312,-0.672716445581102,-0.6789559607511448,-0.3325683248711846,-0.9430326551397364,-1.3214551080512802
0.46863722606098573,0.4005503944605798,0.24622589223478455,0.3537452429838336,-1.4637116954458396,-0.4800524851715377,-0.29346844388653476,0.048506043004424834,-1.4597630179369998,-0.9277911843240666
-0.43647845208593533,1.0582854017674181,0.2618702884906011,1.0215661959764897,-0.1224311368557277,0.0009888933750404464,0.49907591745713104,-0.17721081701174998,-0.6247254835993948,-1.4897854233163332
-0.597917174637081,0.8361872566323788,1.2606741426952055,-0.7731569015573314,-1.7337374833983017,0.9266108734594749,0.06929866764888518,-1.3470468214554783,-3.1107894164246903,-0.9634106410442388
-0.4629458670240394,-1.1516509188701516,0.6919063664251097,-0.8125678257952536,0.012401944818845387,2.373489288752978,0.11746129945236675,-0.11551838054098588,-0.0929277199134704,0.6690144728379844
0.5450850422541684,-1.0035544778671417,-0.41115292673516884,-0.6673289452930362,-0.28264313952563963,1.8266210014033735,0.6174475211959153,-0.07976260817838131,1.244532180664468,0.18847127141780046
-1.6380503640255895,1.6639646981109701,-0.15639893959995188,-2.2560267439506596,-1.5996262123375495,1.1276854212491345,-1.5833995579240925,1.3492245472853643,0.08104758886070158,0.7138941549981384
-0.2568064156075858,0.5233648559222962,0.3165672027766134,-0.03853014380070047,-1.065438732231649,0.35852837570957735,-1.8170240975486935,0.9315013216956831,0.19699503804657761,0.46419650808608626
-2.6169065733951613,-1.125733704213923,-0.5057661930193305,0.6736782374305907,-0.9428109368698162,2.5480037543006997,-0.26331262601773014,-1.0159955049659843,-0.186849870925554,-0.950947460073254
-1.1843414858928576,1.0109796273644054,0.5132406113507127,0.5161444282045198,1.2767530895837391,0.486671988987686,-1.0674070700964728,0.7086435839600252,-1.1266187233390663,-0.47803868230423474
-0.045718114678612205,-0.14718020683910382,-1.791183150717329,-0.967604546336397,-0.02250865281305816,-0.6106867104366032,1.1262578483760128,1.2974857664461676,-1.1203859828040275,0.059754747080010516
1.5827174845015528,-0.1342179052163372,,,,,-0.5947465284025433,-0.47458793414199046,,0.10054372348197903
0.10840605711956422,-1.9093314775874923,-0.353413327556478,0.8640374561567171,-0.7837099821340217,0.7006680656398068,0.2679898219824301,-0.19971510751456176,1.3577546629356707,-0.339844025746576
-0.27014703454322064,-0.21113638434942208,0.08052490799843191,0.766957568714776,-1.472555194306039,0.8680452682712921,0.06809806770382897,0.5540345798013352,2.391850416592858,-0.5116604011541551
-1.2246705712555066,0.19379902849177966,0.3521668363884773,0.8716093293922589,-0.5383767439822253,-0.8301068710525711,-1.532970853122284,-1.3674935288779129,-0.4159622212982152,-0.11658493591911696
2.065134166396841,-1.692583315718176,,,,,,1.0291903943055845,,
0.7601086703852606,1.3925589635386457,-0.04313721298796677,0.9517987481847486,-0.7682630869859833,-0.8696590344418867,2.1798256401645753,-1.0858718883835674,-0.4361056326903938,-1.8980068289154752
-0.8458631214515429,-0.9942355641390653,-0.6702907060286708,0.299883779393612,0.5410353822679319,-1.0068095252658023,-0.7896665472957463,1.0835102294387722,1.7052930687764922,1.255916858580378
-1.646331119414162,1.1894071423900159,1.8536888565143366,-1.6959492874086513,1.082700556837103,0.2252166150695458,-0.3271377095978294,0.10618284774919513,0.4432605696039191,1.1575850523338427
1.106014529454586,,,,,,-0.6108354062237965,,,
-0.5318855929429549,-2.333697974688466,-0.1584390502327751,2.0358594884606926,-1.8066911968238026,0.53293737547147,1.5677038118137505,-0.04942267967736986,1.928000319732121,-0.6598108189614814
1.4459400382797327,,,,,-2.344187087717185,0.594149926513018,0.4743005091753844,,
1.3575917467865382,,-0.5546451572045614,,,0.6221668898415977,,-0.044472443470655446,,-0.4210860362295192
-0.5095445347890393,-0.011321970470049783,1.5190901151819494,0.7909765131638664,-0.4095288614609081,0.8690129272813477,0.008573411840353923,0.34458834765612395,0.2536238214523404,-2.1102569754710068
-3.047435994744432,0.2266214208084252,-0.852861267836985,-1.6392625897743716,-0.8220093221674613,0.9246425286945944,0.3578256868236919,0.7717612028199144,0.45309555769896365,-0.9188319853984771
0.7765448419411262,0.5857396653217134,-0.1174833139336795,0.05884018857862683,0.7924658566845225,-0.7494493157116225,1.0878829649820752,0.5650939646483766,0.002257896705598905,1.5312364045611304
-1.2943315683170133,-0.46018477236839717,-0.6822507989349265,0.35809104640766465,1.1824130651008447,-0.9830219390269316,3.305498067237659,-0.6627562966884569,0.36068347274161716,0.002686302509253261
0.046156513549677744,-0.792411484420032,1.0675464745256318,-0.8539212546464721,-1.768929084065334,-1.1219974322274493,1.44531561930242,1.2504701878099427,-2.0072356829529028,0.8137295983205773
-1.9819329236065346,-0.02722785148012611,-1.207751559630002,0.890781536171622,0.5546609033192447,0.9795792578182033,-0.2952398110881211,-0.19132893964187367,-1.4992457889776019,-1.0304845988965272
0.9485334348499915,0.36726496380424734,,,,,-1.1791566190279597,,,
-0.7016467637760313,2.1820982252712184,1.9985578910685469,0.4303790205070093,1.1752617130943503,-0.30188679205786356,-1.2684812322594436,0.7957905175644467,-0.919310087999963,1.310220144184246
1.047858138386872,,0.17929588270336336,,0.2745640230963313,,-1.5145072239932615,,0.3664390003745237,2.7556600769388497
-0.09591115649868673,0.3020360530840401,0.3255035571790636,0.6507563580150041,-0.9668789263946639,-0.07721525277831162,0.8276594188783944,-0.3327634284194248,0.790188743786225,0.09671596797374654
0.4018710675549277,1.15113641358281,-0.22735559505146477,-1.4518512107532489,-0.26633993036097586,-0.8255551810876076,-2.125736051521204,-0.10668162717257106,0.19903065904947626,1.0207613428086477
-1.1393104562559886,0.0885260245218454,1.128091332050425,-0.5746472033798045,0.5362217592803242,1.5977180083529519,-1.8624142765828193,0.27265432103141635,1.16288987802892,-0.3507128405172512
1.3867599712212875,0.634221784795587,1.7693571651128563,,,0.30000002863192266,-1.3677956340381678,,,0.9986896373046634
-0.31060144971177517,1.8043008150594142,-0.3539676378874304,0.46197699186362096,0.4342832501386858,-1.3304701931955158,-0.1104919228656293,2.3803295760667447,-0.9222668894186307,0.6251575772841539
-1.1543825626278084,-0.9326891751387228,-1.41428773710583,0.9410709738299552,-0.871387608629096,1.2674941456650997,-0.5313201294400655,0.12799926095257327,0.4113808269688882,-1.6168763229347647
0.20364925026007388,0.34989778418688555,1.140016987305268,-0.9595033893998389,-0.8170218474664793,0.6595479624499588,1.4123919752164193,-0.5925025059941333,-1.2352036558529162,-0.31672813248486364
-1.0133230076326558,0.3977810993531105,-1.0798347766103733,0.9729047110032774,0.21261669331475416,1.004099941609387,-2.4233086184977957,-1.7581507104687844,1.2926726244807154,-0.7195209810452088
-1.4663827518899015,-0.20269840655254676,0.2423457471307213,-0.15801451942388756,0.4680141464928111,0.3325001860499837,0.2801513434293208,1.3483709881778494,-0.014180326612473778,-0.04358025252462945
0.8028114894682905,0.5526597077064541,-0.9028582425987935,-0.0921137470854294,0.438229098346194,-0.5868281402353219,-0.5391754559945072,-1.3914584985488208,-2.8827793629863554,-0.37407864171506694
0.1272857978038916,-1.0954141871348322,1.3778721449510973,-1.0467001743963766,0.9125305572860902,0.4186700383823918,2.176335392057385,0.5398393227570869,-1.4462760641144343,1.054366605749951
1.6975818349647305,,,,-0.21282818004713097,,-0.2959578904884265,-0.5810692145823946,,
-0.41231116673332896,-0.5865124689644753,0.3257476167915652,0.05686819249813196,-0.7899449274696445,0.264020624355621,-0.5572549334824026,-2.592259783705173,0.6680229032992873,0.5731841012521988
0.1997391261772232,-0.4424677225915938,-0.07206016506412331,0.819282647401717,-0.6318116615997146,0.859645814648972,-1.474847641512767,0.16816260394714022,0.025757450038373535,1.0026849877704216
-0.9189294294009274,-0.8098101480985058,-1.394494323059943,-0.566734456175991,0.25541797148428574,-1.7978434432742112,-0.44291250973272467,0.6107903529668718,-0.10287939069006907,0.07520552905547154
-1.5060991811596642,-0.10004559013353101,0.02868553576688976,-0.1637300052472913,0.15280179391747475,-0.30912545238327666,-0.4560374358920444,-1.0397708615336136,0.9744616139484148,-1.2266583460791631
0.15794700027741299,1.813197074671605,1.1014350285902976,0.5093647376937733,0.24974216556611886,-0.12777124825616512,-0.9013495210163825,-0.2538313729583662,0.5748756443304629,0.38971494781487126
0.7887224933035469,1.2196718650445633,-0.15845717287825958,0.1918514853321646,-1.8990713631272962,2.2561977750354685,-0.41384891019572684,0.6516925270120723,-0.41452723892661014,-0.4377453640626053
-0.23700191496421147,-1.2451186700974364,-2.480212646832914,1.1596900696096821,0.5457025570003714,-0.9158548582152976,0.4519104555156161,0.8239339969889763,-0.6930202827230592,0.41184795661957
1.0068032855870497,,,,,0.5570352537429915,-0.41088094943324777,-0.29518898935210347,,
0.5861461348536832,-0.23838055113140877,1.0812620096209595,1.1306700628835438,-0.022667769335268304,-0.40676118290816987,-0.4306080549201393,-1.7272601812410788,0.10055893245897515,0.08039625575967736
-0.8161319461637326,-1.8348111270047702,0.20628549597983556,0.3326230077137125,0.39464524001217866,-0.9899384601871197,0.39677308543097434,-0.17858251074282644,0.8644879032961217,-0.97482097689068
1.1502032120913313,1.5099863821231867,0.11607870051691144,,0.7838925725490965,-1.0257020522944749,-0.48626468279115204,,2.026894516365921,-1.1961062966152547
1.6377245549918655,-0.1932263825994988,,1.2180443521824065,2.0214494817414748,0.42284579164075303,1.1647469863827606,,-0.5294682949528937,-1.3524476485539856
-0.5155880845857873,0.5652347921020231,0.21214545954977865,1.7271027062280433,2.0547110355810014,-0.1365044153256686,-0.6796844101210254,1.1600358993963054,1.2642236397586115,0.4412481317859137
0.7055610621486665,0.5491526948711534,-0.9887566896626693,-1.2185715913640798,-0.050901898894545515,-0.20091544521264754,0.2769438068457563,-0.13122482734604224,-1.703264700880888,-2.112193250748729
0.7374304163690243,-0.6627904683534325,-0.23212440532931392,-0.5579746497377989,-0.9130491022651758,-0.9398518487633353,1.0198363734685407,-0.23915031851215263,0.6347642959326398,0.7690849056507968
0.31656414600726424,0.8020434760763433,0.014309186619549868,1.3638153884891353,0.8234164029758364,0.9564431925657512,-0.93851767178087,0.2632437869049264,-1.8350231302025264,1.401022939883155
-0.6233268130365852,-0.48470199686700755,-1.367363064264467,-0.036271654493873144,-0.2682522122632316,1.82269766633683,0.859235386966303,-0.5146511130489596,-1.6662329521125243,-2.283670512244
-1.0262532799485333,-1.3312165476206856,0.3486134189176889,-0.14494702596077724,0.01732627604876538,-0.9489219084819344,0.15203239474032787,-1.4204064808402816,-0.08829990904194783,0.8302471629608877
-0.36543278198875334,0.4436438240682888,-1.976864778570544,-2.0570847969129726,0.327258735596416,1.0470190432620197,-0.23823397349612635,2.1452084222595666,-1.4433980107454605,-0.6799838084387615
0.1400916980509004,0.46437484716863936,-0.5839027005248212,-1.0592649994288519,0.6202628652353935,0.13324065597104803,-0.3446210222082244,0.4988145583812929,-0.13634784988823664,-0.13974218319652795
-0.1765769311516916,-0.8210577534987169,-0.9227434819800298,-0.5257023196333621,0.03207097300419535,-1.8712735061590444,0.9447447015343373,0.018441257477795216,-1.0650895712542021,1.616595172135364
0.04179232896190782,-1.335148828920547,1.5717209138534616,1.3548681631190385,-0.9087810089069499,-0.32298011809581906,-0.4575869162633108,-1.8894687431026647,0.32468750589406287,0.8451454054153468
0.6568888131048776,0.03275380021457846,0.9421590602876091,-1.1353458413499715,1.8182815919130166,-0.7720821066316832,-0.6610076491734261,-0.5752157624080152,-0.6481467148564317,-0.19272405647228807
-0.23144481705556852,0.12963998463591486,-0.8186971393412404,0.16660435602016524,-1.0904272938877675,0.7324747199858609,0.7200700827037145,-0.00578691043936403,-0.649697121352712,0.31113331265100924
-0.887647162594006,0.03454023133646275,-0.1518152825544264,2.629908433664263,-1.2270525159847638,-2.667309956727729,-0.6375804431057422,-1.7155316191435894,-0.7266948609489335,-1.2976041376391683
-0.9045006625342721,-1.0649096590107445,0.9629514830972898,-0.04852947734505568,1.0754528031418928,0.04048148417039614,0.9285899229642176,-0.3021451034372762,1.5945520305423257,0.4709681787827312
-0.7798211209665434,0.619149601908667,0.027098395908505466,-0.20250768212911482,0.09602128384811984,0.7512497341153255,-2.1175125836644315,-0.3509404477272536,0.6826707145975639,0.24822726502305298
-1.1263809894012873,-2.367762370508882,1.7009266667958205,-0.18708204937629416,1.5140495087490409,0.7949627498227136,-0.7936135565568602,-2.5014337890836615,-0.4621494241944494,-0.03724236650221855
0.4506600215776027,-1.1108786066458753,0.1780065830526892,0.17764190757982173,0.9859531662616283,-0.3068070135976479,0.44275939628455846,0.28843694914343077,0.8755866731176111,-0.8199104270178882
-3.070855988088598,-0.23686301052294362,-0.2309662091167659,-1.1575188638821257,-1.508060709637813,-0.5747009551584255,-0.11487723791158005,0.09542788731785279,-2.2853055362966956,-1.7535399818052029
1.1295555205972423,,,,-0.0044036676660210395,-0.37567098099223445,-0.6185321511129627,,-0.8684871313317467,1.972017468022275
-0.3494705830363547,0.7896196190639758,-0.19639779878733077,-0.31211602714839903,-0.6360026343977543,1.345631994269975,0.37307189623110804,-0.7896091052196401,-0.39411001642771426,1.0759070112790377
-2.8385384124566087,0.310502220215464,0.5376014754894227,-0.7497464255742916,0.15459430706745944,0.5023098649645258,-1.231146494559163,0.8419352030912789,0.2973401200414749,-0.15297367391610808
0.10492838852220761,0.7071924028813356,2.316116461730498,0.6099464026719514,0.8105824888116355,0.1935268306632058,1.9016512958324725,-1.4659934833742077,-1.7374018064681662,0.15303272965259063
0.6601421848569691,-2.574615601511946,-0.0034356278524263926,-0.18048975863830488,0.7441581885099893,0.42873554132052766,-1.8082218548670042,-1.080057241555741,-0.8067896720369911,0.7389451359353879
0.3746462320152086,-0.6207246820215938,0.14454723596829458,-1.058006572766603,2.0496387006140204,0.5743574006570411,0.7861769764427596,1.376811034385401,1.0162431932180667,0.03152631132155178
-0.18496496523487244,1.2882844151786625,0.026535282286987996,-0.7490177845103465,1.9666324759021274,-0.9359278844863137,-1.73470507505336,0.992776358936815,-0.7312463906426785,0.4350966841633411
1.8172108361888384,-1.374846455204873,-0.04091537369126111,,0.6818864233980808,,,,0.39687452852853167,1.6493544959101472
0.9808635713866058,1.3217196002224765,-0.8995394968162634,1.2281747821876101,0.16959209097397038,-0.7457789144434442,,0.19024628815689923,1.8680885025232064,
-0.7808047943841131,-1.0114276118671959,-0.04739745079128287,-1.3463657307595698,-0.715355921485603,-0.2441913513310854,-0.4218853539143755,0.7269076023699246,-0.7378276174055538,-2.4699812446369505
-1.68577290933153,-0.017818135501191584,-0.5868032700067569,-1.236671731958097,1.9584513290893593,0.8287501213863547,-0.05842716014325442,0.2332972424992021,-0.2651410110069842,-1.2538152446952464
1.030720286390817,,,,,-0.3217312288559426,2.0972653386314333,1.988744666259444,,
-0.3402704314091949,-0.6113323730472958,-0.9207605125604467,0.5068571116919247,1.9614414367255613,1.5500818898953135,0.7891769949069711,-2.407111917968641,-1.8645494833922944,1.0641633064952398
1.6193734479288204,,-0.3055803150502574,1.3523010093959922,0.753593771878911,,-1.8565691072615604,0.34333991203171665,,0.5274484304663648
0.9482447316226585,,0.1060751222931572,,,-0.7676391182597851,,0.02344640246961203,,0.7310589303796748
-0.1642468860721937,0.8536892601109091,-2.119069926527292,0.8575230264849487,1.3368949439531288,0.43854783400172864,0.03001898816790852,0.8652032993368507,1.2714282587409156,0.5229265678434162
0.5976411809793231,1.6569418741662927,0.7611569856467785,-0.8002591327204994,1.2666419019075918,-0.12372128983951212,0.033283008602781175,0.106880427423625,0.9688678676558728,1.7488529076562365
0.024421442112682986,1.7312621101124852,0.16458831277057775,1.4021679437229746,0.1984330715341201,-0.49242365645737324,1.922099067766753,-0.5878847987803951,-0.6548090781688128,-1.2560402955443224
1.2672675192023608,1.5034472994333248,,,,,-1.0304685970840004,,,-0.6051688271835238
0.29173388315108983,-1.7763221997413345,1.6791810577968311,-0.39141157852714514,0.8702488839740117,0.18868502143664276,0.4024981175535025,-1.1319843934767664,-0.7605589841867102,-0.7378534140418211
0.025347426040775483,1.326155580504362,0.4332548398713689,-0.9003403721157077,0.08733397526140259,-0.08063383486015689,-0.35086510089874773,-0.01541652581970793,0.7637119213395795,-0.7199264184824369
-0.3458910036660085,0.9821208028928136,0.4689627733559996,1.279111813615516,1.4358497175966412,-1.3605411201887156,0.28829778761040126,-0.5079566275518538,-1.1987190680186768,-0.7891933840988264
-0.300768349222831,-0.2945206851702115,-0.6068886882310286,-0.01364139511847133,2.4466461978893097,-1.7252185950132546,1.1371769173210577,-0.018374313344588094,-0.4378788471572448,-2.018210076089549
0.7627633125741856,-1.44096749732598,0.8278939044212705,1.7413308689937548,-1.2828037635931901,1.1683605849574012,0.02543936474713427,-2.0942046318412886,-1.2048168549475424,0.17822664263854127
0.40118324563296187,-1.5806912555990025,0.03170509365363808,0.8235559603481227,0.9985755194193057,-0.4128359672657736,0.4384687785565753,1.0724353864642948,0.8524559792186709,0.8914372153291228
0.11350661563375239,-0.09451773704258477,0.27211357375491674,-0.7637687190018663,1.1120949930763728,-1.5304045567680902,-0.504310311919071,-0.036242816692347184,0.46967949893652045,0.6575285150021983
1.4889861572958767,,-0.7179858498296258,-0.14503673151583202,,0.5199334633694417,-1.0669989976076355,-0.17542972112430152,1.6226620185250187,0.17985213093467198
-1.052932795757408,-0.3397846170427152,-2.2329832775357636,-0.0588600833327441,1.6476813609402634,-1.1866029673884124,-1.456046871114051,-0.6532600167504974,0.9213163403295124,1.704637584196864
0.44821215061289027,-1.2859097211106185,-0.022224872626710527,1.7894254820903963,-0.31090070188514457,0.1404725051754363,0.2405596039990614,-1.54586295916699,0.9979467126202256,0.8537617494964594
-1.9935403978529294,-1.3306516183688983,-0.9697001251355809,0.7483492462588748,-0.7511120701723841,0.4013510992555993,-0.18177499533404423,0.07117175298314064,0.49593542958198783,0.27233412140104685
-0.01897187556716511,0.3270804293008874,0.2169720771883846,-0.20966697129479356,-0.43123540510627817,1.8804428180286301,-0.442704891862611,1.366994994360372,-0.6851291466682655,0.8101745149746348
1.7837582299786434,-0.33750648687751095,-0.66739215574352,,,,,,,-0.20043882545249336
-0.6201013771395222,0.8305111675805551,0.8464357994936189,1.41248937690785,1.9278637590493328,0.3462720202385652,-0.2882542455432438,-1.9022370670391793,-0.9378514183480544,0.2085617683328967
-1.1809418465691557,-1.5851217546914538,0.065827894951539,0.7767592190756132,-0.24647804588918623,0.8967876027269497,0.6165829639240712,1.1492333130986592,2.1734384583955917,2.6140266406690955
0.7316711165043761,-0.45985018990876947,0.06183588652156771,1.5732545851272686,-0.8932249552925694,1.4476610966426298,-0.16992405991785067,0.22712595147916922,-0.8076875617602703,-1.3237252025914688
-0.27883600756127996,1.3030116943355474,-0.7019605602850594,1.612521160020552,-0.5728733812651744,-1.0682271563811259,0.25363704858107305,0.6790719877940862,0.18808791652050877,0.15095339559197893
1.6029602109413394,,-0.4704067854089067,,,,,,,
-0.13699827306465254,-0.005652475173104181,-0.4555382847366319,-0.3558473656683313,-0.3504892306963654,0.9107280780043294,-0.08817059256739312,1.3593124126093414,-0.11627715999444423,-0.3670291509426011
1.2778750041065372,0.021550019626334203,,,,,1.2494839889235163,,,0.23768483642294919
0.8825756619804925,0.966646236679964,,,,1.116485369737188,,0.10472772510249213,,
-1.4947651696910236,-0.2776108938522768,1.1958422843464558,-1.086207171125085,-1.4698580128777539,-1.7205089878778843,0.7359442841916457,-1.447604725280935,0.5490303260169846,-0.3280865836401776
-0.7705981836478748,-0.9987223254239641,0.20629084067694553,-0.7541578142475256,-0.00497280969399933,0.4014063867732146,0.6126612341642417,0.9343204118063413,0.16472834528712296,-1.0500900523095997
0.46572733492027424,0.6562036422686036,-0.18155923056207843,-0.2879031284145349,2.4751773853640233,-1.29305116830348,0.4936743719428874,1.0460314463831493,-0.3412652412228724,-0.1685167519008272
-0.4014666307291741,0.00022231286408052955,0.8994925626872124,-0.19820795390176538,3.1105921390630384,-0.45273759254281193,1.3775151656656583,0.543924862372721,0.108473121143375,1.4707610943575977
-1.6000762456567992,0.4251784584665846,-0.716379938328155,-0.4359879351051745,-0.4830022920360071,-0.9638242931224077,-1.6525801830233464,0.38878423552536284,-0.06586988341274394,-0.30059131396685684
0.7591746880797648,0.4519348219505278,-0.2668364545786087,3.0509236822273977,1.0179887158739134,2.4448007081092404,-0.4149549242066796,0.24969912103018654,-1.2382692621706648,-0.33047831476545886
-0.5839592746330499,2.9955052466568364,-0.6924772977057707,-0.2340338168084225,-1.4536703068623935,0.5337233677588661,-0.9002254100901701,0.9185457290263356,-1.7883246075478243,-0.12162329009869455
-1.845799900420517,-0.49051295675173257,-0.28721285068378954,-0.5990314643235232,-0.5002162657906308,0.9711682693573526,2.174454318542742,0.33930720155955374,-0.8600435910170092,0.06407743931271655
-0.3542691660752306,0.8893928645978898,0.28786122683975823,-1.577794948111944,1.0979354877243896,0.9668405395509013,1.4950287035678718,-0.5164409008308182,0.3009737769151125,-1.184776675126419
-0.0512448080364974,0.39698533759904536,-0.6360557713618591,0.34233998143219935,0.16800009413183298,-0.4498364567002642,1.3974714060712328,-0.23444276910095033,0.132848724678023,-1.4669032492321297
0.5191910720378051,-0.47689370840952616,0.9572109694752086,-1.311146235532862,0.4306969509927208,-2.1820561918120336,0.6158680983806648,-0.17480264077171226,0.3993535091474883,-0.6001625196308872
-0.9492990987223658,-0.43450311468969866,0.19201199223521226,0.5765706656608327,0.30384362677984883,-0.9367607985026886,1.8376794179293596,0.33281407291950144,-0.6223645085746021,0.4242202051664839
0.2559872790051715,-0.17533323613792748,-0.2927886495314505,0.9848712287398383,1.7278476314627838,-2.036003767156134,1.2305355759830512,0.019929523406616915,0.23669054382762458,1.3516423300834972
-2.6548088922250805,0.8147894092543744,1.2824970617344205,-0.6886167406501494,-1.3939530330535843,1.6399288161803287,-1.756391735801677,0.41864979537982216,1.0231083463913953,0.3965990052496025
0.5646325899934531,-0.26501960457467,0.4627206918824197,-0.7084685958536481,-0.578944453594594,0.03554576417197056,-1.539843865151051,0.5770401132618533,-2.4807383741296927,0.3628154653732807
0.4568719508736303,-0.7945203764477966,-1.233966138990936,-0.40816972203649704,0.6396772687485669,0.34569911539018205,-1.111533108890007,0.10568109397795517,0.2619567882109054,0.2195700801635389
-0.9865913169195347,0.15570273023912937,0.9177450118919417,0.5369617191750631,0.4114799149074398,1.6426825677039048,0.16779112903878252,-0.8419090709456271,-0.838741845462897,0.17602717694239586
-1.4375433705443506,-0.31098287272971775,0.4641736516298852,1.171145002768065,-1.5440137472672566,0.0990776189687754,-0.0682361134186767,0.03750570108252711,0.14156550558616898,-0.03166699710917521
1.3922089505320616,1.2439967164287815,,,,,-0.5194382246516097,,0.8685250884605775,0.6755147446347478
-0.6644676822124849,-0.6590749074553488,1.956464044110532,-0.8319929844420818,1.4165246666248346,0.4045760482252575,-0.7325989391038081,-1.1844855600758335,-0.6889194153424328,0.4176316140348137
-0.9096279940407984,1.5544103617133658,-0.20786046860077745,0.7004464584102765,0.6197110916381202,1.621900780631926,-0.4379703488142235,0.10608226727875811,-1.4013944935239975,0.10314821838983423
1.1400115630792627,,,,-0.5404124033513229,,,-0.7989809406903704,-1.217009205285858,
-0.06052317834967995,1.2051096502696572,-0.09906848821849237,-1.0025197867431639,1.5593177156879934,-2.9446407983737357,0.03846555891285745,0.21760749149653952,-0.010287538169105666,0.5000918803901798
0.1106902178806981,0.49965996996099526,-0.6022192957730058,-1.4590524043906488,-0.04635328516936294,-1.0265246760087674,-0.728524841720914,1.1614812410201583,1.5579977955147606,1.1427061072303937
0.9573815707063207,,1.0154439738740972,0.35561895123829007,,,,-1.2642926226492786,,
-1.2135428365081897,-1.282623816726555,0.25213200105780265,0.3545251572362755,2.4504789947345413,-0.09129051445755122,0.7725397054754485,0.16087006016667765,0.6888980599656469,0.14366348244046814
1.0996168722418445,,,0.4174031220790015,,,,-1.0382368027563182,,-0.018450014617877743
-0.2101058602858834,0.7479753943100297,0.8154641226942106,1.1391266853922593,-1.3329735000426712,0.5361067817367328,-0.29318604440751933,-0.9210284775545601,0.048112848002119527,-1.8112422037918148
0.9229309870292337,,-0.47750095600302606,,,1.1406818313032916,,-0.38220619118437,-0.21655666998767248,
0.15931344663527092,-0.7238732944559386,-1.4042820043507525,0.5262274065669381,1.5472750796642005,0.04842075734077664,-0.10328550042325643,-0.12447556070543903,-0.5159508760580694,1.17009742128588
0.09404975834877029,-2.178640722318831,1.1989539546199401,0.9538349160358454,0.6016009906454414,-2.7554069100770024,-0.0029483226872044107,0.8934279822038034,0.3794993916148364,0.20515135090880163
0.8955126840553808,,,,,0.8924136885820126,-0.398586931296895,-1.0972421521147606,0.0038013645058180908,
0.9253625328813864,0.9308995216674001,-0.06864817446091305,,-0.5921159444946424,,-1.6411240062531611,0.022759236465739074,,
0.15683560762429954,0.3778357904622937,0.506465042834075,-0.9666430304059205,0.5155867110692699,-0.5345065583129499,-1.42758346082459,0.9519573083298543,0.6646148093815174,-0.966562455958737
-0.5437974771415511,-0.580012418041423,-1.6435846389722677,0.7624297376466175,0.799918408278537,-0.33260956497032523,-0.028125561597194093,0.11469797122315951,0.24439185860744117,-1.3475291994369099
0.48844459922340216,-1.1755072610484,0.6813752134478976,-1.0648801703018145,-1.3001087486653005,-0.02803855979778052,-0.050505224217195686,0.10374664265323452,-0.8927357324984792,0.2028177192279567
0.2969916802904202,1.165713305457617,0.1850327218369142,-0.599392154489617,-1.3470622058809103,-1.5302609105078953,0.32297813093680433,0.7931988705190247,-0.8902204445461623,0.2552635980681399
-0.17421868053189116,0.7182675355621152,0.8660769117668827,-2.2662126433002143,1.0321346981632022,0.2521969631218891,-0.5313559806405643,-0.503462837378442,0.03174740417548497,-0.5037487892325586
-0.9370036347180899,-0.7077976530963542,-1.0401619503196824,1.346568446559882,0.055904815270450145,2.2528430919500066,0.37107637035834673,0.588908254107944,-1.0616052669576297,-0.21820893626891905
0.07269130725085587,-0.637248639115465,-0.46480102654614863,0.42014783237918407,0.4397597982588924,-1.3369452755522226,0.28374090144324776,0.5530151824456233,-0.5902768401417914,-0.6919138007082076
0.44146914006430105,-2.5730873547858444,0.002084470507092254,1.6344279046123014,-2.5963593138622114,0.8228748666721589,0.5444224477682887,-1.4381008292083342,0.5204888576231634,1.0014198960975973
-1.176617199194926,-0.7072243387000603,0.026107110641012236,0.9776701464987709,-0.5411184020449537,-0.042090733039248804,-0.6648937777702991,0.02455762854340868,1.0466782144776707,0.10589683736941043
-0.3574591945904208,-0.03275669676853363,-0.8006255588079294,-0.9943920707958522,1.2034180293342038,1.6377096089940597,-1.791511380311797,0.5821294945320687,0.8589334714906841,-1.2116851319489936
-0.47175514444190453,-0.5770462583888749,1.900946760415316,1.6524502163826356,-0.9211768129693929,-1.4592481110440385,0.772976961765939,0.5439475201306795,1.2439935011926322,-1.059074571846563
0.7235410204822901,-0.7317592213050164,0.6231634970066948,-0.037119333672903654,1.9006180029688753,0.44739369550005736,-0.31399431340248285,0.13793340736099136,-0.10051845689141516,-1.1544363373353401
1.9248921543239772,,-0.17630346404039993,0.6998807319481566,,,-0.30739140774721424,-0.08795721969845831,-1.7175344472405853,0.7747718432115515
1.242845234072603,,,,-0.9978122506627974,,,0.5251794274872086,-0.7638661928562537,
1.3231234132518113,,0.3284587403256437,0.9130268968292327,,,,1.5112325790186012,0.6692888563993621,-2.002377281168779
-0.7156185460664132,0.7510421004504363,-0.40017265563151627,1.4403546763581532,1.857924013640533,-0.5902451660838568,-1.0325026704167284,-0.36118234934605215,-0.41891725186811296,1.5360882878783755
-1.0353344182808668,0.7424302052748504,1.3878379403471885,0.8192204299495043,0.4364552710486143,-0.1622111877132452,1.8489766318616163,-0.24525565837136334,0.948284317472521,-0.15873520106004688
-1.841703083068959,-0.2696427108231888,-0.15628382964222606,-0.14339514957622035,-0.6603100820157913,0.6257703518803093,0.7370894823430476,-0.3058189095149944,-0.3142155182991387,-1.050688262620888
0.25436233453691187,1.377919395197816,1.3786171322498553,-0.5991491217316725,1.9911917670270995,-0.3621714008905693,-1.015939698469693,-1.361846310617986,-1.0762677731843522,0.3337498164556771
-0.25746412476765307,-0.63200787293126,-0.847395060319414,-1.0861174567540721,-0.8898688046263595,1.0153936718531409,1.803336515473208,1.865160269819391,0.6870869281943682,-0.4922760331906505
-0.6678134869487954,0.7561398271851035,-0.2463582022577131,0.411916545934652,1.930437985701149,0.21682857855558008,2.2778514510464523,-1.1268748166546567,0.44742240703576724,0.31373652056004475
-0.984081271321006,0.8016555455671923,1.5308099945178637,2.202669817231093,0.41128985722026773,-1.9001068220141835,0.4769897559945693,0.74195958149375,-0.23518599760965672,0.215119275433445
-0.48342632454889223,-0.13369560789033313,1.017486985312624,1.3890237402016365,-1.2707089219342524,-0.5113223844313154,-1.5884544918435681,1.838324258818206,0.8707795194891192,-2.0010033999191803
-0.06453476245946102,-0.2834590721501699,-0.7559389441975091,1.036277317036397,1.0133868424737364,0.2694516096816971,-0.6416524415197875,-0.6332480292666243,0.043926750701900386,-0.4571363573996206
-0.005821454117078409,0.5580810961836272,-1.5335284632336017,-0.7581842841854047,-0.0336929608187298,1.5653448972236796,0.8453335500072522,-0.003584025583877192,0.4023087071149271,-0.10150386771522495
1.0772237738493302,0.4337531513945975,1.278800244383269,,-0.8061905400911277,,,,,-0.03307525236381594
-0.07792198916473564,0.23783861242040305,1.733260621288509,0.8762756143384679,-1.6040143215323632,1.5337594472768745,1.505863024410833,0.2630745671988689,-1.6177652478781663,-0.15161897565363683
0.46872798791005604,0.9965510134041364,-1.7704477912488932,-0.7691045476676663,1.0980164114413735,1.501765070677553,0.4305274326631392,1.1485122136202721,0.45528127100631993,0.9630847581139547
0.14512227513246032,0.47994854321821684,-1.2217785933831198,0.7221372659725718,-1.252352847885232,0.7210160659805871,-0.43898303698163843,0.3699883039639026,-0.9527967206069873,-0.5036081874069511
0.36797091938043885,0.7543316332510144,1.0937911771589663,-1.1500736638399,-1.501132819688077,-0.9753063319064694,-1.0656082226952288,1.5668289286788983,1.3402080969802712,-0.9966167331842901
1.7103090860835093,,,-1.0302323300470801,-1.6592598522933881,-0.08658164540371352,0.01741212405689858,0.015539847100134492,,
0.260154875825153,0.6222224861501321,-2.019811296229976,-1.281132017832763,1.022413139919591,-1.224353217238137,-0.014699165803902608,-1.3195433810721482,0.8314819538599876,-2.0169825604534526
-0.3044590057879007,0.9403064281783567,0.6100286049755275,-0.46411237060836963,-0.6986821427588602,-0.2328965247489081,-1.2893510827935462,-0.10000741316607512,-0.0828759647099221,-0.41794925643837544
1.0003476144679113,-1.0704836238451765,-1.7043874172568343,,,,-0.1511620159446582,,,-0.4883461809004396
-0.5671973260030546,1.0980855654873265,0.2639158534832956,-0.5325634925843347,1.0950130576362413,0.4462785885648339,-1.3575436031951795,-3.241672817878376,-1.3262345859312439,0.5949346183951217
0.8914850545821161,-1.6602306146947008,0.6586442157705474,,,,1.351882468002411,0.48836591161140785,0.4549218898004083,
0.8202563633840034,-1.332406720550684,-0.13867742876492925,0.5398835383246735,1.4082148612625556,-0.4779381774875889,0.9665810523369827,-0.19717859769749094,0.9870589363405647,-0.801352105736755
0.7259715713431093,-0.09533777097300156,-1.1851011860610572,-0.15329761377518725,1.3217112210200765,-1.019204919649232,-1.4843174378772024,0.3987425232654315,-1.6777981022783872,1.5633549608976416
1.5381603648978048,,,1.664661667791436,,,,,,-1.7934639640876766
0.14592376448049135,-0.2945084966017974,-0.45219994191751256,-0.1656541556254417,-0.579545248905348,0.041674142271552195,1.2835690915661258,-1.0618528189377991,0.8625274128373749,0.2152422137541029
0.3741264332786607,-0.03070886265467124,-0.7174001070186679,0.44486369741550363,0.518839297423519,-0.8004693432129621,-1.3385145487125059,0.0853079601757378,0.7547208439553558,1.005090050142526
1.2033232233270192,,,,,,,,,
-1.1514693017239295,0.7755936926674768,-0.8333446735086815,-0.6761820213704531,0.09503572663339595,-0.9311872114942111,1.1063299275807599,-1.2568301265239807,0.0015239890852201355,-0.7485850299949548
0.15618749547137054,-0.49746436372402136,-0.02365186515109181,1.2212809158058513,-0.6874464477480405,-0.6957703825869478,-0.31590089105597763,1.474019380783673,-0.08974268279240716,1.234202609395989
-0.1769114225816663,1.1896370232870916,0.4073915553283678,0.5545664432075987,-1.435768148489164,-1.5841474904176065,1.0702015120282002,1.0577714140153047,2.4214552379339294,-1.4859530114762045
0.48579941884012473,-1.0238209716850253,-0.7406011268317043,-0.5022461674314488,0.3823550409214328,-0.664026073090298,0.033656192070407306,0.8320342374962363,1.127973316707375,0.6925893194466352
0.45186808154588454,-0.141633679336966,-0.5689318929450766,0.5390115309989983,-1.0509090563574768,0.1191287224448039,-1.0756772987787948,-0.04127818669181982,-1.0537102564917884,-0.40056353819993185
-0.675953013986141,-0.7965580293734599,-0.0873570180777389,-2.423801502546067,-1.8024787965978253,0.8037126389916157,0.1474787925089596,-0.7233666101398996,0.9739033630732511,-0.6391774699553207
-0.5796933154921361,-0.7833852750993312,1.9066187707246574,0.2351017345721631,0.19571087418218253,0.46640098562108734,-1.8527094911146027,-0.5940084682553572,0.45498686154256274,-0.004108484037956215
2.2054187003212378,,,,0.14282090116395402,,,,,
0.5856456041829127,0.06309632976690367,0.9704010784256346,-0.8659899984632151,1.4683876083068264,-0.9879150759001204,-0.1078391953189768,0.6808737536917654,-0.5149530947818145,0.7490051045747627
-0.34278544056933374,0.1181330267237083,-0.18112855497657682,-0.5768159252954013,2.251075143083408,-0.8397476019251039,-2.2861121355448524,-0.8036362590384347,0.13129588857716865,-0.3768531008803232
1.018575658528367,0.9821838001750677,,,-1.2831490342543834,,,,1.4213027867696928,0.3428331414857675
0.045667930631577265,-1.0407726192025808,0.1817376592877189,-0.25852413317629186,0.23863672864974514,0.7270978277516376,0.8981236583877154,0.12889061145532615,0.5119229289718692,-0.5119806592331401
1.1325692578649686,-0.8871237688405786,-0.20746834917486945,,-0.4816624236407643,-1.3407856674764764,-0.4107502487046478,1.3917342787125624,-2.270736260677002,
-0.6340035274000658,-0.16763410164223533,-0.34854401672172486,0.960483251719391,0.05380805380002453,1.0105347676520502,1.2841314713453162,0.029897005591374117,-0.3594978422995192,0.37718389867161645
0.5701869528842484,-1.153290760391153,0.2360638084442118,-0.25355962542200916,-0.4203484640402984,-0.6909449776543308,-0.625720155599829,1.2556408512107744,-0.3639925295704163,1.143758508569315
0.1310265815368399,-1.1327146225648415,0.19076806633558357,-1.187919559609834,0.6071456327936519,-0.207773351942314,0.855181841096565,1.4335458499995466,-1.7353451327693319,-0.4611455708507674
-1.2094600013396528,2.158261217306239,-0.44031239408970085,-1.3151122536130395,2.2403386304834134,-0.7260728399795893,-1.6218606648588525,-1.158399237928,0.14319118590890553,0.04574742873092027
-0.8360025977655835,-0.48504775635180314,0.05308102561752765,1.323912718668183,0.3332789404714951,-0.5631658532600368,-0.22842509029738453,0.7697099310372209,1.6800668868845343,-1.104608610837818
1.114109541767981,,,,1.334174626298203,1.4533573417059495,-0.56908251730049,,-1.7823589544627456,
-0.02838048350362672,-1.5522772485686136,0.2047407577514541,-1.3894357560623771,0.5574966800723845,-1.0828062730509687,0.33706916839785284,-0.653032473787109,-2.3656991927847506,0.9961613059349705
1.0509343891101142,,,,,,0.41679814012023036,-0.3576571274890048,,-0.42994800737373934
-1.0655539989172016,1.2197403402596758,0.5341604877751113,-1.8616195334544845,-0.683665468585005,0.7576409855887405,-1.5638245855746444,-0.7529331925029196,2.6615096181330298,-0.3310838862050807
1.082693788082359,1.5004669982561014,-0.908497429440095,0.2663652877969503,,,,,1.7970970775225346,0.016673988306843534
-0.3274800670079895,0.6400406915527936,-0.11145846275475747,-0.08456876836956581,0.48519261912768863,-1.807734043306458,-0.7986561854224704,0.7226430604933176,0.9915304215758852,0.3572277083999915
0.27587055018568085,0.4023421228016666,0.9577984191847956,-1.4262280038595097,-0.509473990046832,-0.07442908252874762,0.19578969570162097,-2.109638751349016,-1.2573935693045972,-0.016660476090602703
1.013140718400172,-0.4190399462296813,,,,0.880898468553479,,,1.420596274722949,
-0.9554794776029498,0.39570359864166116,-0.32666937755649134,0.619064126750466,-0.8756884517596438,0.8718422024518231,1.1949514857672319,-0.9473427387423589,0.06770014671797596,1.2159650047172181
-1.0013625981567575,-0.668826611318101,0.6617380063625091,-0.16068913005941426,-1.5752747701719036,-0.320219607425495,1.7464404686428723,2.062888339767829,-0.6370864117446028,-0.9133017305829748
-0.4580119568671684,1.8019004212337544,0.8420937024676449,1.464085132591689,0.9986817568981882,-1.3193641842250454,-0.9488478296219196,-0.6961731444863017,-0.5219746909350105,-0.6783069929496
-0.5619648698394037,0.6404903300269773,0.135796348587054,1.2197780781704188,0.25183831515693467,-0.6762764561108433,0.18846195148480294,-1.5113104631361634,-2.3118372071381894,0.6432121633028065
1.0183100587941716,,,,1.166925030104652,,,,,
0.25270415334845436,-0.5385249123933669,-0.4239610422959826,1.7178457651367893,-0.04807739341491185,-2.4529554847589425,-0.5354584434120038,-1.0014517480805143,-0.13921970054550584,-1.424432397938965
0.43363162729290916,-0.29606652713283477,-0.4757125603854815,0.14961864137393213,-0.07665684778663832,-0.13471003499750286,-0.2241866909497255,-0.020314216603575637,0.34317607162868735,0.217970296988696
1.126879578546892,,,,,,,,,
0.6491632026667103,0.32627397375907247,0.8040980138845124,-0.9993429564855663,0.48891663541770936,0.013353032704086863,0.12489552988312355,-0.36231880202337674,-0.9530303395596177,-1.2151529681326179
0.32067180040561793,0.4978516734690871,-0.12957027610366778,-0.014813524355927483,-0.7202107280616544,0.5030617517382614,0.06062558733144797,-0.36561383254261803,0.8660833971143772,0.6450194441340833
-1.53586894730235,0.049150477812034264,-0.958236346882068,0.13952160503221303,-3.15184614057909,0.1971440746216489,0.7119838208411419,-0.11079142633625837,-1.1647185055181577,1.9563703208549612
1.155960532646818,,-0.2610238154693711,,0.47340066368934447,-1.3692386953127913,0.6663654360120305,1.0259419236757006,,
1.2490167343917755,,,-0.9315338035528866,,-0.20291257252040443,,1.3399922849525734,,1.0182023278701329
0.8688331860235569,,,-1.0595034123643294,-0.41439415065527285,,-0.29262383860270846,,,
0.8413238958682041,0.04454020783604206,-1.9045611449334656,0.3854680888474076,1.5817854003621288,0.028927294116091875,0.9869586244805224,-0.505123658396434,0.5657490603803771,-0.7445892192531699
-0.2464990236867204,-0.23862761549511355,0.47669009632447673,-0.8241568116922442,-1.464884784556007,0.47011218062826243,0.4325254075428226,0.11248653030158272,0.9328883581451364,-0.20263846935834745
0.2813494378557904,-0.34991874381135796,-0.25861163529318837,0.3402164210887915,2.2666095289141754,0.7422976052457452,0.5486092496747569,0.7734394070681397,-2.3477778671933778,0.3191778387543589
0.910473691849177,,-0.04317602995444549,,,-0.8334954535324218,,1.5016677885466418,,-0.8499943785727067
-0.6684124604359205,-0.749695164058005,-1.018556131618258,-1.0024181920716115,-0.5154948762809228,0.8744775262070155,-0.7178352484960169,1.0530802197635976,1.3674678506273976,0.2850964908938784
1.2291308519186923,-1.361260295329189,,0.18941654822583828,,,-0.9988453498052485,,,
-1.0426262865350366,-0.47655044504129856,-0.24552646278799062,1.4475444652791312,-1.0202319087395249,0.8151845523581985,1.272135338147079,-0.5125946490995373,0.25989310171176616,0.5759363168126841
0.41100462617237526,0.08214322129194503,-0.6788259158876885,0.6624565916340586,-0.374457890340829,0.02865093375864512,0.1758183071507087,0.8559892254411526,1.92794120579788,-0.737785120469242
0.05257472092373833,-1.4844169826529419,1.481441923890553,0.04384944586802956,-0.2996775297763126,0.05222605974470675,0.10276351199484657,-0.7318394626587192,1.1879702204550553,0.6447397289052259
0.7841703447973206,-0.6800096253014871,-0.7341137290144423,-0.11355071560417118,0.7999578897940776,0.5016958024728274,-0.7776846409322652,0.667761066701399,-0.9721209238266373,-0.6616190848320735
0.15772335763370007,-1.1714732182752468,-0.9635285278168325,1.5521215472324952,1.3662659753556974,2.2897158812832927,0.4505729041273986,0.6447643562589721,-0.15495763526205425,-0.35044249835492297
0.8719155144448865,,0.786653496438543,-0.8398138225664181,0.39162402213779585,,-0.3244998555075754,1.6362266473328106,,2.1686965954356427
0.549534350628782,-0.46611276589368184,0.0682161214440391,-0.6849644184819287,-0.5469140164585738,0.07329579352648175,-0.328920965680554,-0.9329676322655271,-0.22141048802024532,-1.3146147779691062
-1.271814661565109,-1.282053791900146,1.6713246009194715,0.4056240037619178,0.5958570524183764,0.011260967478881256,0.5062821339863407,1.1758459412813125,0.4078194169483068,1.6403300265258556
-0.03718540490946725,0.5989125586419655,0.7040131328484895,-0.9320451485257982,0.042740965109547016,-1.841421305735764,-0.12987462931271052,-0.2791175690205619,-0.3389484590961753,-0.4075139037393977
0.5119742533438816,-0.8858309686698803,1.859990286189816,0.5674811638447057,-0.8029655728581377,0.6472161155491511,0.9948529693931075,0.36911749239434616,-1.005806340343887,2.2372870018620667
0.6394744155177209,-1.2475795641449765,0.20911508912272142,-0.2203175014938264,0.006427248778486952,-1.1937164868787256,0.054326499719752126,-0.8312527617665606,-0.34953944720247626,0.3874439872982207
-0.47663263666620753,-0.2904217803307468,0.8202316556367192,-0.8885971327967058,-0.6484209097799453,-1.254589483474124,-0.8228634247626638,0.12912422948015756,0.6394638685059264,-0.8061671530227877
0.6098122805781236,0.10521529218537783,-1.3826026750814762,0.17456036753569826,1.1943572273624976,-1.8921351467975909,2.005205483251406,-0.6105182458144561,-1.6491056179268466,0.13842356797652583
0.831087034775884,-0.28043342898083934,0.3115992685970485,2.119736788624562,0.20565389931804964,2.9824875847078562,1.2646305789604582,0.05153531908078961,0.291537254086121,-0.31943469936604146
0.24957795587465767,0.5615578295268243,-0.4041499448259403,-1.3799713232809765,1.3212786812378963,0.9734822936710565,-1.4170889179886805,0.1709910769250503,1.0270726649257955,0.9237285988845035
-0.6939701846262885,0.9821167503311375,0.015097261886100012,0.388677148900106,-0.9194918848286839,-4.257009288247994,-0.7773285141714626,0.5365771013598014,-0.20543229171832253,0.6501908890002116
1.1061496481152924,-0.3305206589480768,-0.42894891219097825,-2.186856492242892,-1.5476736689047896,-1.3399295731224037,0.5566391982741611,,-0.5342345145319092,-0.6487457133924884
-0.7789809937992423,0.9234609644381288,0.09334659707331451,0.9913270291483107,-2.19338618764096,0.5327334862193163,-0.4837928890854314,-0.28147289114659385,1.352826202409593,-0.3898498423907603
0.4918964840416902,-1.0179454338200378,0.036110156221710585,-1.5912467426429304,-0.05731102236315014,0.3854085388217769,1.1063744618850997,-0.8178938584166412,-0.528964058859165,-0.6441215770132318
-0.25401021704565135,-0.963906243010109,-2.1572183797743083,-1.042712261710434,-0.04896201563706858,-0.1481007453983979,0.5521194227676057,0.8421939971568744,-0.4495519974062408,-1.5857393105107
0.40321931053225785,-0.009809091653638871,-0.258442860940471,1.2204250437782804,0.45054796700316324,0.12289933087278894,0.1638841903756143,0.8497061524331356,-0.6895529323113454,-0.880219392664407
-0.2341349984162031,-1.1779358234280355,-0.04541896216556875,0.096951246178967,-0.06880177015227598,-0.3614176840779897,1.6530104189253758,0.9406611403426589,-0.09713983776609775,0.09302793991470293
1.3763444154095885,,-0.9655981955363109,,,,0.8277773451180905,,-1.408449682671205,-0.5845673580369569
0.5818412626718295,-0.9218966804693111,-1.9338350464862688,0.14426944786343035,-0.5670839824261295,-1.7270893908433222,0.07445133415658964,-0.3862727111762711,1.6759827214733976,0.08884367409890792
0.5860846148970307,-0.01722979003169727,-0.5975300497724231,-0.4876135478765502,1.080958721709788,0.7477889501177114,-1.4886289465782725,-1.2486061896016452,-1.1930758925458764,1.0600997442730051
-1.7313739606179412,0.7864879091783632,0.39835736960423607,0.1468130867345109,-0.47299413021175146,1.188616945055597,0.11346812995905266,-1.444208810863745,-1.2113225716252298,-1.6447577725929852
1.2003341995299794,,1.0862765134458998,,,-1.0540113125272748,-0.9888732017440667,,1.387442731629602,
-0.48833616791253404,-2.2365584478859493,-1.16699058757636,1.1886009005703337,0.23162871272810104,-0.3556462122823209,-0.42536560834954285,-0.7508509731166786,-1.2037733498998382,2.0720634139637366
1.718483243097777,-0.8218662759746158,,0.16901834495488696,-0.14746812595435196,0.62814231103336,,-1.170025631498784,1.2802179861001273,-0.3531620683824602
0.6079098601199859,-0.2614655360124208,0.9224901710446697,-2.3622947224310478,0.7383334433317807,-0.8319195011895616,0.07346429936477916,1.2447029587797351,-0.8031499758497503,-0.960012638564564
-0.3719785089728828,-0.43507041893084797,-1.0501626201410925,0.10627181692963122,0.15817051475997523,0.46298847238455476,-0.8195706078438288,-0.9440023714105571,-0.11859673965984306,-0.24504550122291766
-0.2258389747187376,-0.7072296227425925,0.33003993444133517,-0.9424797036718312,-0.12217484961797923,-0.30636842843656564,-0.033458182865172006,1.1852698187351407,-1.3145000039219272,-2.3913257652128537
-0.5941914500838615,-1.1513060438778926,-3.0124825125285133,1.746350668396833,0.5597102353329494,0.6671570607471846,-0.28546782452735847,0.4208174027614977,-0.42264039655070523,0.8143209444252649
0.1890655306673216,-0.0365253772178843,0.038928095185886205,1.46544952756248,0.16733094524442294,-1.0296092037143285,0.33619092142482637,0.48904065749636483,-0.14470985465298405,-0.05210296429333683
-1.0662161178740919,0.09707564643553095,-1.2144813466427977,-0.2507755447630036,-0.6693227750786918,0.9829062133688924,1.549943200851714,-1.1443243253487512,-0.004620418673325315,-0.310359367792185
0.46443841183651585,0.09624165936657454,-0.38737544385154715,0.09375052226795194,-0.21465125793770398,1.5891346018221013,-0.793645362637077,0.2574867065571323,0.5096334720212865,0.4384772192666922
-0.29788952836601873,1.3682739343904182,-2.088883658754756,-1.0939362712240275,0.663569941859158,-0.8801076076425519,-0.9385099457740792,-0.4671955842600129,-0.785643325957898,0.6370890105772768
0.9044047842953582,,,-1.386434500198794,,,0.9768558035757227,,,0.9171898244188604
-0.4267761378016514,0.5951529038741488,1.3108768219820783,-0.7940676205909327,-1.8557635806144948,1.8475653485417256,0.4881272188723444,-0.10707955856192525,-0.16200724515043924,-2.096191876935331
0.20873120229371606,-0.5305652617159707,0.05247484905728923,0.030292890634956292,-3.3777588153289075,0.48996505725481737,0.18896949656526324,0.3232700057853409,-0.18341972754355415,0.04892337164855722
0.1728084159097178,0.27426308388844617,0.4755862016210518,0.2827627257530256,1.849728827898956,-0.7260149788214851,-0.3749546050976894,1.6929564307528482,-0.15460259666529338,0.9316378584493584
0.13550487176253406,-0.22781183638968291,0.9862482232621212,0.5184225573940461,-1.5340098375148419,0.17349316845299767,-0.9950616743737619,1.2711526012530427,1.7535900415141208,1.87397219999096
0.35751352549802157,-0.4615676483544236,0.32175834582544766,-0.9397245366807451,2.3454988004422903,1.1943570308133193,0.3045263510920115,0.9970491955165695,-0.4917241248613628,-1.1079580912024547
-2.2132533906734295,0.08305676139963457,-0.20815442374982535,0.5192892810931562,0.013072700444952321,0.47388526124202135,0.8110834004954379,-1.460181103683431,0.8688997100233145,-0.40658025335750725
0.5175788540590545,1.0222268248278585,1.0290942410209682,0.1291528163275482,0.178475826673812,0.891912232023792,-1.5011761604116665,-0.9515790549470062,-0.27925672802191903,-1.3327940776341116
-0.2717167640385787,-0.3263489471352493,0.08710658656117275,-0.056883429106975913,1.0693485294074356,0.5730046944931119,-0.07103127543766262,-0.33326235518453345,-0.047558109910481226,-0.02986104290864268
2.5187562908851855,,,-1.0729259346949942,0.26927168382693023,,,0.896117667120943,,0.9381003146719046
1.2034543529109165,-2.131044885940622,,,,,,,1.0304865363867661,
0.7505336113725967,-1.4318903886712204,-0.017856049507386267,1.8043912715721608,2.36163054830609,-1.6187188579692824,-0.7045382361833248,-0.5226613062439679,2.255053583520935,-0.06832663218454633
1.074664086224138,0.29970713416582134,-1.1992125030001204,-1.8598021030516498,-0.6130917495197014,,0.25761326004933066,,,-0.32522191557941255
0.7788439236332544,-1.0911669584869983,-0.06396739133282653,-0.8797661169280175,0.8264343839205704,0.3985165457938994,0.6833854187344675,0.8710750358006029,-0.2276748032055665,1.003231721917261
-0.5898481501910621,0.6257201014359685,-1.9709532800961351,-0.7463561892892113,2.315803203581627,0.6109879367304878,0.6113468865296362,-0.8238959314326909,-1.0942104559833499,-0.26436016423909664
-0.06712848462769042,1.9144671871135412,1.0189394219428372,0.10892787126365122,0.06571280393659414,0.7581407607558021,-1.3187958655083787,-1.921349910133805,0.7433880808871426,0.07201266385512482
-1.3121163947476666,-2.09488084782995,0.8938667968394352,-0.5215551635352856,0.4002606835074461,-0.26376002627357087,-0.034238973107300626,-0.5922507237826158,-0.07651002437067803,0.5770732363925406
-0.2757285201122239,-0.3328235607720078,0.607537891476659,0.6741798987973775,-1.1374902138780185,-0.028908841851069383,-0.5237628098334449,0.013717975958005035,1.4339668882029502,0.35896730701307744
2.164244908956421,,,,,0.32285142795424854,,,,
-1.9256686248165118,0.15690301812096166,-1.5181697874624611,0.4322380052259032,-0.39890490414482815,-1.8167945662650447,0.9422305562460016,-2.516387192763096,-0.03141948540072621,0.6911905095302368
1.376731713058919,,-0.5160238540945036,,1.1512407029592042,,,,,-0.34586450026767396
-1.9751137550058533,-0.09000291335260065,-1.994364488639188,-0.5208285243553756,-1.468158118026261,0.43885713475818106,-0.7785262855443501,-1.785208033856962,0.8656586631993596,-0.603751521762687
-0.43210211243366137,-0.9777572635867892,1.1490761869827804,0.270519000502679,-0.6130884644868523,-1.9140355518513745,2.5106342022971253,1.9793674165883217,1.443102014502811,-0.7031716935338241
-0.5009472082492787,0.4006653991575063,-0.8938536326974625,-0.9893992155103973,1.4585585616241907,-0.05514036027420956,-1.119868987138514,0.9526673368709699,-0.573898318988514,-1.9793545544031983
-1.1348124983865335,-0.5164934303488141,0.2199593929655201,0.17173761860476894,1.2277702084587485,-0.23703288187389265,-0.4656530726109896,1.2450466404826634,0.9787003834026526,-0.21345762813971317
0.29202958098114623,-0.47532224473630746,-1.1621618620252094,2.1972361359016217,-0.5418884033874034,0.2949927136260243,-1.5153474489756464,0.736451614579722,-1.205857758022943,1.6779585814546472
1.797410060386223,,,,,0.40923512447303334,0.0897450711494196,,,1.5280824010767269
-0.4226587611088901,-0.7458789697133866,0.3626109034316211,0.4265524967597343,-1.7366700934096848,-0.48110978692308654,-2.172049974217483,-0.6757070868755435,-0.6326432726042854,0.2974609850565123
-0.7877957562307373,-0.5510477552275928,1.3038877101934838,2.064192129289445,-0.920904428185305,1.0192567375916903,0.387807292776588,-1.7387887328326623,-0.7911702568315877,-3.027832705736764
0.32356628458903347,-1.0767909978244041,0.1339269370939702,2.5709519217185655,1.5931380062474882,-0.7670063211468412,-1.008782218746916,1.2929815391113106,-1.0048014641148848,0.991122767039087
2.7358655045915286,,,1.068029990157068,,,-0.9564356505285982,1.2899281407622671,,0.7009884932815473
1.1317180168575465,,,,,0.15639759452865903,,,,
-0.29351432765736535,-1.646423768116458,1.1708606234339867,-0.44840136608260234,2.062315018745959,-0.13239687179122708,0.13577738739547338,-0.43175143065452837,0.24340916908415777,3.4765673550531067
-0.3489689911360931,1.2763285179936914,0.0906337175905492,1.1737933114526904,-1.9318868420149187,1.9448880728549494,0.34102544618931246,-0.2677552381327063,0.9033098986945629,0.14391010276309918
-1.1478763094459161,-2.4232797756277664,1.826058723574004,-0.22284962447729093,-0.6129292953685761,-0.5352166533324378,1.4644695387589117,-0.49011144664883216,0.6443656083425994,-0.33463011603457793
-1.2548093171430834,0.90128489979266,1.10300454949771,-0.6793187144430608,-0.0377570664797626,0.09700878698615982,0.4451247756450302,1.9712905723405343,-0.32387029523465977,-0.330044290305216
-0.17531510476446174,-0.9422147032057777,-1.722161670653349,0.13376310377269732,0.5272768454157639,0.0024524577683976093,-0.06270643018374158,-0.8987299857243287,0.25240244191033284,0.1698591879182411
0.47489183875357893,0.3236759982592827,0.39381632993772,1.3187813251601583,0.5721970357234402,0.4806097419397185,-1.7425113998895798,1.0534968765614976,-0.29785509542266375,0.07921106051409219
-1.2729015308389127,2.0898735252488163,-2.474215711695459,1.4881124505287724,0.42516056657833223,-1.9052937917301227,2.036397377747404,0.5137654865310898,-2.3583164693427228,-0.4224566444148316
0.534514757201677,1.7132378478469674,-0.40924814789921293,-2.6469108160636288,1.459020618178567,0.49820215869957285,-2.232553926669766,0.342696144667474,0.4485664752017807,-0.3247163134027872
-0.8272827602010095,-0.6097313263301747,-0.3253537969902596,0.35472041603607496,0.7883599282305649,-2.1478314820870046,0.2559718188221542,0.4879464803903447,0.16914138073032464,-0.40485571964760636
1.419810390210501,,,-0.08307798876512847,,1.2826279947493293,,,,
-1.9449974933826988,-0.8203759401715388,0.4171636171242488,1.5536103032944955,-0.7087646631465633,-0.12426644461817643,0.1555450542677381,-0.648599371735191,-0.7271638606713509,0.3349849506561553
-1.19743161043337,-0.7674137418937167,-0.20258787974279907,0.3224611620762996,-1.5152465778661566,-0.13081685447283856,-1.290855732620402,-0.6842007974699434,0.7886266611935043,-0.07384551758582936
1.6690700771702789,-0.072197522411948,0.9680128227723279,,-0.013220278181534602,-1.3156526545452474,-0.10512621867139585,,-0.571418946486769,
-1.4495709370743604,-0.8738440141246482,-1.0120645343059802,-0.2542245727674272,-0.7681613181415141,-0.7024287686632099,0.1354634142281664,-0.44568487233654813,0.0048062868819392455,-1.1156981152691303
-0.8284222860647452,2.040828446909309,-0.6974047509898612,-2.1064284089301735,0.34212821283158323,-0.7079690053223512,0.24384690021328798,-0.08953499262384396,0.5498762400963603,-0.09962280726093196
-0.22655226336834275,1.147920427866478,-2.2181421718509173,-1.3254877182411715,-0.8250949229095947,-1.6928439084081335,-0.47938682758986356,-0.5780798322432029,0.9747001717886814,-0.08827199953841072
-0.213011294501139,-0.3798385267228984,-1.0519958534196967,0.8907938946757754,1.210076973017335,-1.2121660006636574,1.6200558535066338,-0.670982581463345,-0.752516619192413,0.47279367170040976
0.5620441400344359,-0.07126412517830556,-0.3462847433182078,1.1723528829631025,-0.623299272857027,-0.06876906399639346,1.6937874700105353,-1.3370832669605248,-0.4586495270738856,1.0251352618255334
0.5280000415250145,0.8940175899056345,-1.3228843122713427,0.3211150185109105,-0.2852066909888775,2.2724169696683796,0.8093778060850211,-0.02231861167004375,0.2858984965866287,0.05428775426418736
0.6990150078055858,-0.8563005742273532,1.3652173398339813,-1.3247272904504703,0.2050438255409446,-0.8242798003656003,0.04282745914394048,0.9880187439705632,-1.7123454209091393,-0.16947831239097882
-1.4397569945604631,-0.27938248690101747,-1.442393178804421,0.16178571859085394,-0.42616989996606186,0.7471225377864708,1.2285581110059944,0.010648108445000304,0.8936549854229597,1.3824586434633244
-0.9221030622701349,1.434985565629998,-0.036939122950685695,-0.978376677881881,0.29846238785737217,-0.07209513278033014,-1.4070118058729415,-1.1010494983076349,1.6373143305999434,0.2785748564737615
1.481794247151444,,,,,,,,,
-0.16653021547556193,-0.6007706954923719,-0.4074594927456377,0.5501228344505633,-1.4164402296194343,0.08073724966900792,0.955585058840506,-0.08475872256465349,1.0542262606342057,1.3405991456270012
0.9035823451972765,-0.5372557691775579,,0.3457701855753221,,,-0.5633133491657225,,,
-0.8694022817836385,1.7017750374495433,-0.378567465395371,0.05297690720242169,-1.8327227716525976,1.1166009797131602,1.3332198279347687,-1.1872715972875525,1.174804222079019,-1.337287609437287
0.6320671795072249,-0.2879697749442862,1.3362538763814793,0.24919146774845666,0.9314682384094649,1.2377566694943813,-0.29103151733875765,-0.028903264844326808,-1.1111817511856314,-0.30002432418371705
1.9270729569548524,,,1.6314426369190653,0.3890031784725915,,0.49052881522942376,,,
-2.25433545021297,1.0159882206850328,0.09956659270840494,0.8354642766908565,0.15840087475674372,1.043751930008915,0.01614805269588526,0.280926679769639,0.4047600971729573,1.8786422792381703
0.6002750766702324,-1.316852842857706,-0.5639797726142536,0.5980040116430776,1.2597459436007497,-0.7221760962922216,2.2398776163300402,0.17560380489835298,0.42056740257656267,-1.2540734940601406
1.1154765818029488,,-0.7458828313747242,,,0.46574272369952335,-0.8890852363740881,-0.5303789715470305,,
0.5604125591073058,0.8051490356655069,-3.4187876606119434,1.264390948083105,-0.8523514875417285,-0.3605881499777932,1.5393193119485735,1.4469246962515319,0.4927799035415456,0.7284389481147806
0.9779617227766716,,1.5574186071277711,,,,,-0.05306737158074613,,0.4367941740511247
-1.5677876727629565,0.08538747551620776,0.14950017250009345,0.11524073520294939,0.8512147993761583,0.7186060597791426,2.222678339488907,-0.5177117838209477,0.27933316445125406,0.215236772902594
0.1681863646908236,-1.2648542345545668,-1.183475909305473,0.006466469974647651,-1.5758939181122005,-0.3342053550406645,-0.6475396004929517,-0.29797743965861934,1.1323269556003437,-1.0783356130757928
0.8697991505599149,,-0.44675272872092636,0.4655456559886942,-0.2741485001225741,-0.892467767981082,,-1.7766336717733762,,
0.8880195830034511,0.6152619511052647,1.601434794162049,,,,,,,1.8524639418421776
0.6015581832740385,-1.8758175566131423,-1.3553592019449745,0.5512850311008659,-0.8699648385306727,-0.7261488959021734,1.9664224338200638,2.1481941152303663,0.14676240385843167,-0.15049348775938795
0.9024551786632987,,,,,,0.015999954586683462,0.809960768454651,,
0.18626455075536774,0.2758753129723287,-0.03679952527581304,-0.258402873649202,-1.572029961137767,1.1719840898608513,-0.3837602378230378,-0.44104832538868594,-0.5416179442659952,-1.3403878309313835
-0.08554320604227428,0.5164250019584302,-0.7052875133611911,1.0376011067368822,-0.3684113576322086,-1.5326541814836183,1.3736983757446715,0.1984626752624151,0.8632832123043578,0.886859654010306
-0.9461098091515893,-0.5219137707260653,1.0342860752568597,1.8352175152205237,0.0632864986796283,-0.6271898774516903,1.6823361481439734,-0.6266268706299047,0.3289705244148871,-0.427782865986394
0.269072772760275,-0.9454521139458305,-0.37466097799792175,-0.6272972369618022,0.6622381922875238,0.16321445074010568,0.880200751152149,-0.8257599536026291,-0.20845098654739871,0.6250315478853422
0.858700150317221,-1.4457841555753526,,,,1.860504985557505,-2.611918145617506,-0.6559481525597863,0.2637707455991821,
0.9396509181676689,,-0.5297410031651616,,,,-0.5650979860562547,0.3837523845411151,,
-1.0093163028762562,-0.7026283709296304,-0.5640328138582191,-0.7481257015707895,0.6731127837738594,1.3680443838418432,-1.1760626301786028,1.1192539187620016,0.6932367381288702,0.17986862411700924
1.5266642441251714,-0.17026822734834823,,0.12372381195715741,,0.45899864779895094,,,,-0.6385798514760365
-0.6743588664326582,-0.3647975511598388,1.0132845537675756,-0.4622048142238367,0.6524608705524366,0.265446262965217,-0.44142163320019706,1.3091825362210296,0.7361111784853063,0.0017820893085115997
-0.08113858934781705,0.0937265606540813,-1.5295376439877166,-0.8249611803149862,0.4625155036887168,-1.5829253068032094,-0.747624545612635,-0.39254430811883756,2.903654641460433,0.6737372492316451
1.097341825582322,,,,,0.5053659279210636,-1.4175778779272814,0.3931369398820419,0.4760714340557563,-0.602503233985836
-0.8348047785078178,-0.715241788098103,-0.3469489526904856,-0.31677401916972764,0.5096087502617995,-0.5344025303179697,1.6021261444629769,1.5948742742082154,0.23620128678406696,-0.34463410504523045
-0.5332812986478044,0.316758613881249,0.4917148241690525,-0.20100436739159525,-0.3931295106967442,0.35274330110013347,0.06904149629940481,-0.5721224805284093,0.11303952262772723,-0.6052692516323414
-0.7516586592725796,-0.004977211772486045,-0.5746693545054586,-0.7329986227166922,1.0457140216023326,-0.39220527096119867,1.8433616653415865,0.6266389621956614,-0.8207033898407939,1.1597596104959493
-0.7166194999700621,1.9733475092539887,0.22619306951339194,0.542567403303669,0.030952806781242907,0.26588258459896114,-0.22910967649561687,-0.9258083596915647,0.33967508372073396,1.0247993658525705
-1.1906423406230777,1.5404738236758568,0.6011371911866729,-0.4369081798358277,-0.4547776361186857,1.8641624376481394,0.9387247016836515,1.1400511859215476,-0.2510617203739841,0.5555158816147858
0.34937861259070824,-0.1746502461994104,0.10925711177097336,1.1100511748216575,1.599591543315416,-0.25149671481485364,-1.3130562544181579,1.6435929314017126,1.6561579229130226,0.40038748154872955
1.7926309624748469,0.327615325157132,-0.9090588977102657,,,,,,-0.10690662541073999,0.857971346529255
-0.5470082766076154,-0.71539345572387,-0.48101065840268314,0.9209254794481379,-0.07001788813411436,0.279907724349316,1.5530235418310676,2.8432732454478917,0.6403874156224512,0.5413566606536869
-1.1845270426183052,0.36851554456578073,0.06199529186129578,0.8922482534451703,-0.39184686100302435,0.2007170638480723,0.6052323264315527,1.8985425748233362,1.5637717926116745,1.2660723566460805
0.7271192703383661,-0.43132653339656546,0.7265387021160932,-0.7722679287045329,-0.2062188683916423,1.7783688301033314,0.5379817245076602,0.22701307148516015,0.3557108625041354,-0.09382787040339419
-2.1558183997322375,-1.2643871485968394,0.617238349663786,-0.9205451504917389,-0.10758574061931014,-1.2274431219538922,-0.7186476080491133,-0.004261532178775855,0.9238606365819626,1.1243273696436829
-0.7346372338220964,0.30670323858909154,-1.4254287121724436,0.05641059931722482,0.9533179207379235,-0.06704739309822098,1.3156872409638214,0.836919302527511,0.24132454836131817,-0.2497047806489735
-0.534329789858897,-1.457966866755926,-1.2951573098058087,0.9949346556099338,1.5136908062512304,-1.081036655041351,0.06818692475934822,-1.574473417171211,-0.9767835663759016,0.259829335874041
-0.518697035290429,-1.9161935253779985,1.7188647674063096,-0.04914663810852352,-1.104405548123174,0.12803420763797957,-0.08086719243780918,0.4218255819920303,-0.33985479930595697,0.31425848509325494
0.9436359734267789,,,,-0.5513851282655449,-0.08167249487458153,,-0.40802502517494726,,
0.4591969531624545,1.0623031903444877,-0.17649064676417128,0.9494629299601434,-0.49108277521316973,-0.5501158333661602,0.41069690294990724,0.4273746482243863,-0.11275872931419498,0.6765881103951593
-1.286976871048387,-0.30397205950998235,0.964817826095494,0.9621262507861686,0.836025689406052,1.020739158140401,-0.3725405525693729,-1.705198083267657,-0.2587863915599332,0.6359957309604819
0.7994367391658113,-0.5262714917707586,-0.9680157700920731,-0.8685093615169817,-0.5436687321716064,-1.8971395218837974,-0.5271458072081939,0.047876720589621155,-0.09788432116755641,-0.33027059471010706
-0.689260018561868,-0.5728071667859884,-0.5551246690952026,0.7054801648540101,-0.0009289353094979465,3.1668406766765713,-0.3323368527468313,0.437873148922222,-0.3100337841011353,-0.3343350698747456
1.5623715678679801,0.9975483751149885,-1.7546898109250193,,-0.13624160678983105,,-1.5083271154622577,,,0.12675276138400132
0.729976663352469,0.8727358859610387,-0.14431406945552114,1.510815752663758,0.33162604644371724,0.8458252949934352,-0.736263730130815,1.521634796836283,-0.0029576785112964176,1.576771076837727
1.358153287286032,,,,,,0.5440421202277,-1.6186725566696931,,0.8680143614086105
1.4657370943674517,0.7253165061844588,-1.5172667303697007,-1.054444477350593,,,-0.6070763135215677,,,
-0.9400284851529979,-0.19381339203082212,-1.131611521325499,1.443099524281456,-0.6948523269221415,-1.5471464664273888,-1.6263169711664778,-0.08543280833249083,-0.4580681481110187,0.6487237071652568
-0.2351164263125392,1.165966210968567,-0.38541618814593326,1.0264819577047986,-0.9525570089464088,-1.5033332461910087,-0.8233383932521416,-1.1287427642723622,-1.2406310883307852,0.41365217867655013
-0.2643166020683257,0.14177542594442974,0.5275494007167024,-1.685696715862276,0.5699304674287601,-1.2052048365490886,-0.5768200084573842,-1.892125588837598,0.6545801000580552,-1.6890629672855502
-1.200108832618638,-1.127581202663823,-0.12876000322986444,-0.15926923639068205,0.8118980514800894,-0.10456949047727164,0.9657704013030172,0.3793243998702391,-0.9454793068872157,-0.6671944716976937
1.5105833850390626,,0.8240786212149895,0.9554892077477027,,0.33510667440408676,,,,
-1.7082704273586395,-1.4307171397998188,1.8151622353009023,0.616780264118091,-0.2126985104916551,0.0783245871520337,-1.358122130023882,-0.4281199966542142,-1.458136778906071,-0.29530544577545076
0.680320521033843,0.4533010330879061,1.5891194202104135,0.29473338595829063,-2.4784824282721556,1.9506670181733474,-0.8406933632494217,0.1621032699428015,0.10182821325178884,0.2408987161575721
0.048058806946454445,0.06567631977058735,-1.3216371813560446,2.5869827518543587,0.6514363063683817,0.051880729295031965,1.8418669098004679,-1.0719246028891884,0.8683896366441906,-0.5551659326955121
0.40233285232349847,0.4244525997860564,-2.3364817754238345,-1.4316642900946435,1.5864392067463056,-0.252165307030951,2.0015801794027412,1.3101254426690878,-0.22027479211988152,-0.3085143332586823
1.6484164160511827,,,1.538164957824213,,,0.10114592761256765,-0.6724179315709653,-1.0543745896513097,
1.9108888805514423,,,,,,,,0.23504738296966676,
-0.7505042949944205,-1.4638548247859353,0.059583532758031944,-0.8739009973194991,0.5913779091233432,-0.04700690267354157,-0.31262534160994415,-0.8685444906870606,1.430705961844089,0.7356804037079155
-0.6813425538325805,-1.3592050450386828,-1.8879891854268196,1.1373533938096865,0.9091729350309422,1.04657029620141,-0.12028824840593705,0.8060120260493259,1.0271940632308327,-0.06979538927315415
-0.35814811559361204,-0.9762836793714943,0.42614888252951333,0.5592138337131528,-0.4065347431589141,-0.28874163456250407,-0.21729499885310952,0.7912410658652969,-1.3743256775535242,-1.1052534823121778
-1.0857452811284627,-0.14853191466461202,0.3152772011655719,-1.0688757443004617,0.9090058737392254,1.4626494521694002,0.4137976196972815,1.1227901052856921,-0.9151720542521978,-0.8913597136895522
0.5146239775977388,-0.038402715636916496,-0.893220156790138,1.425047596675779,0.2987902355697766,0.7021749726867456,-0.6742514634587875,1.679908456242031,-0.15592901544151144,1.0190567679901443
-0.5828278071297605,0.16864785609449004,0.5578360302183867,1.9954071135672131,-0.439727099860568,0.20256264433170545,0.5918552606175903,-1.414840048541473,-2.174339843821686,-0.9958373254379
0.9671798914061128,1.7164069077201045,-0.9229854851871565,-1.21672450428087,1.534745975273101,,,1.4591339927161215,1.294700769830238,
-1.7114711213697023,-1.258455237058941,1.120508088019221,0.31789018945904873,-0.7777347234675455,-0.3445588908290005,1.1109854320988037,1.52761021378965,-0.0059732873606555,-0.6869180063033875
-0.2754930546469391,1.3430655723183085,1.3235333724027314,0.19425473040031502,-0.5294895505317242,1.0827648441504598,1.6229445436744527,-1.4535069851478462,-0.23243168050396884,1.1559590046192088
0.07367231540710718,-0.48858637190769366,0.18518810934529917,0.3707043019693714,-1.1268373489932375,0.09079510219300672,0.36733351636194933,-0.4908452588868067,-0.7794881892809884,-0.5378875899243727
-0.9709126137375748,0.8506205514933302,-0.9836401150326509,0.18904329953614543,-0.37419896751268694,-0.7061843540614817,1.3713276247088164,-0.13078347862582893,-0.6693994267666018,-0.7651186994914063
0.3390647287524973,0.8265878605415744,1.2707548298428364,-0.1676562575188339,-0.22773102870650314,0.1309543543732453,0.16712466459807623,-0.7720566813438735,1.4624119799360813,0.022221756838757645
0.5347400088825501,0.4244545644221665,0.40393297872749906,-1.0040967655580653,-0.0064004825718728,2.2807442904271404,1.5871687179536569,0.15700766066935012,-0.36686445101509413,-2.2177795907900246
-0.4973361802212602,-0.0784191075724209,-0.3173164602261435,-0.24768242071085064,0.6224313498578122,-1.0003557243905883,0.27265171612898786,-0.11025886446707536,-0.882303514506964,1.674104773207668
0.7478098853091707,-0.786399790184677,0.5172510845602049,-1.3894622311616025,-0.6634791774330554,1.327569794207683,0.35151487526792924,0.2711973163292275,0.9869680807271372,0.6112781099097158
-0.2660515525759275,0.9364046444473557,-1.6889555713384514,-0.6674746708667065,-0.09695096290634649,0.5477290072639642,-0.3249992472868076,-1.7840606506264338,-1.9244783029318628,-0.06809271589879815
-0.477775547990721,-0.9099771999321457,-1.0772712878834114,0.13377604795241613,1.3022612745694504,0.13386049487057597,1.3156025847823287,-0.373991671692944,0.4434423058876745,1.3520392481720336
-0.1578745739921189,0.02597230419098457,-0.3744837377130308,0.5925062392059014,0.902272101124861,0.3512801294073612,-0.22944197161455346,-1.4997235639921145,-0.048429792201083,-0.19195377907542122
0.2359960938860893,0.11679223315885004,1.572408150678301,-0.6964098886802417,-1.5752630524062563,-1.142535401878337,-0.6336229864725234,1.082007171583658,-1.2972425802224925,-1.163802195357527
0.41390621142813316,0.8493060921909348,-1.549238739344786,-1.7720547279446817,-0.7865365995011847,0.6573621328036797,0.1432267129082201,-0.7499738676124342,0.7394303582035645,0.12430532373222157
-0.10759553495590042,-1.614348927696343,-0.7705185365696876,1.956927560346975,-0.3362931255558103,-0.9567936153534755,-0.38225136969759355,0.11908457974518481,0.8833438920034106,0.6210850400888195
-0.6765960082195143,1.2715768337335962,0.8146883607501112,-0.44513357677642623,-0.1281982549724623,0.60066908316219,1.0747034916472022,-1.5186678350997536,0.07044991143190037,-0.031124638485244407
-0.5706339596290583,-0.575801186082556,1.0543764099101958,0.5346781135654385,2.106634583500347,-0.5697928095749993,0.137134474221502,0.3097002513759764,0.8960840720296066,1.3584127442822826
0.09361160187692935,-1.094775431437547,-0.7108782567333014,0.1427276172802682,1.1227618138884605,-1.4464059676332515,-1.170002811589546,0.757153488680802,-1.293627186430819,-1.1250228426365123
1.1365374531011008,-0.22132181421032843,,,,,,,,-0.311084075317558
-0.10659842602405876,-0.7037657333489795,0.31812003431479535,0.8313729314729292,0.195981910426895,1.060906759356373,0.6623956639950512,-1.048442278629491,-0.14474401030249254,-0.44839465826569697
0.7534341225603148,0.4615874653465612,0.1273826667362414,1.0135887655432392,-1.8656803034781193,-0.6031302239397506,-0.5182870036312062,0.25173438862110004,0.5528101988448634,-0.001307777430703948
-1.3149598648965986,0.4067717875919572,0.12806183350379338,-1.4687137099617364,-0.2954018880725184,0.374024549208335,1.6532088234175069,-1.0890708737698251,0.790120439288332,-1.0764737527744503
-1.27060848946283,-1.2115912485345524,0.6050139392516197,0.1298931221120807,-0.31468929728369127,0.45783198496143157,0.04082140706978602,0.11051892966675599,-0.30352618455988417,-1.0275470610602402
1.6913071162009194,1.400431616611723,1.5901587035315008,,-0.6819277125511909,-0.41444496221771515,,,-0.5431916986481097,0.3638616780788255
-0.7364489332625039,-1.3553905466721528,0.12923495768365506,-0.5160732121259307,-0.013700095673971688,-2.6848596418094988,-0.892078395238444,-0.04505725832055031,-1.5163906397599851,-1.4823885456354269
0.038769376606717615,0.7015819154576518,-0.8917160753746192,-0.2621266575213602,-0.23902267684882603,-1.5623142122243816,1.183886079548419,-0.18295745020822007,-0.17223959547805534,0.37298340396300117
-1.5599949840012008,0.9199342952920321,1.050610770954795,0.14053169682133324,0.4622084478286435,-0.32607949745109954,0.8632940488115796,-0.8229397071259792,-0.03239832563419534,0.027263486021683294
-0.03868446887516717,1.0691260562901375,2.188204837221725,-0.10983704722695203,0.47035763382715096,-0.8024274385394559,1.0319214801647911,-0.5174846563181295,3.145128115262409,-1.6707397996306834
2.1474451670879215,,-1.1222418326765982,,-0.9284104099424422,,-1.2965925558700746,,,
2.438313702189339,-0.5129606384632788,-2.7526304188822164,0.648498144866606,-0.5503107193325508,,,-0.7590907756728349,,0.6228867196642872
-0.27523666302767474,1.4677072531302522,-0.2105894989218028,1.4146201601956725,-1.3801342060809683,-1.7386196718373588,0.8291876204060151,-0.4644255955231249,-0.2635508620436718,-1.0121939693019963
-1.0855013824413529,0.6356671058768927,-0.018847294805892253,-1.0602011493986716,0.790543879481739,1.1749134723991954,-0.10883211707319049,1.003199918007952,-1.0018048910119774,0.5772088997676719
0.16175021120274843,-0.7915610916450994,2.053058581320267,0.23277499175658944,-0.5908202273024248,0.01962404934305713,-0.8696943863285376,-1.1568783951357542,-0.44941960556272476,-0.3817124302875526
-0.8041738102065689,1.2511133018190026,-0.7657765718507682,-0.9322290413448805,-1.1857202394120994,-1.281983056749377,1.0274516845381663,0.2581671684936005,0.690327544544323,1.0184050811282945
-0.333299760100545,1.4722397618754028,-0.6268901782599082,-1.0957260257980515,0.3736166600518985,0.14454787794849708,0.14295975553570442,1.0153213416858464,0.10621096450225327,0.3130518090143498
1.3596025785247132,0.26668097538965574,0.4942590342593519,,,-1.5908423015301123,,-0.5695672828022663,2.1080155188991494,
0.4418794378824984,-0.5627657915113431,-1.0400970607698323,0.5703553529856066,-0.7189663531217777,0.20758990279243608,0.62669252196931,1.9067548977580906,-1.2621749615700713,-0.15281519652678802
-0.11146939757098899,0.0009280943752601162,2.5688013229158995,-0.17333256361385957,-2.5205895975447494,-0.1984308619237716,-0.11837721280315727,-0.24104162959350006,-0.7186441978495999,-1.3213016361473675
2.159491039670511,0.31829347193789237,,2.127625966600811,,,,,,0.4704630560934891
1.9532357789016481,,,,0.4804520197799127,,,,,-0.6594385477689149
-1.1185105406460238,-0.5399497460119977,0.4765305156047582,-1.3486478142291687,-0.9268602654284844,0.5622990880945653,-0.6464871219713128,0.36998623360719085,-0.8143101958053717,0.28779830310251087
-0.7718769921897619,-1.9019763921186892,0.9559568716241071,-0.6958944918246353,-0.24863020709866004,-0.6911420983083457,0.5444777702483956,0.3331689114586238,0.542093483002689,-0.5495430355684529
-0.04972834927295644,0.41703229673206904,1.5452039725323667,0.30653127173886574,-1.0033496551933312,0.26789390057952633,-0.16499776602492386,-1.9987339612135007,-1.8451568100492446,-0.06648961752297544
0.01779893276963813,-0.2947497402339099,0.8841817862435671,-0.9351457691710426,-1.3861951227318925,-0.825692295722023,-0.6097760624662398,-0.05815324485273307,-0.7976401227997799,-2.141726321770312
-2.5693053802671324,0.12315915874903947,-1.129021536721046,-2.005354661372025,0.624941300679053,1.5451810351485515,-0.09445853876958991,0.26844013141836437,0.27691589708350783,-2.3131501439964897
0.888652607194921,,,,,,0.4989103925272523,0.8746637074596071,-0.6470763584311255,
-1.0533999194178278,-0.005239820706521647,-0.3478876771237595,2.34355394346269,0.5486297102228435,-2.1520063178577127,-0.001555425618620257,0.3681709875598373,-0.47396030210732526,-1.1027591834342336
0.660516076359069,-0.9613874102561363,0.5754437187770781,-1.0458771277499732,-0.5339013102523176,0.9561500807241777,0.48917411431567326,0.03142116029636186,-0.029903850160969185,0.09055317307974718
-0.7915417048611971,-1.5166972610948128,0.5691729932328272,1.5301000439033854,0.6042329288603249,0.2541724155957768,-1.2085240770798997,0.8771742708931943,0.4813943874533876,0.7601465008328266
1.0338910106512036,1.586006967043655,,,,,,1.2200957510777495,-1.00906259510908,
-1.6314257294979615,0.06303906250812634,1.1828175562629524,1.2130932656456406,1.044992191386581,-0.07837196893157541,1.111504518907733,0.43008124723464225,-0.4389463000152934,0.3817015195278768
0.8856735138556571,,,,,,,,0.9731509811406687,
0.1802809896696239,2.0874784284157815,-0.5393509724646938,0.24107413498309788,-0.5889879558737513,-1.2874213363278968,1.184881064793476,-0.3052054327824676,0.6948219697199349,-0.24612898982219297
1.246637164531694,,,,-1.79463751485493,,1.0208286424105755,,,
-0.9683394466011713,0.5666544792980043,-0.42602104144152503,-0.38356115658808043,-0.2241569524846145,0.8817571203633842,1.80644507709121,1.0268793331768156,0.009551426053599474,-0.8991941087758154
0.6676106136324863,1.6654428485460302,1.0035383197894865,0.20773105255013607,-0.48901358558357566,0.3451722938679508,1.154576598907667,0.2323089057207486,-0.10343277594819718,-0.6872446400353684
2.58942660660388,-0.8909313823742216,,,,,,,,
0.7845273453834963,0.4283396798250418,-0.37149219550487383,0.2163994324924687,-1.126261289745028,-0.7425527800739156,-1.3000204652691967,0.1454896468335524,0.14169434259591693,-0.9843674997339046
0.4212091157900746,1.0571152989513986,-1.0304834374574448,-0.3263207329973682,0.5136211758744642,-0.006368483387044048,-1.372037579743053,-0.4407886913295328,-0.4739794006167828,-0.1704176306859405
-0.12783454590569707,1.5660066938395303,-0.2085044166809299,-1.7180823402675425,0.09113117672621725,1.747751084585307,-0.16711580335032947,-0.438086974054609,-0.30512390288126845,0.5841449036482398
-0.3093752810067598,-1.5156097251925758,-0.6717769384341885,-0.0646910748645311,0.5356245784086985,-0.5826946099206024,-0.29621392384607675,0.044925647839215134,-0.7774232922997129,-0.09174674437593262
0.4672117833089807,-1.1864965399344285,0.3064555709818186,-1.0903071397086832,-1.0702908751696045,-0.6627959824791435,1.3654183407376688,-1.7151792937848362,-0.46394802138052277,-0.026450629914230542
1.1671773015444824,,-0.4220250535832728,0.5393597372271918,-0.09455103044353139,,,,-0.0478838146975563,
-0.8597655428426207,0.4574081237553314,-1.7284548851035104,0.09356652659816053,1.342178934916486,-0.21859009544983754,-0.978176803424628,-1.425137650988379,0.390524394505417,0.9280164099142275
-0.05609441204055674,-0.46369085550502415,-1.9309075208054114,0.12402936175168316,-0.6892667368924812,-0.6317669102577659,1.6164159367018842,-1.801608689379469,-1.6677576623589092,0.23132572889787426
-0.38531099728614243,-0.5188006703554023,0.2726512489445426,0.2559090488514526,-0.9736373121422331,-0.59169835366762,0.049557816156555225,0.16707569251622167,0.48325368814475356,-0.5831639163282977
0.34704920242433684,0.9503477404275608,0.046859270743957675,-0.10282845434869216,-0.23554334562797236,-0.6173873962326077,-0.9379792314168262,-0.2981383209397598,0.45079892209873157,-0.889154715860938
-0.07540049726082032,-0.19143661256009895,1.7778058111147945,0.7227780524617469,0.7065642983388586,0.9200448228429111,-0.5456943336936861,1.3767587038676945,0.15917202644307984,-0.04466526604695687
-1.2147294326374038,-0.40161380856891304,-1.7659388936015947,-0.24818406973979076,-0.5763008248085482,-0.3983513446261958,-1.385955619240936,0.7036034903528453,0.592532632681084,1.6897790792438219
1.6614678366691877,,,,,,,4.087923070821299,,
0.4837915583895675,0.47486844266209993,-0.09028908183258547,0.7564700217383904,-0.15546343262097842,-1.0115116958690493,0.4816617558317295,0.6153371413761288,-0.145805254771309,0.30985801883708297
0.960889685306482,-0.05181008048743888,-0.447004057474871,,-0.25378546587342266,,-0.19835921067804438,,-0.32447837374768584,
-0.8793021850031161,0.10027392890704176,-0.5170863335693948,1.2736645775398245,-0.1075022439989897,-0.04453070752733741,-0.18018156327033408,0.3710641439095226,1.4909097638719988,-1.0397760669513307
0.2778097404655912,-1.5687803216711804,1.2232082433674987,-0.10813768092655154,-1.494912666460992,-1.2757731393148912,0.8138900570924817,-1.664631946527205,0.27828867384120826,-0.4285464890314375
-0.19475846606289407,-0.6738460173635946,-0.9528499471404925,-0.487436633439159,0.5719701683391512,-0.29258364903458406,0.4212327050194073,-0.24223983533155816,0.6112446806084272,0.4149422486126251
-0.5407208492693202,-0.9536776497173628,0.9556526349607005,-0.8133885392814707,0.5007849747974745,0.031092859655171515,-0.46306260441303543,0.4294671602930056,1.3678781385787355,0.6255119011675628
0.1292896876761788,1.6214806481279949,-1.6742672624739405,-1.1122058211075025,-0.4644503169525389,1.4193233692404956,0.9428377450664708,-1.7162861547151014,-0.4363751160407147,-1.3238266045224343
-0.04045068094855427,0.9018323710362687,0.975653798152263,0.2680088522903542,-0.4250203387637601,-0.09539967040592622,0.6832800011017057,2.347303445208726,-1.1850995149757078,1.5888493171495994
0.24405614230076836,0.8202532507980613,0.18516595543401393,1.4041936936416293,0.32968143415507173,-0.648761747644108,0.4501141156399172,1.1267750377257553,0.00021412174900774426,-2.074080750615848
-0.11493380375363482,0.09805030601592607,-0.044928061197346825,-0.4954777553786544,1.3230168640908428,-2.3729677882573736,0.09397730642741754,0.1079817237974044,2.0948532489534495,-0.014435478347116941
0.44562890370047303,0.125012513442097,0.0944282238661503,1.7629589668216805,-1.1116535385492778,-0.6672047949160059,0.7541715006379996,0.25684036641628366,-0.2832287419615139,-0.07055772861117676
0.9139246288999384,,-0.7129627979330692,0.23777634632686173,-0.04980252449101679,0.4704217044429879,,-1.2083079189211956,,
1.4152990097184606,-1.316228954621749,,,,,,0.2705212989294757,,
1.4303958575581566,2.3737210991000257,,-1.5021779971327522,,-2.085370541206638,-1.3501682185637771,,,
-1.4836275163255708,0.056259514535458965,1.1232404917592171,-0.6128486875756598,-0.01941641843247928,-0.8158459588128644,-0.7457893330731347,-0.8313706178556588,0.7859301330977354,-1.4135019513661087
-0.33185407037291953,0.4098168764637709,0.909798383062696,0.4406073756215073,-0.07263345828699384,-0.5688889581402992,0.9253163468269409,-0.8672243261763762,-0.8522034069223922,1.3524991302243692
0.36026174033743336,0.3956064622187181,0.5985492431624022,-0.09485495905102329,-1.4376930721273014,0.25116658599345254,-0.01823427711111517,-0.8590725853305915,-1.0890519313599338,-0.04653717537903437
-1.3577996917369404,-0.1434079966945483,-0.2640398002767215,-0.11914973407098493,0.4026559042091364,0.6219545452154498,-0.7114969946040056,0.8697915135420266,-0.21937071807241018,1.7533013854905501
-0.5854209122904813,-1.6113300399863975,0.8336420677883326,0.42562091378057937,1.2016614990549126,0.3096438081906756,2.3400089084654048,-0.188888008504289,1.046301865705618,-0.5254573854862161
0.4917765263340029,0.6780224403960575,0.8325627895749692,0.7763265766431535,-3.2367349954632108,-0.06867725574860199,-0.5751076398774299,-0.377885233806479,-0.2834097747702,0.9774739999614781
0.20257921296804057,-0.5075232625900649,-1.4682647803416555,1.5330576602026356,-0.647317997785969,-0.13070644640922346,2.1388688847059933,-0.620107577686253,-0.27567922767524683,0.23217928382569913
-1.6059465016871095,-1.7217989005736543,-0.48161320193831697,-0.44700311249730473,0.1342262153074535,-0.9779943323043194,0.43398043243366125,-2.156716916043929,-0.07029139998800298,0.3601763071768177
0.32844424052182875,-0.16277648971472744,-0.6603385910658913,-0.19187040417668064,1.2339592386706628,-0.5994674356994198,0.9781107376787682,1.1372446658984114,-1.7358918262580079,-0.12815099403535957
-0.9777417231970083,-1.5018338541836782,0.7920308379944858,0.4733229189333892,0.2634594064777584,-1.0854969217852741,0.21046426297414933,-1.3104631879337514,0.07726194217350209,-0.6615508390795274
1.0507908188324662,,,0.2333680239557779,,,,,,0.8638641631478498
0.39734804343584346,-0.3541734110693161,0.17440166382805158,-0.3637611723073049,-0.11873992377100727,-1.1876873263603505,1.3800660171988146,1.935487537635181,-0.7039308007205357,0.7861709406314517
1.4578681877180113,-0.9576270690748248,-2.158432732356189,,-0.010324624219021496,,,,2.959457718093084,-0.5307075321793215
0.3273254123084641,1.2922458831548107,1.2874271963376382,1.0959878489119954,-0.42567575873250213,-0.15209864243786073,-2.1744646468998057,-0.07449543636922677,0.03280671093190586,0.741723203612461
1.7954873629768249,,,-0.017466039429279313,,,1.1406061989369434,,,
1.0933470002668417,,,,0.4859302517258676,1.3006539859447266,-0.4739235395370385,,,
0.25128713072420833,-0.6309687366465533,0.09366393893363151,-0.5687093177351814,-0.37800092984843997,0.35480693184216633,0.2683988596218609,-1.92047826859402,0.37048878709559746,-0.3033330833056507
-0.41430794105595076,-1.1271549096224132,-0.045391301493390546,-0.5230176059708987,1.273522794304843,-1.7494312016484235,-0.963923590058505,-1.0316319706191186,0.25865774180653356,1.1731279644780943
0.5031217865091798,-1.0946471193231695,-0.4292310366583807,-0.8091767207440618,0.5077313239007449,-0.44957024021402237,-1.4127980152448707,0.5847065193942216,1.2632585335677942,-0.17867244770036064
0.12040037833971319,-1.5063012089098053,-2.0592376505028547,-1.8490836665711425,-0.044721799461061425,-0.3079419962508205,0.5462326077797681,-0.1976531741309885,0.9877618367397817,0.8722665980352367
-0.3224599248680109,-1.0034388739572893,-1.9161613504073487,1.4335690531596066,-0.9425260049052361,-1.4964339337774692,0.12985740308626045,-1.4875413356710223,0.1288512905548135,-0.33631084253894494
0.923678942498893,,,,,-1.0368858379558112,,1.9942748492617726,-0.24918806465965193,
1.5185957403834418,,-0.7486513398801341,,-0.42847580858614803,,,,0.18637156610995742,
-0.6265347337326806,1.316892582989337,-0.5904967981259379,1.8020688082671856,-0.855485948976514,-0.3938557026175791,1.508255774867143,1.5522327508664944,0.8184266601018806,-1.0818495018564669
0.08240923797138432,0.0012486525569804752,-0.8558130926686129,0.6968371654522438,-0.7766930970632456,-1.2905893874745975,-1.620867548287736,1.712295284694428,-0.5104832738658133,-0.48950522152066184
-1.0306697654625794,1.3679247297344348,-1.380250235001923,-1.2041337841571602,-0.3218281007629398,-0.0215668154884143,0.6586352504440592,-0.6755952036075326,1.544333810390488,-0.668787735193276
-1.008580944996969,-1.1037752622950843,-0.7738912475867935,-1.1685424496918684,0.7509047693323933,-1.0008417358589414,-0.13282888985708963,-1.0295493422971715,-1.1744610760292395,1.1065365127561422
1.602775579143522,1.2690012086029379,-1.4713358440003375,-1.3325872771872644,1.978379075919161,,,1.0822370053450034,0.06738504218892435,0.5694970556657254
-2.2378903374078223,-0.3262748702038076,0.9488034139956315,-0.6403620981944731,1.2350003670659164,-1.3167550769965837,-0.11258026651574136,1.6449214829902106,-1.1508590123142952,0.27147716843810243
0.5850997645137889,0.09140384570291901,-0.25004801489005846,-0.876318380547652,0.19654625427997585,-0.10265682601082989,-1.436294897317518,1.0998474531673024,-0.9100506506190228,-1.4103155855060505
-0.5956818560191317,-0.8927195023914479,-0.25824093095483497,-1.242451134350375,0.44797140427006255,1.3810507744921308,0.10586492498506153,-1.4442855799313163,-0.9132196754307789,0.22128009550381433
-1.9669536769666915,-1.2327821283521527,-1.6475038291177622,0.11542925964393813,2.162179278269843,-1.2609878448747835,0.8163297078582913,-0.5638763678911545,-1.3201728363818164,1.5641288349392
2.15984435088373,0.41186252229284803,,0.06227059516636898,,0.3400787269620394,0.6761184177150142,,,0.1273865511139109
-0.0884521558973705,1.0240620048788691,2.4000807583476185,1.0585644502916203,0.7982439105588898,0.9078744068025953,1.26742269495864,2.4144472790780402,-1.6853852484165184,0.5995949400431869
-2.5812096447605457,0.9513535030164579,0.5510379543519613,-0.5468269708540959,-2.6700306565110807,-0.014394770900357534,0.22284225276370054,-0.06310784255156614,-0.6214279740507603,-0.8967885099410754
-0.05178541308297068,-0.8018765658300158,0.8093003091991557,-0.07870273727289283,-1.7246659294256954,0.17669946665551367,0.4141914638273636,1.6179878745404674,0.9281390644916256,-0.8986908889497579
1.4258264613130538,-1.3860321757851974,,0.7540680991885098,,,,,0.5796718921693692,
-0.709434883801593,-0.1156252326364593,1.7978204661405788,0.6461615902726259,2.0593675875382305,-1.082498577258642,-0.3815575490872031,0.4152584959113517,0.7423578594679768,-0.11678408572238198
0.8005008534488093,0.792958065081439,-1.3879229054102005,0.7534415749898677,1.0732643780420765,0.29615506330952707,-1.8399613063611135,-0.2768362907667664,0.4379402343101718,-0.8657046299337433
0.9183078511044562,,,0.017440134974847837,0.19288637434335565,,-1.285487480734646,-0.4301069140782397,,
0.6920439475081593,1.4723179712197758,-1.4049550948064689,-0.35617726352057455,2.0738581225655643,-0.7429681982348856,-0.7629277049158304,-0.27175466791801617,2.018111743598011,-0.6715241851950495
0.5574844794073719,0.39203405027569327,-1.9284888225408328,-0.015677298204964295,-0.552925193047493,0.677972013296056,1.739070238693987,-0.34454833719499417,-0.3445906866602312,2.5178282365823086
-0.7115415131438088,-1.3430016503344246,1.3775719096898857,-0.050633539120257275,0.2833194390115534,2.2315060943912,-1.4029790571670457,-0.19546246751902355,-1.2362688428927264,0.33518345783094694
-0.5530036615515798,-1.1729375879144057,0.7322774553179215,0.010329116382568502,-1.2516318085058786,-1.1903629969074119,0.20780819833574302,-1.670773831511292,0.22748426837194383,1.3395568507042883
0.6670602949202648,-0.6233250979726,0.2743402715875807,-1.2515761891901285,0.1362838540355168,-0.32684952433447867,-1.0393514093669511,0.6237167026278181,-1.9774739309583946,-1.1858127731227035
-1.0655811561868833,-0.5048075564843136,1.2993374681334304,0.7542598696726599,0.10531206287101345,0.05816408131120715,-0.011756937592456041,1.3718249499584527,-1.815688494594678,0.771558038287678
-0.5081941648838711,0.5029903182964149,0.5077759629840716,0.7332449419794512,1.58364749810942,-1.3710354410865868,1.0054447016087313,-0.06385487022874688,-0.46085595997650514,2.033762121037706
0.7019112394507135,-0.4172045612618887,0.9573123264462967,-0.04605847503208741,-0.4328848505909766,-0.6060871098173184,0.30456317579028896,-0.6138719854492841,0.1554288913834488,0.8870158774540335
0.11051111777073161,1.9765010591526329,0.013206231441296245,1.349038581357365,0.9762954174859017,1.5253012422131627,1.9721040788051036,-1.7613370019465955,0.26516429551667925,-0.11186865959828009
0.11143306296619102,-0.39739994617313396,-0.5434565838518332,-1.099587802101255,0.09738328025693198,0.9340154367253002,-0.4936953962996522,-0.3285075141587586,-0.6980727272421018,-0.9943505924283238
-0.2361437378448574,0.34321648869338045,1.2573461337704017,-1.1921031594524918,-0.030384631308841555,1.1781366384763714,-1.1788379456268878,1.2670164494214144,-0.43895384530847914,0.7113384558342863
-0.21806656258714624,0.4587485370350621,1.6090401256894844,-0.12141410779715431,0.9965000652290501,0.2746371407375795,-0.7860197211232185,-0.14558721130503863,-0.2081044238403961,-1.4118090402313928
0.45903826676709186,0.6579712844176642,0.812390825875582,1.4297898511821234,0.9539254256097871,-0.6030265287705908,-0.3902007329309809,0.8387579930541158,0.38970797116976896,-0.017825885357882567
-0.8747206949648333,-0.5307174513571647,0.5828094107173714,-1.9508473190115763,-2.339969453915128,0.6933773908458376,-0.5334803415648466,0.4685372841113179,1.5766722628797516,-1.0130657975516604
-1.6695931816366265,-0.2763976497172138,-0.6848001077437467,-0.025359007031369254,0.5380325776638044,0.32669427491009667,0.04625184075919106,1.0581587013248606,0.6706996115097456,-0.18139940381272954
0.6352486283047901,-1.5456143361879546,1.0637485748437843,0.02219002179660143,-1.2006794971981296,-0.41663839555413007,1.0375403928659435,-0.767659290649456,0.4105979713461898,0.8787769689108276
0.02443805117165586,-0.8645931389981188,-0.06390313605294856,-1.409392490026804,-0.4886555691111665,-1.107229260647537,-0.046909428100300965,-1.2693127160895403,0.08341911757486214,1.1328701170718791
1.195664870895641,,-0.666097360391682,0.8527652693212926,,-0.6152012964148782,-0.486469580667538,,,
1.0830714105241273,,-1.4192190127852016,,,0.7089596206050398,-1.3211326119767428,-1.3174814631539753,,
-1.1292382472145062,-0.10180222245234818,-1.5872228519266356,-0.701560822961897,-0.2570239320150303,0.4888052393254582,-2.105775658252976,1.3203985251958321,-0.1705490728576534,1.2943874171083836
0.6986973646912629,0.8523003210324692,2.0202962791687438,-0.7816145952474789,0.13544340581940512,-0.990708176361029,-0.10220927449396547,0.7200946458000866,1.1273362877247886,-0.38225962591317914
-1.2047863626172994,0.07330601752955435,-0.852167963258619,-0.5778804099301046,0.6717327003176705,0.48562965223487625,0.834202324830207,-0.33721866722792126,1.0089737425179777,0.01434874146602494
-0.2841554340299909,-1.098802588077287,-2.089935277855182,-1.563927717861229,0.21546224402331884,-0.9075199115558696,-1.6452634270266013,-0.41937534625298833,0.27978003664746615,0.41506943454858675
-0.028870171466186794,-0.06086122092592871,-0.538409526496282,0.6339057708388454,-0.17681457843050152,-0.07633231269543252,1.0378452558162299,0.7919000957144205,-0.1848652446783069,-0.3270565588278282
-0.3348380949258205,-2.021266468596927,1.09689637471241,-0.6848072969311961,0.8546175892516872,0.04158829574698715,1.3916670522732657,0.529484966419522,0.912123116902793,-0.5920777676410975
-1.2854092463305462,0.14752600512732794,-1.9171849761991615,-0.46795293459442144,-1.189432817192722,-0.8396591909943495,0.5956928505794573,0.529966461224456,-0.16196006370584007,0.3200085517658667
-0.5406892222044034,2.4266612518016806,0.3008374771132397,-0.590322104009801,0.8753666259329187,1.240186097694855,-0.7742189123808034,-1.418560233051546,-1.2204538847903803,-0.6699560571082858
-0.054268661466530005,-1.6291300772802086,-0.41824691133405734,-0.20793743735033593,0.3248599190481407,0.6117822754117709,0.40154348299305437,1.7921732894957627,1.0941233787019775,0.2219620379814174
-0.9704876395805729,-0.6754974482616108,-1.4286655311177465,0.15334480518107396,0.3313621680763128,0.8929128045448383,0.26731829488695025,1.0539887918519086,1.0744990285793043,-1.0280960290543202
-0.5180633270166585,-0.011038461280374919,-0.7060746802828396,-0.24332330794676524,0.30125857923473665,-0.12307632398001085,0.000309315169626622,-0.9426388539209145,0.5064421040421301,0.433261692227063
-0.7625003614739699,-1.293227410552346,1.2302447322819987,1.748175382348123,0.23470961331202944,-0.36168493893011644,1.0462780127177047,0.470350036713133,-0.2107071167128448,0.9680745251161214
-0.809633167766715,-0.690805049922266,0.36363175676280024,0.11424141292676071,0.6372790224822711,1.193330921295176,-1.5524490998928218,0.03895177893839231,1.9010804114372304,-0.5965536902875491
-0.7147477503092114,-2.240987322753276,0.10174839861600972,0.580608481022411,0.5785542232603268,-1.0370512533817633,-0.008713679372551113,0.2215461313953466,0.05210767782873524,-1.0948045000474982
0.07730752508065647,-0.8145647475681062,-1.8719074945409695,0.6813064613122654,0.14003586307398105,0.5918952599777157,-0.5344546236344808,0.6265419815640361,1.022128168319359,1.7539889077572322
0.8138551799426986,0.38478964733287285,-1.3798837804770798,-0.10652522923874783,-1.4226614390378378,-0.8188758697343548,1.9550583253336882,-1.0230335112514375,-2.342592604425289,0.813166194426149
-0.6730670683542538,0.7680074944198942,-1.170130028359831,-0.42591373274249866,1.1958814776189812,-1.3220202349783141,-0.16926598184421263,0.29130438282947957,-0.7192350977138331,0.24197020785815282
0.01564769420398378,0.534542804926203,1.8421952379584414,2.6752109629908536,0.46332911541143235,-0.1103941980393887,0.440918822929475,-0.23224224489079312,-1.587382441223023,-0.04659047320829736
1.0821170585514013,,,,0.3723438567451414,,,,,
-0.04770271341704165,-0.4647372436833225,2.742977553073927,0.7496752044237853,-0.4561441372485651,1.1835819268440433,0.25669205791420835,0.057947425476303105,-0.18201551706102778,-0.2500336689000821
-1.2199706812573525,-1.6736619461364801,0.3707398058959156,-0.19208226409451049,0.8774317497104674,-0.8899022128871268,-1.0979435454656221,0.7761790293619415,-0.29533844249082997,0.855733805352121
0.033461380341051686,1.8775228918698121,0.755741237492871,0.40974775657387585,0.799926353940702,-0.27289793586228883,-1.6429143549975314,0.3609280854105984,1.9415892214619344,-2.290442339237697
0.46914495869831296,-1.5351895736129901,-0.02330455433213599,0.07945940555333818,0.7468537052963969,0.2101629458907013,1.3735186548805167,1.1664003644490402,-0.1966741140864094,1.0943928817301192
-0.3127807859057277,-0.4848575679675206,-1.2043833444065675,1.3119639315721399,-0.30002521267974863,-2.4215042311863146,0.5420660296269624,-0.43401681944676307,-0.29861391310590335,-0.23401650687553005
-0.33655245934959194,2.727767892863392,1.662705719712721,0.6991720859351274,0.24132486036232526,1.1287612239686462,0.24366000206336447,0.8158663795082298,0.5582218984452374,0.12834495846543775
0.9403124309903641,,,,,-2.5291507056839646,,,,-1.1024265632359114
0.4399089228084279,-0.0007108743418741217,0.7375816098203105,-0.6514204188993276,-0.33629481442716663,-1.553499861108687,-0.7169201450558668,0.0030982282731083525,0.1741257760961447,-1.6858828344203014
-0.5114507984719445,0.1603155682431401,1.4080434109284783,-0.8450126277557082,0.4900640167477069,-0.5615651013913756,-0.4457764128897157,-0.8775712366878774,-1.044339939925177,-0.47479295792768084
1.048011129352796,-0.7549698852319958,,,0.005213346973517982,,0.2539876722339386,-1.0095776755539407,,0.9862505792851158
-0.14593050114397993,0.5964412955098586,1.224041597949601,0.8457430664435226,-1.3697878485519748,-0.11649880221987668,1.0408314798457765,0.5227455650471217,0.18394124338949466,-1.6395501500141019
-0.616519021959377,0.06932722904651584,-1.4258990187428282,0.7936357029271537,-0.11760571835677901,-1.9796514475229972,-0.5666110775205849,-0.2863259552332663,-0.1298737040743677,1.4196211687327562
0.5784603620133554,-1.365456277963046,-1.489508301571187,-0.26681650090796677,0.12621027822443484,0.9923844891427832,1.729893314412446,1.7842225174699824,-0.44235003467111306,0.9345513481518549
0.4256286989235893,-1.0907865320227612,-1.8878948288099966,0.1441081595996221,-1.4951690036101248,-0.8514594524061138,-0.6848327898876354,0.21875133241926462,1.2806212043999554,0.012743458306455742
-0.5388825134025421,-2.0684669299972414,0.4583735496660603,0.028561512887523857,-0.5496869137597638,1.1660917645396707,-1.1908039433415503,-0.6848812541923082,-0.24502779483301793,-0.5621834271826401
0.5507544194505164,0.46391383049082485,1.0509700255841425,0.5023203703787291,-0.11537363153501445,-0.3398178837340391,0.4552776557136514,-0.19030610421524286,0.04722723501684655,0.5096832881963614
0.13855585804597156,0.3085951676098503,-0.7909216885443803,1.3497056112206598,-1.1066728847851421,0.4391977317841035,-0.48584068196777475,1.0823460437760386,0.8837408449898644,-0.0020498127759394215
1.5547203946167283,,,,0.40497380759755874,-0.9324603242874541,,,,-0.6707499404270815
3.0733503376776574,,0.2329491681403389,,0.5380938712672834,,0.2417704872475942,-0.5644482353350836,,-0.6351075375310171
-0.14802080439187432,-0.6633336674367282,-0.8002648237067083,-1.4010865789974365,0.6720666861847095,-0.672818207542845,-0.7971501426032249,-0.9631690423484875,0.3043837419909422,0.021674509146998068
0.026258269909864157,-0.7613604826626781,0.435232781334747,-0.662348727946988,0.07018121673740443,-0.13973326388212243,-1.6884847801342355,2.0287840197222775,0.574787686533363,0.18020608569494426
0.338035893715528,2.0523301561070446,1.1368664366437353,0.34876401359279413,-0.70830851562031,-0.5505412837906661,-1.803256377518378,-0.36828240352530817,0.6618383704752678,0.6336288982725099
0.6161459956972797,-0.5153640820084743,0.5510435823823195,0.8241840397884143,-2.22695373915663,0.3044224652514507,2.081050763143624,-0.29146452669902706,-2.5218196408689475,-0.8126588519743125
-1.8145392911364588,-0.6343598681267126,-1.224065981151921,0.9308554474208542,0.7785148049367516,0.34298750097849007,1.2262313866287786,-0.5653796676632746,0.07355054324532377,2.1944118224950246
0.5852812358996035,0.5827960739170097,-0.7675433758778555,-0.41657422253554144,-1.0029565989527338,1.6809126132855228,-1.5582106480966516,0.9141389719288129,0.5811211685129576,-1.6033634888613535
1.1424073125786114,,,,,,,-0.8791209300447175,-1.1884031302527271,0.7968345766206809
0.3248761209698765,0.26066205987332464,-0.36422720244345586,0.05129652627977901,-0.7360537381273615,-0.7533019466691219,1.7102391998162583,0.8845423766653827,-0.5614523645280017,-1.4961634136070765
-1.7010861672915907,-0.6341756507508581,0.1077043529925493,0.11836816805876298,0.1483195709177671,0.33422204726513055,-1.0383616561440734,1.507751507945671,-0.19738638068667638,0.2948427305310591
-0.6562038594828798,0.3114892983919865,2.076972667751993,-0.9893351184311101,-1.1155942295706953,-0.8645353151032883,-0.3331544910066363,-0.5214010264442706,-1.0406607408492436,-0.049662314373275875
1.561140855213137,,,0.3429428402504664,,,0.2400413876089237,-0.002656418831732758,,0.739961293767268
-0.8445164060426749,-0.8754991392001988,0.19313420881970597,1.5415250486094727,0.7264569916257283,-0.037532936573936214,-0.9815897207558789,1.5221132710652538,-0.056579819027766994,-0.29020620509882683
0.5551669460532002,-0.4480507247390829,-0.753003815789836,-0.6570939103874727,-0.659762603916201,-1.1273670712647363,-1.2389225713911283,0.972029812137327,0.6688411305451388,-0.8227978596840445
0.8884023586780654,,,,0.34144709742466905,,,0.998652976595707,,
-0.15021158483774114,-2.405327852769715,-0.7217351961389874,0.1322607760062905,1.0826244194567818,-0.1534996566336755,0.029815353586607966,-0.5872686246144548,1.560926512724463,1.5006895210123234
-0.6762443245410552,-1.516410660754228,-1.807198082017861,0.6034085264205965,0.13522092503440442,-0.7817945401483878,0.2718417085056509,-1.2303248769928818,0.7949232092074997,-0.38230988029898627
-1.0814590702112945,-0.3670146994624367,-0.4014753701930101,0.36505836840291495,1.1659975791029302,1.1141339414127562,0.1596315176718564,-0.1871906523683003,-0.5686435677259153,-1.7680198924669173
-0.019213646367009278,-0.8510114628109127,1.2183387261941783,-0.20072079762591638,0.7470859935275763,-0.4825129100849319,-0.6754824647822377,0.6047902674719088,0.27763396965101067,0.3222072636981806
-0.09377925534826013,0.7893900878979194,0.6447728690667461,-2.176820141332528,-0.25745334122329727,1.0147407760676095,-1.0195349912217828,-1.6923958208608505,-0.13878184335042867,0.5207358588973382
-0.4604813483109736,1.292946259703771,1.8436220518708573,-1.9250775383648886,-0.38399431273163326,-2.281841421944396,0.661009083363782,-0.6798557833644203,-0.47580548644841225,1.1480919392975795
-1.3283964828831105,-1.5795615705197108,-2.2774756018260125,1.2705275263824707,1.0382189574222174,-0.2938880728617744,-1.2752454673681097,0.834097304950626,2.75467557987904,-0.23568762410081895
-1.2029038931308162,1.241692745580708,-1.13248828613947,-0.3666745133272728,-2.63870978997273,-0.30327332245536753,-1.2782872210902028,1.2588328526749286,-0.9761436400172981,0.779809628174838
-0.10493876806001426,0.12536445993517284,0.5222210799848434,-0.05345331329138289,-0.6478043678861966,-0.8120262567308079,0.5089798800291158,-1.9017385265327504,1.6781643812833407,0.1318217278130731
-0.33739491018882556,0.26608481222741037,-0.5942977789985715,-0.17804814604817612,-1.131722899054744,0.37508593380991884,-0.0784558311111883,0.1874689672050717,1.4831398464138708,-0.8042083876844339
-0.12888375039939085,-1.651415562344076,0.5500322023103386,-0.01748464149501632,0.017346390837190865,-0.1573611444875172,-0.5781898430277185,2.4960279472917755,0.038216591666640064,0.29651683617251823
-1.1394207491127075,0.8851067978114843,-0.12346545376243015,0.4458134511265785,0.9023339294850374,-0.10390785421813897,-0.6769940989315164,-2.3277367759056697,-0.38718025602818623,-0.6824069285791311
-1.1430532825977944,1.453085933304462,0.9827664728683249,-1.829839257035478,0.15371046811195918,-0.8172437602800985,0.36679394484608846,-0.7996469348401211,-0.5389969019800546,0.9630393913782946
0.8193409437243119,1.509480198314607,-0.21704800117704912,-1.4556618976468023,0.9212937129307146,0.9270873190059767,0.6282704364686399,-0.7437509259153502,-1.070802277258022,0.535964270427559
-0.8861529832914645,-0.30797326694292015,2.9065100699385082,2.128948641100596,0.7926901370504009,-0.6622669514770377,-0.7223247307618578,0.715790589550723,1.4969904970247194,-0.5116352845437269
-0.45680078827698983,0.08771152283539381,-1.3889660989063581,-1.3583902344493248,-1.1760064750858763,0.5460581563942406,0.2719947042136562,1.136950074725536,-1.7371956849932968,-1.5169127918757643
0.4557215176998056,-0.8720298290079795,-0.7994311163583493,1.012751471162713,-0.5529474530457534,-0.43591405729956817,-0.2500905403298752,-0.18942046378835165,0.6849357602204122,-1.2100043972597048
-0.18811599317430494,1.1623719492089837,2.1327516737915433,-1.356638688383702,0.331006248131724,-0.19011161719258576,-0.0987941489031076,-0.7895817595519928,0.7558044372151379,0.7044940919144822
2.5228755695971703,,,2.0547313530083935,,-0.45679789546843486,0.18824138130818194,-1.3948524386685315,,-0.08026196986680904
1.0737787793661726,,0.9403329357065909,0.19083596384853357,1.6043463207015851,0.5762530715770091,-0.5331206920323547,-0.8092244393985357,,0.5888300709865931
-1.3316196707659167,0.15510595928459378,-0.8328738365224929,-1.2531208944142564,-1.0916645193750876,-0.02379155173232042,0.7637748618725383,-0.675936414548395,-2.0759771157675355,3.15433394861123
1.1177967442564694,,1.6278786109198733,,,1.355791407955194,,,,-1.238772230363362
-0.257469608575922,1.7038147826196066,0.8043442517467834,-1.4620208488761948,-0.5311027350228276,1.5409567313601042,0.45521715039868305,0.18188931760094634,0.2119609980384805,-0.08356139314828546
-0.5242429033716477,-0.8335887780360174,1.0103245724177512,0.23754539302335487,0.7070530999820835,0.5466889786946403,1.4087164652803053,0.45464251213034335,0.8236096027298797,0.16728303949626683
-0.9474438585699145,-0.2256169905519794,0.5899192992382776,0.6776727344639489,1.4510279632351402,-0.45992039051491723,0.22599823208412917,-0.1291549206081707,1.6243125419187334,0.376448591917038
0.39559421302163983,-0.03565973103800807,-0.22506874989077708,-1.4486697343335218,-1.2612021038830508,0.1788444618839156,0.05414915556033511,0.18442342112453017,0.9413892528547549,0.09293910843724024
-0.34831140601479227,-0.20997621724507326,0.24390680542477594,-0.3800019893603005,1.064393550615181,-0.01127395289242224,0.2516623160953699,-0.816566931864916,1.0648759628732933,1.4389656748742061
-1.363147130491647,0.40088908108267757,-0.10791106968893655,0.2840358354590264,0.4520936539273069,-2.2349557983170003,0.7594867878007212,1.1123977427686944,1.2248049386753013,-0.9446221404569713
-0.030972752445210135,-0.5389158192389008,-1.9152457504853029,-0.620537215993961,-1.0841081396307675,0.3345263327879486,-1.6314479053743183,-0.9795485014573647,-0.5194641368635342,0.7701602246820013
2.7777749453404548,,-1.032110806153423,,0.6580580807567452,-1.3460044771175332,,,-0.12507151326680993,-1.6848861731077398
0.9203871220431893,,,,-1.5837999944633745,-0.2306855580867853,,-0.6520193365636839,0.4327794486830927,0.7024599808320131
-0.018246859485475896,-0.8839430254445377,-0.6474113748753153,-0.664772640888443,-2.1370644240880483,0.07326017835365789,-1.666075216957476,0.07619570907547965,-1.4594352633378065,-1.206254422680017
0.6686156306080209,0.02456939318613581,-1.8848423546084505,-0.558797689332024,0.2619485418918083,-0.6192906226800858,-0.3431517544786357,0.24407245352396614,0.04470323124419173,-0.9922562929498568
0.022302291943296134,-0.28734447568354304,1.7241183849758055,-0.10308278250149543,0.1349726769673304,0.2597862527484236,-0.3223046840325609,-0.7199228493893658,0.4597676950576793,0.46794574293884994
2.0825765201900213,,0.7592792989687467,,,,,0.6879721330580653,1.4216265546611417,
-0.1669350543983701,1.6766745274685535,-0.4436544302961796,-1.1481532776731964,0.25299192199787934,1.2918605074542266,-0.8438001281172401,-1.7047937898052858,0.03770444873504421,0.7714368991309327
-2.964566384816968,0.9773682878571948,-1.3667971325945092,0.7248297618479643,-1.9967010158202827,-1.474851869409402,0.6187184168872344,1.2157695211529504,-0.009141293870519174,2.39534443410562
-1.0225959019372366,-1.0353676289264606,-0.3022163861268886,-0.3498076689059971,0.2834821745661336,-0.7428552490976797,0.5675105511517674,0.5436090217321041,1.6133811048096596,-0.4904436645117554
0.33697092587619126,0.6058420819820637,-0.007229433745280785,-0.211666390888874,-2.0637603973292102,0.0833934635158591,0.5954985478719902,-0.05781596334284114,-0.7822750809531416,-1.6792150907894845
0.4530579332395031,0.033130278033810745,1.3899512202694282,-1.4493970403350278,-0.47030859916608486,-1.3213068791307137,1.0253190489211343,1.2390365926043918,1.9225835705521892,0.5214246170628167
0.789269217889976,0.43608375736766736,0.5731057724539809,0.04907655587171373,0.61882794357346,2.139993050827792,0.2186793944754372,0.02400677739878915,0.19807469635718636,-0.1490918790122348
0.24642215453267752,-0.18299792220435596,1.1439827552857997,1.0440599707887819,2.1659349390540004,-0.023539990157896894,0.2886371681940111,0.246973091183905,0.19959296923219974,1.1299935517730775
-1.6249843063877973,0.46070871290481746,1.9957692858503804,1.3629460631718362,1.2485667905842046,0.8420610010646401,-0.5957814121255338,-0.7498427797898839,-0.7420296755611172,-1.1384547820148285
0.9466085823357876,1.4683632527200146,0.43442667215527336,,,0.5687594216993009,,,-0.4255398468447668,
0.22576471250607377,-0.7156008300483515,-1.0756098839734214,-0.7459503488334805,-1.4483345077211902,-1.1552068644082596,-1.0178913169715553,-1.4350834552497842,0.5287754617581336,-0.9004966010482696
-1.8631748076228203,-0.40125304138482504,-1.1132225909648439,1.4590826539759236,0.13291438898682265,-1.4704798668362538,0.5686968117443246,0.08497570986669034,-0.23860912362544964,1.5746192676909097
-0.9755208750058288,1.0351461561034292,-0.4095218020117444,-0.018356463289033138,-0.7498262070585292,-0.6860746850335528,-0.43603951823284376,-1.9007645986267943,0.3466491878592322,0.1148939016385629
-1.4977068411102,0.659953018688041,1.4570635136093826,-0.664518901487142,-0.7847700706099305,1.1134126961357311,0.40325146444605264,-0.13592373151478973,0.814562139517512,0.27411034403463935
1.428500499804823,-0.016754400699734377,,1.0980614757459353,-2.4478289257701333,,,,,-0.3058989828723583
-0.45551822494486627,-0.054742981984318144,-1.452290329775858,2.1991238053449407,-0.04251659078536873,1.6455904669324242,-0.333207492714508,0.034005588082296576,0.9442641632988408,-1.1022146017913539
-0.10255021836669004,0.9068023437867944,-0.2130339531881631,-0.48307407168024363,1.1152280869092426,1.4011154955258893,1.5601332405589254,-0.6749913099880899,-0.5793160003287822,-0.47157999073088963
0.718520585314237,-1.1967978089020488,-1.140336304555083,-0.714338102016471,-0.9382225372182782,0.8843603051246332,0.8169719737921174,-0.48168123134658586,-0.19386671229313573,-2.539733171096944
-0.4574276729451512,1.243953509563246,-0.5118199551739154,-1.092510334774032,1.3762250856794112,-1.114480191238373,1.5460602142163689,2.8879124953969044,-0.10937728020825538,1.2437782197196598
-1.668933778376113,-1.71294142172579,-0.7967274713375441,0.8224198952736091,0.0017440570753952179,-0.18640178380653927,-1.290835734281498,-0.12734992682443913,-0.6436118208408672,-0.9224957582565227
-1.0073616254856477,0.19193921798128116,-0.7203272185818431,-0.006517414470083433,-1.7690137971031707,0.5031385409124566,0.2407133403764284,-0.23136925632427968,0.1615169585352671,0.93416828085735
-1.4488100257494023,0.06669581689348869,-1.3051394937390508,0.08760831113161413,-0.2588540279719497,-0.024911620067423812,0.8484130296949599,0.8185098286786511,1.0867090714801309,-0.3963778059851582
0.7031707064701076,0.5066382825412106,-0.3712092125640576,0.11720279088520369,-0.13218624816475696,1.3948862787334337,0.8102163756896525,-0.3358654507096486,-0.4054427870947975,0.9576152586862193
1.3399693227028135,,,1.3031314848049185,,,,,1.6990449866852613,
0.06128630753386176,1.9163760918349384,-1.8617756901874913,0.21595846959657927,-0.6605660416165414,0.0001693163775245685,-1.2058799833791798,-0.3708785171891615,0.024777175105386715,0.23832006053661792
0.8956446182132107,,,,,,,,,
0.4027413205252121,-0.9372015513733638,0.6927219830149257,-0.054455746202804946,0.014957960059399306,-0.24634484881759913,-0.4066888698088336,-0.23298333892993134,1.1816503230464808,-1.5343727678715755
-0.648136338106892,1.056660523347073,0.8197733102918805,1.3435303709772901,-0.05924231922764349,-1.3182911357525373,-1.107841787138426,-0.2987111411101085,0.7606966886801599,-0.25467852225435184
-0.3316815254917582,0.39693500964271855,0.027721465758650133,-0.44058810842159596,-1.0015129473660378,0.9469531002394159,1.0478132263203508,-1.0576868679287315,-0.4026096786175421,0.6669728023030699
-1.1376621161026823,0.3651774587645891,-0.3264919860735809,-1.2167572567692486,1.7773422532100214,-0.3414343113156338,0.5243073802516235,-1.121171539818927,1.5523397646387853,1.9473863759960417
-1.5021790432104791,-0.16456038598815462,1.3278890796737721,-0.4684321875177571,0.40929891646790395,-1.6803455751302065,-0.7883024305697173,0.3050437343451042,-0.5894618684646402,-0.36053528216138137
-1.5155741888293852,0.6540663461124508,-1.3395782618717547,1.540693362375532,-0.6826917252204723,0.800703114590455,0.702204403315143,-0.9850782835302282,-0.5757571684659698,-0.45743845764730084
-0.3896531409022785,-1.297668284136256,0.5338692393190223,-0.688747756266279,-0.11417405246945937,1.0063534944894632,0.5717970974274376,-0.6213058534640502,1.0409322318928869,0.6655397730570877
-0.7058447514671461,-0.5140478162299557,1.000504123997074,0.778676155815426,-1.5025652514641703,-1.0055926282643048,0.6953791603490053,-1.1743745510818715,0.8049378377158511,1.935787059812025
0.37328960076907064,-0.9229883493783066,0.17650573046074605,1.0346130217275102,0.09891042483573448,0.48383648805288965,-0.7994130038522403,-0.7236701394797966,0.9060569663279536,-0.7120622337148926
-2.5862031088558277,-0.306332574273596,0.314196039027041,1.0585106011813064,1.6457756087496425,0.0846999416792923,0.6586171691017203,0.12062635039185997,0.3540701477437834,-0.18685950611579075
0.3864414756648573,-0.7299228277507441,1.98008550325918,-2.39122753255542,0.5708866345099449,0.31954835075347143,0.37128177495757586,-1.1828174122930073,-1.6781456213932957,0.6057750727249509
1.3410009851592604,,0.8052697599389995,,0.33157372590498746,1.2256599081264363,,,-1.6345722694022016,
0.5459161249528968,1.9028106771572895,0.014273915097697877,-1.0339175479848346,1.8800788497290917,-0.12614167962270417,0.6647788738568058,-0.33442478931908887,0.14227590122789083,-0.5621171364407703
2.257643556598506,,,-0.7884618274139973,-1.8250233901554873,,,,,
-0.8290069707889384,-0.07979226826082884,2.109694026292603,1.1002328390392544,-2.053187253257946,0.6667307879073114,-1.1487348517386076,-0.6815615353619671,0.5103904052615297,1.3984357105243324
1.3492656081934262,0.33156663435735856,0.3456174516639992,1.3462120651714684,-1.5755440504513816,1.827355162170418,,0.2606136474595177,,
0.4615904770373311,0.2365356939214955,-0.10539303923271377,-0.15266556408363005,1.5259470580225225,2.192803090152836,1.252902571660937,0.2774085575280851,-1.637266794738393,0.6271556970171868
0.6713903526211947,0.7713329294051153,-1.1409809425323216,0.8500639658055714,1.5615861927429908,-0.9826222991161745,0.6846572976787832,-0.8117766397843702,-0.10426967492120225,-0.948691202361331
-0.3507123116517638,-0.34295865827872946,0.41227494573519735,0.8903583309026862,1.2161776145585785,-0.6519660322563389,0.3598685125907831,-1.0981643987954721,-0.11068803719720217,0.04274085315753516
-0.9225368566964205,0.5591057512716737,-0.15575461621944514,0.15436920011455715,1.2245085264879219,-0.4276766927947394,0.8501982731703276,1.4428781960628376,1.381603501781544,-0.18813519625445785
-0.9726621784754295,-0.7099316580098062,-1.5866825332607466,0.686018714448087,0.7480857541010061,0.11739865068761052,-1.3761358821506766,-0.3652843158149106,1.3802591534950248,0.6096639835968173
0.7830481965571856,3.3080593251881165,0.32807466649048816,-2.158654085201477,-1.1010999516961177,0.30555565782970895,0.018739095318541118,-0.17198769942222275,-0.15443170800690736,-0.7844353720980158
0.37381438820197854,1.3943607600052987,1.7323386519275694,1.7039834938059766,-0.9559666706795413,-0.02017531169288903,-0.3138400775539207,0.5919731303509556,-0.08269638676660652,-0.22562748799298785
1.4545792886223865,,0.12418362454759992,0.4132381792818131,,0.6819558713617342,,,0.3244623565264023,-0.10237946353451963
-0.3008787436676403,0.7577806282931572,1.29654293729385,-0.591759355751036,1.6869375044595738,-1.4316476500867232,0.5902614384933861,-0.8906858046548616,-0.6417719539603909,0.060079502968917654
-0.39882292166447175,-2.8632766476701437,0.6114695614875086,0.7797605847603627,-0.16106341205807184,-0.23963855216129976,-0.37289009344832696,-1.7114652695867176,-1.8172882574197327,0.8036317114609134
1.064700702925701,,0.37925368085942046,0.7827195653313729,,,0.2224607417674181,,-0.28286276454679254,1.1402046547118185
1.5746613997110308,,-0.2550742570428718,,1.1614716100216715,,-2.989578011424894,,,
-0.12440171553885217,1.5301814051454,-1.0780438798588288,0.1010516043613916,0.507962283902583,-1.4276315688509178,-0.563841847050409,-1.690836367956179,-0.16453174711419805,-0.7909933726510312
0.2076857045862231,0.634825212667178,1.3886288002115532,2.3322807627847513,0.207699850660601,-0.3165701535257132,-0.3746651453803178,-0.9648663187289667,0.4481546868619883,-0.4948742552984696
0.5180522441060428,-0.933026523634666,-0.46607672938288114,0.4323534171511313,-0.12490527142728254,-1.9203214388640786,-0.015192818557596516,-0.8017737307882665,1.1814295165146573,0.9711111379015475
-2.2829303943290142,0.8014988955026504,0.3892995862588766,-1.4840428021795111,0.8783234526312093,-1.2798845949072164,1.1453781147231823,-0.6461883645293277,-1.5180472998136585,2.1207479040656207
-1.5463285009509224,-0.806024122088647,-0.6099204076991136,-0.4556683615262158,0.6987813754763945,0.05791193552104871,1.004302877532888,0.37191717711864786,-1.6729999500052222,0.5498572191028698
0.23380652246361455,-0.6246286704939146,2.0737253325203056,0.6083481134868849,0.9417267430778059,0.9765729625632564,-0.4200535130946671,0.6333851431050228,0.31602690372693637,-0.5570254179622015
-1.2215828997246443,0.024231597611008647,0.586929348856534,0.016242933363579327,-0.1823113469648214,0.02735798989342643,-0.2869792496103841,1.5493192818057706,0.27024082625921153,-0.48646266165058716
-1.8080261431884694,-0.19720857101177683,-0.5768239164238894,-0.613960947538262,0.9426112987040297,0.07973566052425837,-1.6824452319268726,0.6188318467947811,-1.5820366585769232,0.6933198202659886
-0.47507524025116815,0.08690721189565556,-0.024906621602290034,-0.1481268329796724,0.20952395190084533,0.08188423091995292,1.8697293632216525,0.2239484120144436,0.24718643577001326,-0.7095210638327243
0.38089502373638096,-1.0235910604713228,1.1501277296265526,-1.4843484592555873,-0.8436586927634225,-1.629132816035183,0.4196437421739483,-0.42387349291067156,0.6859273082492615,-0.9755907853757635
0.5314754975299784,0.5798366218536198,0.21179778831928683,0.03087349885571783,0.13719918326664163,-0.9106925114980597,-1.0752695362612872,0.543872601264414,-0.36869101971730817,0.4533919623624512
1.5509884600090031,,-0.6000903652662792,,0.03897112531001422,,-0.028386905616412966,,0.42084951497111306,0.780824389474645
-0.03686041845402258,1.011831229528796,-0.20527294641358487,-0.644223698729313,0.9053448206937561,-0.057288546480717586,0.24526469652535665,0.9818827308230823,0.13898349329664303,-0.1492487497351865
-0.5353963044999637,1.0616808488483571,-0.3417263960606138,-0.05110048145455046,0.2869076628730871,0.2827852021624104,1.0136995777295208,-0.06981912544241038,1.3763845846243552,-0.24875676920769937
0.3707616346399729,-0.18377406582955785,2.0931399812771065,-0.3506367306839494,-0.2601985738484698,0.11474098946722232,-0.2667734323895389,0.31448813981473184,1.2290882522949644,0.14730440246850174
0.1842698004185029,-0.2291498805049794,-0.5050736438828476,0.0965297673735561,0.007599239631291492,1.1732617054722771,-0.9590779258828945,1.4545346954494796,-0.146815103463088,0.1485346852625671
-1.0648365124972743,0.5619368357210239,-0.9604763823940732,0.373390296271696,0.2756994075799737,-0.3256211097827334,-2.065274297458198,2.1606246856870017,-1.054191395860005,0.2727468402328118
-0.7298060520533185,1.0480033874839145,-0.3794863353468965,-0.7519747735310397,0.5951567206298836,-1.2719571068735451,-0.41327861179083103,0.6902451506944685,1.5068426113852955,-0.9624115536198082
-0.6115588608365392,0.35213767549439434,-1.9974231005714738,1.3576241436733134,-0.9994971014708457,-0.43740992762641545,0.26084438514129243,0.05123664844606407,-0.9636160126179222,1.7214588964326363
-2.57513249077656,-1.1220076235275476,-0.636774836623719,-0.9497045760473027,1.2195535595848135,-1.6583436943555845,1.5574630321225897,-0.2781337032854542,-1.360942667199639,-2.1009038140192993
-0.2151305887756316,-0.7019701071177953,0.2364948242338164,-0.45057227763428864,0.9558026707414893,-0.14249119563855533,-0.423908441726734,0.9732542917672854,0.22816951344008177,0.7746316702402287
1.1486607170966345,,0.038247878334072456,,-2.450656002766061,-0.10176735488983292,,,,
-0.7377630176965518,-0.4590172842805163,-0.6644099638900682,1.2298818462402767,-2.0855767600052513,1.7868799801694446,1.4733705421009686,-0.5648653374056279,1.0269237750029143,0.1300898358255966
1.6529113448346369,,2.193144574626354,,0.19134535465019,-1.724103493162283,-0.5187136982770171,,,
0.5139386269639443,0.4504617431920696,-0.5223479251190953,-0.7086424001234951,-0.5491576679920709,-2.7303940536640914,-0.08203857394471312,0.23985002251716167,-0.6192200259510887,-0.1306817693387231
0.5250486664400338,0.8848023691041429,-1.197809697272025,-0.7947757412415984,0.7529594359712158,0.5890072169265037,1.3443987503738941,1.3029252972552734,2.4148731647140864,-0.2927658675228466
1.5785640038175794,,,0.4546968991951034,0.5420199627604748,0.9899256207620253,-1.3553632963411402,-1.0747551176356496,0.11567361239353575,
2.0825539212369795,-0.9491998952143296,1.5401929848656268,-0.2655892555111086,,-0.1638428525080653,-0.30527713933086137,,,
-0.26780941623945564,0.45663899565311594,-1.4023280038379202,0.5818299961604526,1.18051964102,1.4799308198211276,0.3376639936432341,-1.8046506452916087,0.6476200021253997,0.9671713267863056
-0.6965341718858925,-0.07268294838859898,0.48359945104486557,1.7872604528244793,-0.2558496872058859,0.8912558924449844,0.3162976237247731,0.19942753035386462,1.3304694776464394,-0.831422286969875
0.23040640029562715,0.02718527830870339,-1.5069199576042707,1.232583335459925,0.8290171765016697,0.0338794045681714,-0.26137899435549206,0.0002219095423826803,0.7073715755009473,0.05289513086779794
-0.6675003431336348,-0.5170795735981162,-0.012124372256320298,-0.9325931528828654,0.333323732102234,-0.7930162656870993,-0.9543380894621898,3.1931320378016963,1.9398514095724797,0.1439450410199166
0.8510162673097027,1.0209480375208757,-0.07544381118681319,0.2827557530232623,-0.2621704370825809,1.2556704097349487,1.269433027079119,1.561918878692175,0.2659985697587513,2.1678049680878106
-0.0763511097576736,2.046930483094217,-0.46329971269721026,-1.2974403105691439,2.0278080270210506,0.6603771224893696,0.5191225035881584,-0.36048459594113313,-0.8451490874996497,-0.750251674611615
0.1385472842460188,-0.1502006644493977,-1.9405799778619113,1.6937592132657262,-0.4197114697563236,1.2384094868990556,-0.7056480655056492,0.15484251022920514,0.9723113095655427,0.8343459227134823
-0.2679606557685939,0.5092939120448577,0.6759466689945814,-0.14792954257265056,-1.1137182923384024,-0.6245669594479263,-0.37922892403964115,0.026058779255487816,1.5923804481079151,0.9074824349232624
-0.8160637573026742,1.8365222950801159,-0.07882967515242752,0.6722856626668532,-0.9389868447082806,-0.45223666929114203,1.0379384506813507,-0.8788723959196283,0.055171288978492675,0.4709107479718175
-1.022936800336293,-1.7775315230298434,0.9073844497801132,2.863382576322228,0.4588661790404207,0.650747038277568,-0.8840722072800374,1.4696747224948015,-0.3767660854872189,1.1637173215203156
0.6072976612097366,0.6316969289806574,0.5933061756032936,0.5614351287916532,0.28339022800644065,0.9692630623722158,-0.7260487634329718,-0.23882037049138166,1.4680883968622018,0.17290635338975055
-0.3259398223755232,1.0348693780033964,0.8374312855356256,-1.299819371680694,0.7299315307952567,0.13733768301037183,0.711901547932619,0.010704826194995028,0.46430089705121336,-1.8309991921565574
-0.8949351599129518,0.7401011656508809,2.6214363477134826,0.3672752994984995,-0.6928046976549085,0.13541022475122927,-0.893424285860777,1.2498233976328597,0.048079804822832486,1.05320803426037
-0.15345497244086595,1.1419605432591813,-1.623595401441984,0.024477968595076054,0.5395886263906956,-0.26835087597899937,0.3595100452258407,0.3425440231720274,1.0488333600689879,0.6215263867946322
0.392928122284092,0.8794636484206944,-1.3530517757399212,-0.7524099181998664,-1.3852590632590096,0.548601883351622,0.413813917496319,1.3852950703630618,0.35166598561047696,-0.6317014554827616
0.13400081178914525,-1.8754213984352608,-0.4082262755587498,-2.3471027650545535,0.3285206391397007,-0.2792984429318849,-0.13227567242221916,-0.9315841956019763,-0.66885653941027,0.6926163908889328
-1.43606992285352,0.5056876897599631,-0.8112220269536266,-1.6810025786683576,1.226343884115748,1.3291807563447846,-0.5394679015988211,-0.5492748955343216,-0.2508746320255665,-0.8100653015267859
-0.6338473531372394,0.4500609550258328,2.0738937864068006,-0.35470979854213036,1.023104191827511,0.35289190016815775,-1.6722352416148993,-0.0244360796822767,-0.15005212306100058,1.4645379897484432
1.5051533841796465,,,,1.1193560419486799,,,,,
-0.420543922502407,0.7522553123968237,0.8934604037246472,0.15839014047222033,-0.3122911290400434,0.19138878012921687,-0.27847566987518413,-0.2729114773333333,1.960033466275064,-0.47548701263058757
0.5077884732255902,0.15292426776732435,-1.2265471585873207,-1.2610182483132544,-0.08111742599045293,-1.9526947715240315,1.8304057767536248,-0.3616147103562734,-0.4431915709531915,1.2230637226477963
-0.14071943786560923,0.6510431736390553,-0.5725846135568161,0.04543343723071521,0.9684781571298529,-0.8618132713014662,0.5277350996377672,-2.416511538746703,1.2655047723801816,-0.5564164004642931
-0.08565748195305366,-0.0979536094752339,-0.9748568025394921,-1.0516303357620664,0.5213445129702937,0.5683354833506628,-0.8852734745864504,0.5410637307255133,0.5578941750728678,-0.3782190971564044
-1.2934954358513528,-0.0375433134677038,0.3650818881566264,-0.0588650409816173,-0.5924940637370354,0.4669693987202058,1.265324501481836,-0.7702968644036874,-0.2980075276990606,2.743142601279412
0.2908676630835595,-1.2668069170871836,-0.4775825775205952,-0.7569207908605199,0.3803932187949782,0.30772717438234215,-0.6364871852010423,1.8563109904124113,0.08513332568255527,-0.4557300361667431
-1.221121778169956,-0.8947654196178271,-1.2460238198773965,-0.19056805512156186,-0.8849636760680823,0.7839839966457599,-0.5844321380740177,0.840200991637328,0.49146732774963325,0.645507549344076
0.8967490550762951,,,0.8459992767356775,0.3981189930887543,,0.11079752604802592,,,-1.0043085707552755
-0.5692102412204537,-0.07474971166100915,0.04635596695330499,-0.7400272658414223,-0.9908724872828961,-0.6552901381615949,-1.7093067251324054,-0.2881349319462584,-0.058406392761551684,0.44103644969915334
0.16687171841462367,1.7933981510781472,0.8123733436012434,0.7373133529430761,0.3647018004904597,0.5357251745204445,-0.2207396997130866,0.09962157868567988,1.9215570746170842,-0.07005456946833895
-1.3318650576054856,0.6968079580579023,0.8752086578241063,0.1545234308673437,-1.8783454512050353,1.2866063929077398,0.22990672636600173,-0.310258460637008,1.1880591356033177,-2.0246384584135004
0.1118612278830547,-0.5407933236109528,1.4921462334364501,0.24288289959455395,-0.8646547115272375,1.138234719102886,-2.4590321135731767,0.5079017093737574,-1.2632915819417612,-0.4624376426560503
-0.24067732794371172,0.9101123986138872,2.203411345394438,-1.7795529463962139,0.4463042336647928,2.202456126998669,-0.5729296867092878,-0.6349990317224975,0.23594624544430137,0.8288350125761271
0.65759804058411,-0.35870210099753347,-0.802536962838005,1.3161299445374746,-0.7745707596394721,-1.916185055728417,-1.4533955196225623,-0.5761398246545762,1.492505528412098,-1.1883620474459569
1.5219181659143337,,,,,,,,-0.7729321700556635,
-1.4095256597993822,-0.0246214955486157,-0.7985573422971792,2.687749780293086,-0.9176238932997199,1.929934665532375,-1.1401670112686242,0.26277541715639147,0.5003139998725182,0.14176457768971087
0.08040078763871984,0.8614565341045335,0.4173679507543039,-0.17290236586128377,-0.6744332340548242,-0.16574267824610864,-0.17808798918860488,-0.19776489396226968,0.07619952259538343,-1.4093221141759749
-1.02757871528769,0.8317737632977102,-2.2504178922653395,1.1970320106998384,-0.5589206957395619,1.669471795628966,1.2262155455555348,-0.3273999357041254,-0.22371639508236107,1.5932608457846005
1.2732342584339045,0.9727401918429672,,,0.2052973001820609,-0.7703767016350556,,,,
-0.5000350781343038,-1.2544771139834048,1.6967930932968103,0.155826527421216,-1.442193576035006,0.18197091342833357,1.5213897973307664,0.9587274813350937,-0.5187224261064428,-0.4947074911803534
-0.9570755631547909,-0.7422538374638797,-0.6608861109317863,-1.4682717504673002,-0.4439801092238646,0.3439785764752082,-0.4139969842517069,0.2173533938733192,1.6219332271200901,1.8356653208586067
-0.06792712477807855,0.8801821684275919,-0.16664639433632997,-0.48787394775796245,-1.1168254005786553,0.0866123725631,1.0843822821233247,-1.2744199089880062,-0.2870936395541087,-0.3353415808113197
0.2468788805499315,0.26276569422190993,0.5372355784255417,1.8969822360346478,-0.8704958051834639,-0.9254524679108664,0.2473655471056102,1.452723539502085,-1.46237797554516,0.3313723609370958
-0.20133858777335667,0.8542881698918481,0.6281901115403958,0.04851681181523809,0.48752264313920374,-0.6582780536303676,0.8002242939145273,1.3865235312807536,0.10016050907470601,-0.40795271179954445
-0.14515207427447147,0.7897066358754802,-0.04186596292185646,-1.1996434870661867,0.9521047829023668,-0.982835591885607,0.42449403693020965,-1.8663618845659335,0.10815078796415663,-0.06829605254346013
-1.9670674892776667,0.332814506924558,-1.1013603566408838,0.08475192905217316,-0.4117343005133051,-1.4805564277819594,-1.0457260450529462,-0.9656936365684827,0.9824128235630344,0.8358155446092013
2.1945014263522276,-0.5118763410017176,-0.5440659384063772,,,-0.5825630399927341,,,,
-1.4027929737343607,-0.15383109476167509,0.43263000264519086,1.1169418272806644,-0.4337456078850981,0.10627256018903411,-1.6821247406975852,-0.8604658467770981,0.20714196944506144,-1.3590144344526245
1.2370120662809045,,,-1.4821638624169777,,,,,-0.2304001022099178,0.7322607900288675
-0.7110822327098397,0.4448835278185975,-0.3277426673451403,0.6123166915810221,-0.7864775896991474,0.28099146749076054,0.12013130834639067,1.3623194389740725,0.558743188933528,0.256007137756969
-1.469888281330458,-0.5252483343192758,-0.8003980879259819,-0.8222051706549629,0.01550670308530951,0.2408210785527905,0.27994113082726185,1.261443886073777,0.4835492639650347,-1.2278508697982187
0.20254088373507328,0.5843774344236005,1.2621890224289114,-0.15419161035506557,-0.1444675195023722,1.0788965598876248,0.17858335606544445,-1.5984083214456843,-1.8128716831795848,1.840776936130149
-1.7137276892686975,-0.167211890719294,0.8831169744224983,-1.7646071116849862,-1.0815606171165282,-1.2467405301663381,1.8011263022861765,2.0181540788756562,-0.7341717273338481,0.5794982569971204
0.30806242305858345,-0.2807933030136654,-1.6267764926212422,2.3074640161842224,-1.8160137756217858,0.2121050711442457,-0.647597706911164,1.0080613207294218,0.8459466761719828,-0.9788134180296996
-0.7901268641358454,-1.550151395515884,0.19480122099381073,0.7108772807530618,-0.4416641014902345,-0.24480421634595914,1.9078467140058948,0.9362376401596408,1.347764725239012,-2.2420446647815004
0.5471920406249445,0.25137243730089476,-1.2519853254848416,-1.0438978550374658,-0.2184358044286197,-1.341995532252021,-0.7987002363749919,-0.4615930517369341,0.573519246039084,-0.7068059855717972
-0.44723739660245165,1.0243353009241472,-1.7642589329784073,0.22728640055451244,0.3894037132661064,0.41682871588221865,-0.501354765598401,-1.0648629339842688,1.5195147828760271,-0.8564954287863287
-1.1170296108229059,0.02020123213090838,-0.739122392040015,1.0508039117638954,-0.2651748382130801,1.1804735401659667,0.44877466915805325,-0.38821051962716546,1.1140167386416397,-0.650837034534919
-0.32014313640280584,0.529159113915139,0.22662482980354054,-0.6736865634932798,-1.5363501953617678,-0.018643503469567085,-0.7271182245934816,0.029645756952625533,-0.4209737552583279,-0.717567831748084
-0.26815617433840516,-0.07342444075421387,0.6950095918921888,0.4231889359114825,2.0944231272463436,0.14143595882415852,-0.6729310091862251,-0.1662951391585652,0.5683232653602605,1.0034256521562928
1.3414700604011194,-1.0170042940312893,,,,-0.2037779418750524,,,,
-1.232295360068209,-0.7315381591305761,0.0774496503875742,-1.126181157948831,-0.4283262790773538,1.4020359370016018,1.61780819374063,1.5504732935887657,-1.794903768795505,1.673722200093276
0.09169732402721498,0.07796969221562229,1.0289031814831897,0.703459132903896,-1.8686780403216106,-0.6124661995934806,-0.3660685221748789,-1.3302664569737388,0.9971568707997205,1.438929607874197
-0.010562032308778668,0.2985928023518617,-0.011282485280819612,0.09915337871927259,1.1176819712417643,-1.765498552713785,0.48610328362657146,0.011853696039062446,-0.7134717201765752,-0.5033525449847177
1.8323704847435731,-1.3275007945657864,,1.6294867807455016,,,,,,
0.4474025036888926,-0.10060279032217537,0.6277560570553942,0.923694072189042,-1.4862395459357383,1.0331298014423311,-0.25462918892448727,0.8252108039220228,0.4938724649915877,1.8540822598415427
0.006254074605306513,-0.40331554781072704,-0.5129661563748973,-1.037094036738736,0.8081019661735034,-1.1014194661738395,0.7993282067303403,-0.22349733496054844,-1.7632252815297518,1.488271550034755
-3.3758193429136205,-0.08175878958966287,0.23395870262347823,-2.3060480075654164,0.44125375383736876,-0.6697879270153456,-0.24851873168748714,1.3430106148465735,0.14272012148117136,-0.35056328139207876
-0.17045959074508565,1.7761034608078474,0.4046132212159071,-0.8837627502825991,-0.48831721916712606,-1.1900714839878255,-0.4517101386046697,1.6078935495965618,-0.1663337024083078,-1.3370128681696551
0.4309274331252177,-0.3925780378720899,0.5614100519489477,-0.24239876772124458,1.4452703258219342,-0.9106460013957081,-1.165162229392321,0.9376003913213484,-2.0035557733816094,-0.17193289353624114
0.8006142072743517,-2.194396320375672,0.06464307645135021,-1.4959485573838136,-1.8448443232735796,-1.06594112737268,-0.1833924801489032,-0.7058755405108723,1.1070667483878684,0.08238634037331312
-0.48895610231686865,-1.3099038823623144,0.22410908917343952,2.0588989334384515,-0.7029164973989354,-0.5855517944236049,-1.0607146054929013,1.1841793597024541,0.927005566703081,-0.44627104227218634
-0.599044183916615,-0.9438531223449588,-0.2893116461188475,1.0198790281123857,0.04152504594956233,1.2876473031527012,-0.7201611027075951,-2.312717074801868,2.6053354334160836,0.21458318057730644
0.7785261224578961,-0.78751531190293,-1.3625431390884803,0.15474839038620564,-1.9916903346432715,-0.2670612611923911,1.0223114571791216,0.4484707094933593,0.2549020079280944,1.7437393792760607
0.3753418905871756,-1.9044260185298925,-0.1490700626648539,1.9253179539879923,-0.3094368054735733,1.864096026699627,1.023644090450503,-0.40847582221513734,-1.0804963268821994,0.33989373692152247
1.2705000213309554,-1.578638469662753,,,,,0.5622358084801367,-0.688997976423969,1.1580362723251274,
-0.6315722424167979,-1.6151655188735192,0.3910500067843521,0.49210095140153687,0.9397443593992006,0.6552013290501952,0.4012697329644958,0.5958511598026877,0.6968311999357579,0.907656823563879
-1.5275722022810794,-0.4618180632401623,-1.623057364233422,0.33213374141191754,1.6299595003231206,0.8963413634818175,-0.6070525352580859,0.5054135116099668,0.3489401777556228,0.23312965616261272
-1.3033458253216392,1.3151355930152804,-1.1780903155044335,-0.36674353143220395,0.9591417712981956,-0.3734162264623718,0.07930155967907426,0.11960607714667976,0.06591340285710855,0.11505527180975968
0.2139187045533394,0.07470262122404354,-0.895487989493239,-1.5500422006571912,0.9981289361887136,1.0437787508512641,0.3374734823900785,0.32912284199178027,-0.9151881944971414,-2.4385853486139144
-0.24868847581316716,-1.8973521856451494,0.1843996962861569,1.3042391777173399,-0.6161385625977845,-0.5586953998452515,-1.0058276191328872,0.04425204060768515,-0.033230323705809514,-1.0191305569995923
0.9125745349174196,2.702369806214907,1.1898588516049462,,-0.12254253649731198,,-0.5341729327699072,0.9581566426281728,,
0.36631541242409676,1.1111254109002338,-0.35018201989467346,-0.211533814566132,0.6959826766476425,0.7244179168570122,0.429058329592094,0.25422875520711785,0.3885875938362797,-0.2777172908513844
-1.1177160152869676,-1.556614475074809,0.5955614300088796,0.10819708525850322,0.45551958402510356,-0.8288792915485487,0.1025859437517769,0.07864002606821696,1.2790073187279298,0.8517549313757087
-0.739960474991417,0.5045529426796213,-0.746891465807848,-2.612979871554942,1.7259510620377336,-0.37492975342302265,1.039463117655455,-0.6613430524268527,-0.8073484326159717,-0.5465928659843894
0.2526493245174021,0.17614656734255268,0.49769669532079897,-0.4963689264227215,0.040427072378806,-0.8431711564833136,1.469297892515984,-1.3140006406959845,-0.821970633497684,-0.4234242191202661
2.388931859469875,,,,,0.27374448299441895,,,0.1707977272405843,
1.443098933195181,-0.4475050862843393,-1.237225759877272,,-0.4640543596795687,,0.7776498999572563,0.9741931203327394,-1.9591994274552968,-0.514775909869017
-0.4431047026873243,-0.17214535956931853,1.7063170105824161,-0.8135786510885235,1.5624121386871146,-0.14620960696297775,1.571727700859878,-0.31095695364425274,-0.4280817013801334,-0.022637334543495907
1.2922507162902683,,0.20925248729144832,,,,-0.6281480705706942,,,0.692726479152593
-2.0393269385877586,0.7067319254706388,-0.1775407334507545,-1.4371580895433045,0.0949793426629558,-1.5182878104006092,0.6110285802972044,1.4339710375230708,-1.7905691471185847,-0.029981678753850546
-0.1648907316998893,-1.9895709691457495,0.9165040056973114,0.6257104349034788,2.0260884498025313,0.49616742208142733,-0.878999742382847,0.5143359391356752,1.2848070991848848,-0.4648698582670759
0.8524140035400841,-2.354909187959118,1.4750670083246924,0.800387995849513,-2.544369466027831,0.3826560494606292,-1.986503349512893,-0.6110850062701285,0.6788680627485494,-0.13602609585506148
1.256612797568279,,,1.0984947829776752,-0.3375966073678144,,0.106669025703189,,,-0.6668017754593244
-0.8303063330776225,-1.0616803858235562,-2.1418320715818457,1.4837420784005404,-0.9007866586936327,-0.2385952590279089,1.5579860977104667,-0.14188703574889336,0.514404423008002,-1.4205925855750932
1.3983544765726839,-0.12159804493983806,,,,,,-0.4330694608558538,0.045372400841382624,0.1518194413179802
0.44435759876910186,0.23476103930614245,0.6471387151307634,-0.27274654643622326,2.0721794930005473,-0.4884401478855429,1.3523937716415633,-0.5990123736143501,-1.427767294515647,-1.667088650245755
0.30395074989999893,1.1619589916409847,-1.151021405206181,-0.8774944675492429,0.38612821092473276,-0.0025419950034390125,-0.5856472873596437,-1.2792623012520323,0.30907560400431633,0.6529314519989845
0.49174946339000136,0.026513592003826244,-1.0557048438814094,0.314554621041382,0.23982815423037165,-1.3132151496700228,-0.30234154562783055,0.3664303389917282,-0.07824036409966627,-1.9605342856222916
-0.6403538151118243,-0.7068766024905784,0.5592938556361591,2.5983834058342383,0.1339652032721336,-1.1979673843184642,-0.1605060258253584,0.010634657451018149,0.7565953974048656,1.2421219219641804
1.391017836284979,0.5372292034595338,,1.4834020056591668,-0.3475021992162255,0.05447956658846062,-0.24343710456419648,-2.131291678632996,1.2717571934846976,
-2.370009570230428,1.0017540832268579,-0.30343730469451474,0.9885460357458825,0.07579007975343713,-1.3573392481727724,0.02635351760441556,-0.8984524255275947,-1.2228850241462492,0.8670290008288998
0.39154559978802006,1.4975687773497086,-0.3943849860996477,-0.9629033968443258,0.6388044166926403,-0.8336819636626183,-0.31019485440109607,0.5250954351258919,-0.12594563430016648,-0.4887309781259798
-1.4026621297346962,0.9368914057122862,-0.3684268594705336,0.6180929533429864,0.4859925801616994,1.091287046262346,-0.23556834746204697,-0.34771876910242205,-1.1082684821595137,-0.5426508080101833
0.34116346087094956,-0.8170544557193846,0.31578697887410434,1.4672920248136985,-0.44521224119327085,-1.3143695090865437,-0.4134011523003839,-1.4226599845183332,1.3342235360036605,0.08485133575552457
-0.7284537337486449,-0.5598561806015284,-1.182113073810646,1.0111401786233376,1.8371962100775996,-1.4940928028330764,1.043260955942589,-0.24585073700035695,1.2674903541379468,-1.833828154051541
0.22539469957827057,-0.40789947711663815,0.659089045769682,0.061141877222002115,0.022256013085185027,-0.10598656246192509,1.56229887274847,-0.1749737152830093,0.8642832473631037,0.6285133389776545
0.888809106876808,,,0.33686943620519444,-1.1894565339041807,,2.294279574594431,,-0.367649765458831,
-0.5408705362914867,0.14045317651239536,-0.4489091303264969,0.4023861113120968,-0.06188718549535915,1.9519927956145247,0.04600695950274372,-0.22261092175054634,1.0294362501509642,-1.3910844683589458
1.6917225396746793,-0.9884807367935398,,,-0.5258062820801819,-0.42971291335062106,,,,
-0.3134247688319015,-1.1513124273232533,-1.0450042727588351,0.12824692781436978,0.11052535383613904,-0.7639772246466161,0.07924202824045898,-0.6469527606594335,1.3070910111621783,-0.10298188325424121
1.0975349846284617,,0.32276582458097663,0.5960787577695421,,,-0.1538844511629835,,-1.2105332702890896,0.700489804407432
0.3183657060705877,-0.26079246169992026,-0.2180626556795306,0.06186017238387626,1.658619571654876,0.34800244457417134,-0.942692154442871,-0.43529816375768143,-1.1445781627236664,-1.8897882864755018
-1.1621377765745902,0.12007636283271825,1.2739574474824948,0.9957733987733814,-1.155260785687539,-0.7976500249543004,-0.9386838732298641,-2.581609445553327,-0.16764095254073447,0.8032549548609039
-0.2523903870166128,-1.26781655162251,-0.8451482491370966,-0.32884679958201524,0.7702200159492116,-0.1828179618906628,0.634909306423201,-0.08134133833323064,0.23678898103161808,-0.9401691351951992
-0.6858448037188661,-1.255809665891577,0.6016554133704513,-0.29118512982712175,-3.597630716698814,0.4811544173978597,0.974141275900273,-0.8117105432029975,0.4802849657098612,-0.20972771451097005
-2.117820469365225,1.952967599748431,-0.20371962994842835,0.2014158167540637,-0.624591008755058,-0.29553017114604324,0.1616624026688203,-1.0425396513646314,1.6939647130333415,0.8381467579440671
0.5168285393995763,-0.14178232356199208,-0.7612187184755966,1.0300896132456934,0.6106934116010451,-0.39942241213329815,-1.084522115025339,-1.5759026699654841,0.028572213976046715,-0.24892414165322804
1.1856245375433752,,0.0388943058824578,,,,-0.05672989255511682,0.60528098066921,1.1768041214255074,-0.5656075822022671
-0.827915700768788,2.4687056719474993,0.5944687810754945,-0.27859845949757683,1.2398957536023911,-0.3082569454182164,0.32548538419215767,-0.568233265598333,-0.016970504260323514,-0.2740701312520291
-0.7518809181361928,0.24286249089513645,-0.6385951814293537,0.5759870413452302,-0.3045442619807242,-1.720099508616713,0.6208480909071092,0.6375974960089296,2.253552005885196,0.017721836356367815
0.18332165867724248,0.4785899914979593,1.019702145935061,0.9571993398895754,0.3187853828722687,-0.03297530261876614,0.8426618209608933,-0.07459930691167917,-1.2891680504250584,-1.5012248547005052
-0.2932647928039456,0.11996903532826708,2.472029240271784,-0.12002552362737859,0.04660054556866479,-0.40433284890516535,0.618805942645916,0.2803430736426541,-0.6383365612172829,-1.0114605137279529
-0.4023668652200795,-0.8433710744413829,-0.23116097031358163,0.14147978803200673,-0.5011935221151809,1.4544988840793185,1.1593947955347668,-0.22955764785003818,-0.9641662366888453,-0.029793755333447764
-0.13371834763313442,-0.06278245563445305,-0.3980251314085395,-1.0493961600496646,0.03488951178128816,-0.35086471638882866,-0.26193535230160736,0.09396114734153611,-0.06935840743418703,0.07221995276740668
-0.3971836300926006,0.36014479129531807,-0.7177991827651808,-1.0879415739743257,-0.8899790619741711,-0.6766895039590183,-1.2878015599098034,-1.6927067236488986,0.5034609057360552,1.2742432024908135
0.557704082790055,-0.48309689868364913,-1.7164360954052142,0.1919439535344607,-1.6073068195377145,-0.0866593445732963,-0.7995795769678758,-2.28059466376484,1.4805341033529265,-1.2558038977351875
-0.35579104488085384,-0.12897062122852448,-0.4704506689872728,0.46458017558006925,-0.7409703951695058,0.3819082424215687,0.3185049295990975,-1.37775170053477,0.23584052849589596,-1.0539723503090106
-1.1656407667963409,0.2905625857022112,-0.40835375291895537,0.37293767415341555,0.3817382592060761,-1.4280053688362704,0.7406178896042006,0.2850163929201232,-0.5866377711134967,-0.1358739743615559
0.7691426693821504,-0.3196110649372888,2.115259478781488,1.4906929964708737,0.1167835225037104,-0.22798749042010016,-0.18467347935022801,-0.6006533922317264,0.12522169727476834,0.6875466012068657
-1.3494781033496248,0.6427790814895014,0.9335510731884811,0.572176861951548,-0.12994481044731107,0.5306305255379801,1.299280990156092,-0.058194192232691726,0.023610184746445658,2.1325449031656167
0.3072437848365373,-1.0072939711693887,0.8729712496846948,0.4019419013719998,-0.655417026446161,-1.1039521941434154,0.23859785891309107,-0.060100969484402016,-1.2442497922270581,-0.08847375972032742
-0.15143851305101017,-0.06241448209658456,0.4915896765987386,-1.76189354629176,-1.1121286289896701,-0.4869453324258589,1.3261790864212204,2.3677818358483993,0.004842955814168099,0.045544981939822475
-2.44336525439281,0.9044623635601842,0.44964395337054036,0.28313582888601285,-1.2462132358636109,1.9798879628191401,1.5205429390335607,0.2943536514999156,0.9919947561905094,0.05110995695838059
0.8210770557798365,-1.307251807772562,-2.27370925461957,-1.2694915216552152,-0.8064825913760211,-0.6435625337709185,0.44811278378512026,-0.25733829891542803,-0.02866417635496403,-1.1846097866809469
-1.2711660486967573,0.041103373634314384,-0.5421050385119961,0.004565378070281253,0.5443993651855247,1.639486121755516,-0.02045217558523505,1.8133439002663554,0.4062748242109769,0.6895033113749636
1.0530851019348697,0.7197465791446734,,1.083055041102606,,0.3016887196724364,0.13285120863450234,1.144096365660758,,
2.0916567580639165,,,,0.9492694475501682,,0.8007168725158266,,-0.6497676564097948,-0.7389867974527627
-0.47021738578216793,-0.9888801250587383,0.2295685571929897,0.3722792915017174,0.7274921359734977,-0.8333240926960658,0.8399593687415166,-0.9876760491894904,0.8393923282152678,-1.4866593495780485
1.5677399140235018,,,,,,-0.5507479292311002,-0.3060736203509853,,1.6137935731152362
-1.1699747507916314,0.43028778059712375,-0.623661222479622,1.0910721460157102,2.321354456270851,-0.6303452609011876,0.1400588079125574,-0.38520225590422824,1.0380711875078605,-0.2487017751915257
0.9055223863941328,-0.3977309278360911,2.243737498763577,,,,-0.04673476863889921,0.2853942255355381,0.05843392757986531,
0.40810052405744957,1.7489810214783075,-2.76557977156428,1.8470795844020615,2.5597980183516187,-1.7510793841466312,0.04785639769902546,1.371292602793466,0.9185332376937051,1.6762095206754468
0.3719433061118648,-2.0327933479913662,1.3046294787531767,0.6354757019824986,1.4663435370563422,-1.5339899981492113,-1.2159896794849383,0.01645625671780337,1.3330939742252732,1.6115891539161233
-0.7257459774131751,-0.40643869998758053,2.871961031599394,-0.5527792973963991,0.675347582781173,-0.45184349783410177,0.47475942619087874,-0.866333140717301,-0.8378358170424968,-0.37078296596603777
-0.5452172949831905,-0.30411668871730707,0.5258514263370587,1.8903784667171257,-0.5905050414579991,-0.9884658546681356,0.009509267848892453,-0.8513464605518729,-1.6351332892186174,1.0642660290205803
0.08050633854010598,0.1784934463522846,-1.9271642193771104,-0.5847622342594385,-1.4158767682264246,-0.020469897152624667,0.13432491889316475,0.13359928273507074,-0.6669459447102402,-0.852970680248009
-0.19321638082632733,0.35701241615198714,-0.5792146315929179,-0.9374064624288937,-0.8947127203898737,-0.6584293005811482,-0.4526494140360834,-1.0981813360627504,-0.44551105310858874,1.2361342361458796
-0.29450624342980347,-1.2388497180684712,-2.2584933855379985,1.8363867172247434,1.1393199040219957,0.2846046563865596,1.1627032295532143,0.5275957230510953,-0.07567017830740859,-1.2401883873865986
1.908633522232747,-0.437041059432885,-0.3823901385206911,0.03745678441559858,,,,-0.5768636494896542,,
-0.6619908235482892,1.4466548582741872,-0.020251931482286326,1.598475802661482,-1.392135580074434,0.6546289041655443,-0.8903696639460954,-0.6344716096592123,0.9048511195410772,-0.228477259607651
2.597411841432606,0.5180278856478975,-0.6957756819320363,,,,,0.40667654278738785,,
1.0417982592808506,,,,,,-0.619753911497243,-0.23533731513568343,0.33732934958577165,
-0.40906825563121346,1.5846233049551317,-0.37133002426583755,-1.9464565936817615,-0.3445913651921112,0.047160342802145976,-3.272966546904802,1.2073359151298535,-0.0990766655161836,-1.1523958369253173
-0.9601295066196637,0.7617249993890395,0.8839211784580087,-0.6487659666240293,-1.3552916177315215,0.13088054112845357,0.314409763306656,0.5652693293574893,-0.563127356952415,-0.12209885745049728
0.020142784872507553,0.9668118028850737,1.329303616394698,1.6006904966839457,1.3024805154462358,1.8134611742695843,1.0131610731155947,-0.5893528817867505,1.5335085844466625,-1.3764204480655182
2.3644648274757833,,0.88764809876355,,,-2.0503515241559738,,,,-0.17879161058735257
0.07433534702004671,-1.4689018889773324,1.7743523009152888,-0.3779336647440183,0.7887587264643201,1.4035620807617626,-1.155043328198528,0.12801534682850235,0.27799173030366864,-0.25805062781809435
0.9273551725641114,,,,2.3255429590788324,-0.6627996734468465,,,,
-0.9864129290567714,-2.012920118513247,-0.7850174488543894,-0.5703633272627798,-0.5109283152475421,-0.2996431684052626,0.0061274077202285405,-1.1968016109975028,0.35162021582984043,1.2133321051796981
1.330645221285307,-0.2601742765672633,0.8938879021478812,,-0.34336369314556137,0.398524746731374,,-1.263906314282394,,
-0.5199762424297129,1.0582226891092907,0.5371253071774642,0.1761111364383658,-1.4693073770744172,-1.163300298929548,0.39732428373046036,0.6300317127095115,0.25301936012981874,-0.4737398531624348
-0.5066053943539274,0.21583105698032234,-1.2517720934236443,0.09168901720188448,-1.3887703261837834,-1.05262844602764,0.17821410112343933,0.5832320122277411,0.34179979976361696,-1.1145315849202633
-1.8710179111344463,-0.008315239353181809,-1.8993786083087356,0.9444258257855622,-1.0813352850086795,2.234189045279947,-0.9619916817485656,0.4629536067940666,-0.7366075397040562,-0.1681738612502927
0.18397355063524443,0.8602924530593964,1.0195152801088379,0.7273191640651129,1.0376311549021258,-0.6161139906205659,0.6487959108387116,-0.34089409733033055,0.986227538220152,0.11557419140884934
0.6202624986271726,0.2914755820972467,0.7603782407367021,-0.8076522097816712,-1.5719144929691675,0.9889678071505387,1.3449943390612946,-0.11589792536285594,0.8111008168394519,-1.6293105786856412
-0.6215397255720813,0.08195464095801824,-1.73526720763605,-1.5294881941306515,0.15795174640749018,-0.6056815786376138,-0.3466757609637099,-0.4063024057842941,-1.2835790650547105,-0.21752283852687393
-0.0137038240508214,-0.5827103538599155,-0.5014753634698689,-0.2039732731678231,0.819761208419715,-0.09446206911744269,-1.9263278946397526,-1.1938568569113148,0.931813972478092,-0.6856050209847506
-0.08848670474526349,1.9248910419544663,0.6318158189181722,-2.148325272498505,1.4449078526326142,0.14964671981164007,0.3693003168050253,0.30417013262215786,0.9133563118548492,-0.07974143667062089
-1.4815684336966684,0.32352590094765193,-1.381817341281903,1.816588117813624,-0.3621409542903751,-0.05174051848082951,-0.6760257472648636,0.3391673628099658,0.4543654836643228,-0.6787027547160935
0.45306383119209614,0.06772622180263405,-0.09586895448384825,-0.751537537077052,2.3143882946328036,1.1827918655439706,0.7283629841187913,1.1264839301854224,0.29990843386112664,-0.34933219897751994
-2.643065205448611,-1.2189867203519418,2.165025493908565,1.160201084989449,0.20231866941631382,-1.5775365213350239,0.6347756760793756,-0.2780442467075762,0.6979579142753379,-1.1119176267886324
-0.48994916779991704,0.8851128738587222,1.9278125513531286,-0.6584400690494011,-0.999612030325955,1.0228860541324831,-1.2599185231463192,-1.188026372516391,0.26593554254576357,2.085685445649907
-0.8487863844475944,-0.3697559234517329,0.11130367991567955,-0.4727170120349912,-1.766834510773086,0.8019571735080248,0.18632503430303576,0.36686544664686194,-0.14170386224722925,1.5131752428671448
-0.5045387256452954,-1.077050286411352,1.6637069258801755,-2.198619485110855,-0.15379809542040057,-0.07550758981835466,-0.11455231605054238,-1.5512118172432197,-1.185044964247514,0.9579903682453254
1.3853401972482386,,-0.9306637188267569,-1.7847910417017765,,,,-2.423911792319986,0.13681756422597033,0.26618104363804085
-0.47732778346649357,-0.03294905356310507,-0.24723907464621278,0.026428119876508054,-0.9009094803578852,-0.012251567193944162,-0.6743668886190956,-0.7577108821359708,-1.8668926176171166,-0.17554098442873473
0.802973566791272,-0.3255848936124145,-0.3534831388037694,1.2557191335756837,1.0249824044552234,1.7345827208169255,2.257085224825523,0.05948718029498504,-1.157167566896646,-0.5211385094370398
0.5730020511866413,1.4401052456172616,-1.0488626999243966,0.25527823455867654,-0.7928617734766792,-0.14665427555635485,-0.16161340259482332,0.38118617905601926,2.032325585760414,0.47508827650346686
-0.429833402121636,-0.5948709365698784,-0.19084238790318753,-0.8716895316885217,0.13964884393034407,-2.4112353803124407,-0.21119378826985385,-0.13200865064890271,-1.16065084944086,-0.38214279017870284
1.1199155161717407,,,0.5234853351649508,-1.49850208970414,,0.23080565848884607,,1.1928030798003848,
-0.9115217398475943,1.3585157080523904,-0.34028821024887346,0.44848919074666854,-0.12252749731264705,1.9922421345402366,-0.6100437713940914,0.9162540285219546,-0.08640474872365009,0.5691045632337152
1.6200122179766376,-2.0045727701448266,-0.06538948931023657,,0.44573188436300026,,,-0.5220517613453051,,
0.3332177481573726,-0.8177099775439863,0.7336482302261743,-1.3178808564115458,-0.5672683165197465,-0.7511372565932182,-0.2981580659761964,1.3763400623456294,0.8459675069240863,-0.47968427661200647
-0.48055327963284356,0.8853134498001476,-1.1639569514078847,0.0223818967662603,-0.6057633872852263,-0.1716888078231042,0.8091079212385806,-0.6692514572056414,0.9741480424308058,2.199586918232011
0.6040091670156484,-0.08408606032672113,1.1571351514321546,-1.108845395940412,1.5210730092884617,-0.7530667216073403,2.168094037272958,-0.7171206582986868,0.6617018463312122,-1.5595745319854635
-0.2132515108292906,-1.0796934338013904,-1.4415175647382286,1.2055192086563098,-1.2275543766201802,-0.7350725726160291,-0.8516086798468714,1.1396630926022433,1.0174990287815768,1.270295087126253
-0.7864631940570649,1.3496007227670521,-0.7949846057170054,-0.7546879031104419,-0.6987274449738976,-0.6623108683043378,-0.09078690184200924,-0.838693628599124,0.2314114548020173,-2.6093983913982823
0.22814590784284786,-1.0896797097806403,-0.6694058937885453,-0.645260882734333,0.9431722470362822,0.5046010665155549,-0.16554204000736464,-0.7152344043595039,0.7828778003722918,1.7947099964313322
-0.027994662283321137,-1.5983187443585105,-0.7028960793799832,0.5592161472169606,-0.4427130482766581,-0.8586946112362667,-0.9021831140157526,0.09167847191834635,-1.5338280268861137,-0.03465680669531441
0.08846605837702468,-0.4495216797833082,-1.0428611542941548,1.0184035877791442,-1.3327802029757725,0.1727311143332796,0.7277531455239235,0.15946234252742575,1.231181591416411,-1.1353958795317847
-0.7909136268125612,-0.4612338404654737,3.2906968136218167,0.5078037322214294,0.6950165379300794,0.6533496757101898,0.07882023909142415,1.0494377529982246,-1.8703040480488977,0.2769748156562435
0.42821751923618245,1.0186486247395001,-1.1556818063490835,-1.0820881561956743,-1.0188786346286738,0.5223204190509148,0.5365847973568653,-0.9498037776171233,1.9142763678303174,0.28637144760916866
0.12420583466471904,-0.20762697184267467,0.93049367452071,0.3894942499858439,1.8898516351685073,-1.2138995185367534,-1.5455637826510147,-0.7400584007265429,0.5533504584370195,-0.4280908458000504
1.2710276918001184,-0.39355806258677906,,-0.8307614054138976,1.183053008472213,1.3691531950855573,-0.5647858919114798,,,
1.284436864243387,0.9732115461255493,0.514112769211167,,-1.269268462147388,,-1.101504024667292,-0.018159460648935654,1.1168088725865435,
-2.505590171102192,-1.046799873776024,0.5810881397690314,-0.5391137290820165,0.7838437598577355,-1.2072096571908635,0.38171859913018735,0.43194332194516927,0.7899009606236028,-0.655209822500346
0.7797931882263457,1.506559012331088,-2.2726943109228057,0.051702832735125236,-1.8063499885342573,-0.8601959571620368,-0.7785744364619467,-0.06645120202761905,0.3775410380313003,0.9049833458226813
0.2640213430698537,0.6736275587607019,-1.0784988589646467,1.056658931100747,-3.29582265598547,1.526692103749293,1.3471999942931958,0.7500540808677586,2.2289658575890217,-1.8038184933086452
0.7794272225200699,0.13510613073857286,0.24408556598286488,-1.163569924723602,0.39480750375948304,0.3478233980067629,-0.6895951417801752,-0.06869343169296792,-1.3145038690412594,-0.3953988186396227
0.9608176756315355,0.9808068223002596,,,0.9734650534787539,-0.6435467664458439,,,,
-1.4406491322431623,-1.7855401250816585,-1.0508062403223908,-0.5254686710603095,1.512305516935309,-0.43747424992977735,-1.516370286828129,0.1661883964965564,-0.18896374241662794,-0.7821319251909578
-0.5885631721683493,1.0670889297913346,-1.4098846523975785,-1.6657694887715633,0.46683560441584177,-0.6139704946027646,1.5522090862331501,-0.1543032045314074,-0.10037256970617454,0.7865518707441754
-1.6721602062334255,0.3375860123209312,-0.3656181983958958,1.0268066591088167,-0.6467772016330439,0.1768221168004154,-0.3589642155501342,0.4128995136827867,-0.25114617929208666,0.26231038720212185
1.7532386824888369,-0.28598672474771214,,2.2864679269758357,,,-0.6662629924560961,-1.2037491175796746,,-0.09381935651990063
1.0635179925415021,0.6115567945368875,,-1.223307226621583,0.504894620386235,,,-0.31714340843520145,,
1.436587109773423,0.7285074025227499,,,0.7642895421482333,,,0.9903096531793529,,-0.07227861112943036
-1.156733614867214,0.7316756510106969,1.232522886257083,-0.9355481906485336,-0.15392937268446089,-0.48006576302247567,1.0753263094295618,1.4169714868302488,-0.4790934939934391,-3.0911750799855553
1.1528011018445394,,,0.9637137927095312,,,,0.48908640560396127,0.8789672565013226,
0.40339243982479606,-0.1446257559784987,0.8861908707293251,-0.9712581651616549,1.4193882247244085,0.2113769395668552,-0.22869026811987167,-0.9680251109813667,0.6269399508790463,-0.2806165144369671
-0.09428228144953203,-1.671193924615953,-0.4346792744227058,-0.5684972333279575,0.41856280898783205,-0.2676463588773198,-2.648872986138112,-0.4150120738238651,-1.4544834339149273,-1.0428449211072408
1.00388457866806,,,,-0.7000352416146794,,0.31952331215731383,0.43180497211504826,,
-1.1862641387832769,0.3886090982925568,-1.1809671900160463,-0.45906217259782955,-1.278801716399097,-0.5287406183585536,-0.20097468260430984,-1.1493186275028708,0.31444133667268903,0.4454320870708444
2.706029533897661,0.9286958162205744,,,,,1.786816300711365,,,-0.5862227990956298
0.5438938956122737,-0.1971589556408713,-0.17193439775438793,0.63489912041046,2.7155179958435256,1.3045733583354522,1.8691265476567591,-1.8441349280815091,1.0747814775024018,-0.9498686020848188
1.6764484747541808,1.3573265325181894,,-0.742893315308438,,,0.7623335675799637,0.40388776644732344,,
-0.8453576420142344,0.47519651388557566,0.46303618165992844,-0.09502363738688438,0.9417646339536665,0.49097338995080253,-0.5745578200175339,-0.14211715031897906,-0.3492210770426952,-0.7275171748469134
-0.08532187393191794,-1.2969245140865595,0.47388264674237035,1.4041183774024586,0.05047121356524899,0.9464277964638559,0.15532955151206632,-1.0221048580824412,2.0070651424066988,-2.4224292978123305
0.010307402439668894,-0.7685529400049983,1.58169306131013,0.21596835800048605,2.5554767707398236,0.03600672060459653,-0.7608415813047517,-1.7102689878721589,1.1066454051844992,-0.8347303105633693
-0.41980860774416723,1.2281070389619504,1.0533655177986434,-0.6096346065658493,-0.4540084135607402,-1.7560684207729635,-2.055511690627862,0.7636980516416375,0.8740416492432933,0.3572098059635694
0.18722474854291624,-0.7061665821470794,1.468132697338994,-1.784021186918689,-0.46849360984102095,0.16070139238668424,-0.00041238824004280174,-0.0020488713138951476,-0.5192492686122411,0.540907449547678
-1.2153923636820976,-0.1440054129843295,0.4319010016840547,-0.3325300659450968,0.004786978328813322,0.21551415744960145,-1.7608207187682068,-1.6673002417174876,0.1339287622590592,-0.6083820783954672
-0.5480217989781682,0.5690073142464599,-0.9888381064769283,-2.4132404918120067,1.657028783667903,1.2098434796892652,1.197169480970366,-1.1207475758207603,-0.07741888249240012,-1.2684185845500577
-0.05995953123999115,-0.34801095463926596,-1.078056160833228,0.5032861480745563,-0.25874287222627895,1.7227002636522848,0.08577998276070548,-2.547895660006977,-1.8121265086328495,2.095638266057983
-0.35903699079791596,0.2400081467305067,0.00972915279164099,1.416319531713021,-1.9069103920653319,1.329252087140757,1.2603717922886162,0.006159228062232128,0.413286130977672,-0.3705967973500259
-1.6852508282721004,0.5802863304783322,0.24657955797350356,0.26735939260627545,0.48229377891735553,-0.6043331008118875,1.49326656917386,0.008131578151230404,0.5417108379778988,-0.2721253087335028
1.0502224960448023,,-0.08511900378392696,,,,,,,
-0.7140021389643413,-0.02403117070319708,0.32336860954899094,-0.17843442363919876,1.1075469095369368,0.6120146176143428,0.019032170925843136,-2.346020280558312,-0.21830854155250584,0.63009650513121
-0.2793601339649349,0.30325486913687016,-0.22457660024275225,0.2324932257168377,1.4010084616449763,0.7867449160534477,-1.2955807758106592,-1.6580237786897318,0.4425579327878386,1.1678532922640452
-1.6606491348332173,-0.20980753890192058,2.373218400975575,-0.26863826460103013,2.525857479477646,-0.8236007289743827,-0.6469025596941209,-0.7029521217406922,-1.2791875148675582,-1.6913083979742907
-0.22124227795074375,0.1448649047002146,-0.7167796313070348,-0.476219156584348,1.446075257271749,0.9717435702440642,-0.2586762382587251,0.42987542969666714,-1.6364236193673531,0.2696268996073019
-0.0624093202034352,-0.3741657237078719,0.03280999988743505,-0.1288417724107072,-1.313639323156132,1.6797731173948764,0.9508175301203192,-0.387795742904025,-1.7605675929986966,-2.4562795680377203
2.0047038339048258,,,-0.9487289631374559,,,,0.08986846498063267,,-0.9326868761579384
-0.08154669704531856,-1.754312531311158,-0.8230759365777436,-0.1541381877955608,0.39749955992726654,1.5034352160895237,-0.47646469810610564,0.036114493683547515,-1.8673636992460512,0.334813647003054
-0.9093575311312393,-0.30823485497711206,0.47588155105297214,0.5176835176946453,-1.4537476972317729,0.8019501300135771,-0.03887428575617267,1.267178729445521,1.4616305026859986,1.606130812987251
-1.424419505067002,0.4022851819841936,-1.5774001570144038,1.3014505212159744,1.4437709513464585,0.9780511282592578,-0.4245991807682679,0.5442469731862208,-0.5522453356172289,0.013769908051642207
-0.09220855085008207,-1.9983427477727975,-0.8095056863635294,2.270859449724435,-0.0866916430438617,0.1602274479431018,-0.008670659107745284,-0.41052399095413955,0.036107200074024,-0.407009635977569
-2.2829497138970756,0.7862275352375058,1.6128696352169223,-1.1641780543084195,-0.4128490459728363,1.4999542459664426,-0.7714031026497169,0.3877170914094959,4.326920740610131,0.6322698439434074
0.06882532354495578,0.8817104397989709,0.7767468715704894,-0.6622629114543308,-1.736443121863501,0.5939134966400113,0.7438574042936887,-0.29750966581856375,1.6451959498959625,1.4447359381061253
0.7745178640753303,-0.2786214453688996,-2.090926193404171,-0.17435472121071444,-1.836191386699896,-2.357092120158113,0.6471585753802782,1.172307254235824,-1.950596361628405,-0.2565455678066971
-0.01749288903314526,-0.29240463826448687,-1.3785129353403196,1.331036956389644,-1.35088976893569,-1.9491979226587568,-1.3744476538740678,0.4813422671228304,-0.26720380342845235,-0.7702468262031344
0.5276492294395427,0.33262804052728046,-2.3073215587266755,0.5175674679137542,1.181232988795302,-0.12318177142604798,-0.23491480657485214,1.8938747891939764,-0.7098188640617148,-0.16566061843762808
0.3309799583403555,0.048440323058994234,-0.2722843064188974,0.08922417110361472,1.5689460941739017,0.8076576455384341,-0.07471780498088128,-0.8639401384470742,-0.7310042461488293,0.9502170838481896
-1.5933222361433454,2.4031897473231467,-0.03178468408047098,-1.3785481253168237,0.18197589191340083,-0.8007059963862335,-0.41898696177073136,-1.5107717937904026,-0.23860279967915995,-2.1226377903781843
-0.5998660916189082,-0.8273068663046149,-0.5023183631869328,-0.7641993343636917,0.033964133770974306,0.8880052549890308,0.3606121337222119,1.2992619867419029,-0.49852899052781885,0.324714855432649
0.3641145893782477,1.1516517147535377,-0.7304451462627687,0.788832289208243,-0.8573099986548491,-0.5699202685722423,-0.35865619873433635,0.4531734810192654,-1.0870076408050775,-0.9476538564389787
-0.6450635385904653,0.048443235010178144,-0.9362483900696892,0.2639717089552074,-0.3578321284380773,0.6579057152280112,0.06294159484500879,1.7521344949006863,0.12114634027224376,-1.2183894574486982
-0.2127673436256083,0.021140094053043595,-0.9086740636842554,1.5170987471282686,-0.3099377909567976,-0.6446686271472819,0.18154111772742026,-0.906207363161059,0.9663468114361986,0.7653524558276451
0.13062452599584473,0.591552971104144,-0.4996706259150051,-1.50271960409965,-0.32560770401468025,-0.5015150438137406,-2.036535830578685,-1.0578525732700472,-1.2303749384775882,-1.0537952981808685
1.3333095911657804,,,,1.0830106566325353,,,,-0.067738992070578,
1.2417015621845586,0.41979328252532755,,-1.40346715452998,-0.6024382829839438,,0.36127707993035124,,,0.03165469801355255
-2.1301853813627356,-1.6603781689039856,0.08241393378073308,0.4657219908344035,-2.2162850661914444,-0.08347785118705904,-1.0174017669419146,-1.1102141307244222,-0.6550131587666007,0.12351905850733916
-0.7065452535959063,-1.986143681567045,0.1156328942774108,-0.3506969365397494,-0.9382855649436498,-0.3078275602515103,-0.3478548245944118,0.04401282157537574,-0.24788988998016132,0.16540926076194035
-0.048607133674290495,0.8196940864269009,1.584738194077696,-0.015134326784536032,-0.6216131222906651,-1.4368413021111095,0.6463483247356054,-0.9024944543579516,2.3475467897802926,2.779173305966406
-0.213029265641617,-1.6650013386035845,0.6537840261344292,2.09878951101476,-1.312275742303881,1.8980522355329246,-1.8490027856522104,-1.4542010657974251,0.3089636352426564,1.016708641158832
-0.06643941452728566,0.4494194634168342,1.104412790622376,1.2201857384367065,-0.6222998117410786,-0.8634552096857683,1.0535759956657134,0.4542137161956711,0.5887331075604854,-0.6611837000386143
0.6380565425397492,-1.0944860369340927,0.24724143881552865,0.11177082818958857,0.11867877877278837,0.7811975990887728,-1.0202036194031765,0.6769261333226684,0.02065094963603341,-0.7915518201999737
-1.3218185292438542,1.8886756152278135,-0.06945049396281161,-0.3549675629419061,-1.1436742377971132,1.0886541381221144,1.0110845063231662,0.8185001785344097,-0.061033149082558656,0.7512579397250793
-0.8238221223865665,0.21761457698546222,-0.05432378010105883,0.26704706900617153,-1.8131606509175704,1.8696883335772552,1.6185311353370655,-1.1500333849284563,0.5773616654772867,-1.4869793105089386
0.08386387582861295,-2.195727117624432,-0.2921644047030576,-0.4877589371359853,1.156741720036867,1.668477238974696,1.6909878361476292,1.158258779050844,0.08241763590433164,0.38829755756074597
0.3834372743169733,-1.1803184131396132,1.145925988574339,0.6900575972165595,0.7365025695227246,-2.2814713441834695,0.45274897687986054,1.0056411971371948,-0.015243255592865473,-0.5007414251253867
-1.362411159772127,-1.4341488797920463,0.15433269245735878,-0.23475363620827094,-0.24877500571008268,1.5289240066603091,-1.2559151262200807,-0.34570196704376327,1.6941091743623031,-0.31209222460653785
0.06628771440014833,-0.17509285944494063,0.705784535867705,-2.0550416852775504,-0.2033547105270236,0.054444692657689614,-0.9982034675573395,0.3435917468417234,0.7863785744906806,0.451937540326352
1.7792785282381622,-0.4333597434372933,,0.47604402483313923,,,,,,
-0.32275088722740014,-0.24869076082703084,0.7352913442509993,1.078985871339564,-0.1594873068269174,-0.21684038562236316,-2.0471451816752673,-0.7098265266496763,-0.9467653992584387,0.3111935851441405
-0.10706847681358406,-0.9088362232085638,0.1527032972762051,-0.06765574140260831,-2.540422912310924,1.1079205286932547,1.0108907230112403,-0.2379197151119255,0.3525974996148465,-0.32527177361431703
-1.604448193120534,2.163723858461015,0.7497652183428546,0.9406029339138456,-0.28454444415558183,1.1259767520038988,-1.3702286173257703,-0.24548708435031957,0.739812557465597,-0.626807173679099
0.910712300229399,0.3037524750317154,0.20961738293956,,,1.9325459485875578,0.1752864051986025,0.5559655091927334,0.7035223598534136,
-0.13257550901461618,-0.16302317903634345,-2.1249096555814733,0.7889723920599844,-0.9318236358395041,0.6796331224624778,-0.7580274466770972,2.042113138993279,-0.2785568261671659,1.9211610816228928
-0.17271019835494741,-0.0534698608438645,1.5665905915093143,-0.9175675653379308,0.049957236084277865,0.5395367648034324,0.40378897697622085,0.04302283004426586,-0.09432550896564011,0.8464424734250557
0.17678664105622083,0.9663785405756935,0.39189471226228395,0.6502050619467634,1.133563093546996,-0.31008186552267647,1.1064493646981555,-0.1568147358212688,-1.400660802405447,-0.329197454637853
-0.7227023763462832,0.3753346351079934,-0.285778092562294,0.12787207151545724,1.0142184296928458,1.485773963186474,0.29270135888580084,1.085649902597302,-0.17714449461543613,-1.56315896538667
-1.1793224652714636,-0.19570890720212977,0.7955940975530901,-0.19287118613183868,1.1858799574608112,1.8316482067264992,-0.88827479393913,2.124860721433506,-1.6347442197826036,1.8488343601263273
-0.0335241934647463,-0.23284379358552693,-0.008019320281350115,-0.7999694846488156,1.5015555001414507,-0.6920037006287194,-0.5645114953638278,-1.3792511380183092,-0.7306634557368217,-0.7002450204250129
-0.7673630899887285,-0.1757051978724264,-1.114750261384891,1.5945196899396885,-0.15280063855038448,0.3740341817194857,0.8617912530898139,2.024937471398385,0.9098829674348138,-0.2478309790210258
-1.0727366842614467,0.3380946366346218,1.0622966130390592,0.14193175673827646,0.06521609423584458,0.21348459707040487,-1.869785947745006,0.14646854737386378,0.7322750096412778,-0.045683075787559445
1.1235098020224263,1.1568861062177684,,,0.042756368077640126,-2.028532674622411,-0.18718666446385138,,0.13398952728774666,0.6827505672296468
-0.2176183151905612,-0.9000346435818887,0.23396626670626652,2.4437054461391456,-2.172293204983374,0.23280508355604343,-0.5437844505006968,-0.42608209348724313,-0.10469014602095225,-0.34405662779295626
0.6018038882736526,-0.24179022617613036,-2.1618753549541836,1.2796693294619215,1.1292785057494807,-0.6067576825134171,0.049771934996761996,1.2175890772837368,1.033163846530798,1.35736919467846
0.37447750508844985,0.7695335660246497,1.4087682918165256,-0.3432857233398056,0.44062168101670013,-2.146590133076616,-1.579840895493819,0.4999834655317496,0.6526628703372532,-0.3872846779757461
-0.6064129366555505,-0.3555677370889212,0.19186942668942814,-2.3137260667804114,0.4656187555057123,0.03240821982423724,0.24742922874016707,-0.12372943451852514,-1.383087015913084,-1.0981952236435206
1.523485718454691,,0.8078148894224692,,,,,-0.3400029708850879,1.4439216959071985,1.9274863488321399
0.23763018074675876,-0.4126983766400148,-1.3292274652299114,-1.398069811172525,1.449356364530453,-1.468595546930982,-0.44033708708774943,0.15530731811163848,-2.6015631132729626,-1.2505944959235424
-1.3384262532410234,-0.665705447935257,0.258682873746283,1.02777696938212,-0.6635553216637243,-0.46165975318827945,-0.1195810748102273,-0.8055367600498159,0.41780986168284734,0.44869396883061524
-2.721575936347919,0.6394235908172924,0.1272065132046298,0.2587686125637639,1.179594930222633,-1.7862950901309824,-1.2554911731805667,-0.07023914773883298,-2.3213758583391204,-0.2116508201745978
0.8460653132421146,0.39663882365940567,0.0789940837813233,-0.23272382991040877,-0.4278704188379273,-0.48548017075532945,0.22872337877012022,-1.5508926054018186,1.4631154471752725,-0.7376392048484065
0.5576788543044419,0.08036302090443626,-1.153639416400271,1.29266484720105,1.081463166115787,-1.5706625975756416,-0.07357041806912978,0.20736636905297065,-2.071337312177897,-2.1205446801460983
-0.8336625518522882,-1.3132211270620804,-1.0435230970015281,-1.3130542415903177,-0.12239376245891444,-0.892276121678307,1.1139663554430927,0.18027027331788267,0.7943132383862512,-1.6882675750342893
-0.6282236641905039,0.13621611485447158,0.45297851931957633,-0.6476959654742009,-0.5011298842014649,-0.39153918456991427,-0.2978635466316518,2.1641973065071136,0.31324298762102876,0.03987533346707695
-1.2590084715029133,-1.2353459615754911,-0.2132081724276444,1.130375173987268,-0.1991398960657245,-0.15631134747223388,-0.74424861653258,-1.7416729368155364,0.43689457448329255,-0.254350147491116
0.4460309732143207,0.15463193381978224,-0.9641001770958001,0.2254098694948774,-1.2910511928080155,0.21754215721719042,-0.062837195229037,1.5405992150497547,-0.8668901356360447,-1.3268879977019146
-0.4131627107204668,0.6090859832236866,-2.7977233803284016,0.8755328636226373,-0.20861559406963748,-1.1419100801797715,-0.3678455708154725,-0.7410730435994188,-1.2251055090154126,-1.9386042595373496
0.7304789451846814,-0.5594802920267219,-0.3914750979732823,0.8447777514452072,0.05586435628355863,-1.559417290931163,0.6727969037391636,1.4838358062786785,0.5030941037981564,-0.8650115712403472
-1.4727829744407592,-0.9013927346288603,0.10303293689575928,1.4262562753099208,-0.7593575116996926,-0.6489114818772418,1.021444185840287,-0.434012047077851,1.713979472966592,-0.14810276822555227
1.1677701137322984,,0.7070902806111447,,,0.4189198108872129,,0.5260615877848472,,0.25768235292751507
-0.6565872994316975,-0.5458798516440707,0.4575027562091048,1.6979189236264578,-0.2320510947985108,1.9728806108593426,-1.0969987544531368,1.2317427051599734,0.43069205203415617,0.2085566518607832
1.383162374614606,,1.2775692076301182,-0.2083146101262646,,-1.3266585256122752,,1.1412609465474457,,0.5454186672085317
0.12659958436701793,-0.352912687191066,0.9647581614551475,-0.6254165686883699,-2.1916414361542764,0.25983730149377904,0.06676609860413704,-0.5932714847265527,-0.8924203577952188,-1.55939818152205
-0.3627217065558226,-0.8752322021002023,0.9643959335174122,0.5165026200685923,-0.48453390220364667,0.5227196236775871,-0.10747472745646101,-0.26944918341568735,-0.05480978265844048,1.7713096941976851
0.6440184898868745,-0.2984822051725593,0.8938629533695922,0.8578078833155077,0.2597173026713474,-0.32856980547889225,-0.39460961855307164,-1.0751466374527823,0.1804923046233661,-0.6098676226744046
-0.4367191734030272,0.6240178868320864,1.6871825137981735,0.37420123094401364,-0.10514635566192569,-0.018763588806897904,1.1379647136626534,0.38770259761049874,0.19373604672953854,0.26457037817034806
-1.428617498269617,0.39047641020918805,-0.8752191175101132,0.39441740921415475,-0.7351896342653649,0.5911695706290363,-0.15307254205420134,-1.145361036351618,-0.290680946507939,2.2058885400044215
-2.2730551663790117,0.16634169191763112,-1.0105655097591568,1.3768764741321433,0.8163092492932822,0.18590999493926896,0.9174322387569989,0.24457164145676688,0.006119378528018843,-0.59885904288847
-0.3609145852770684,-0.46406114648826624,0.010344605766666333,-1.8921013202389827,1.0296643433246326,1.9468716815842546,-0.4322158746556543,1.1749519548837346,-0.13410291004356692,-0.6023029211286581
-0.38178401359248354,0.08569248344525024,-0.7213062759411829,0.6061823073893422,-0.5192799597736115,-1.0732263913710776,-0.01991639808459389,-0.6939353549238494,-0.327314839475915,-0.054309264749302026
-1.3397068115251562,1.4588652985073196,0.8126442124059178,-0.6300545519038995,-0.019127110309965667,0.6357889290123871,0.2087132728829837,1.879851734995047,-0.2386631123934986,1.188979394116803
-1.3346374259880802,-1.1807997395876164,1.6844720456406934,-0.4319559879654731,-1.1674476207171054,-0.04772445275805646,1.263976740839579,-0.763524690080112,-0.041705467985763155,-1.8544891915337063
-0.4688395155446471,0.9971994693152364,-0.7843423221790996,-1.271905558150063,-0.7761133722480718,-0.6096811498317739,0.7647138547870075,0.37977741288969774,0.5729409758395729,0.028432111391942134
-0.6198614528995615,-0.7763653576940787,0.4323277910786647,1.5890028646407084,-0.9407350784432724,-1.017983290142718,-1.1358276933189322,0.8315279898787544,-0.042143008991640495,0.5553968366426009
-0.5079680581090853,0.6182358508484805,-0.28763534178261774,-1.5449255541180635,0.9228982374160389,-0.03622526621068995,-0.310298954441233,0.2812907813053334,-1.4441664302642707,0.43072310203712344
-0.5958106210299591,-0.1561051557740263,1.13929373386781,0.6421946463154204,-0.1763816102105861,-0.10108365938541042,-2.5605694936354313,-0.821891869796174,0.16712717173577163,-0.7641650158181347
-1.3264325957574858,0.4801497197180989,1.3064444450055333,-0.7213973635837401,0.8750102798901321,0.7248057340572811,-0.9768180658204948,-0.7276872520970253,1.8031026717173082,-1.1170227078041015
-0.6090202155668832,1.9657489212499253,-0.5688692956213871,1.3529909069402293,-1.0220165687875065,0.1382675160679839,1.0859204123648603,-0.46746584626883064,0.09973631256878018,0.7444362820115282
-0.9019931468054806,2.240354998266492,1.0377244207679721,-0.357282262863917,-0.23482282654038775,1.9117207435812356,-0.35481456648848786,-0.47215849247062236,1.1461653994261265,-1.400557694889368
-0.07833216887376811,0.08415924137294707,-0.7037137671977985,-1.5655990512932956,0.06910044376452161,0.6881807346861675,-0.6790554811242887,-1.179807264287407,1.2560813309491756,0.5281278705764487
-0.361802936424025,0.9208545677634594,0.24173970114376514,1.7892149505518984,0.6641694406328222,-1.3898654789571612,-0.658739214842969,-0.6109052980059582,0.3095600403351807,-0.3034892946633601
-1.1272870149228036,0.5891399177339761,1.000117197302251,-0.10273444502545787,0.20945839889921805,-0.9675566847627907,-0.5225373906434705,-0.48163302959320897,0.5585865017705944,0.2560263619453442
-0.32969225006433606,-0.3693823418993514,-1.9678182334202234,1.6058743841448675,-2.0854458755999223,0.42188048293055624,0.03770970630903914,-0.265682304026452,-0.008192658473293923,-0.6629830505226667
0.6528153823025257,-1.3135679314209179,0.327814641288836,-0.6777634650778745,-0.4269279939621941,-0.3999068234744877,-0.1653555635786336,0.5021533527354637,-0.035795480266264265,0.9329794663746321
1.0448966584097747,,0.6825902218596201,,-1.4133289911705769,,,0.4336708625862947,,
-0.33703406907489636,-0.2604425976271671,0.530607261896298,-0.6241142884179569,2.711220838938044,0.7888353326499277,0.04653807768356695,-1.4102014588865681,0.25191868978568627,-1.1856495131772742
0.7599173660578951,-2.502196349727548,1.3837247684324343,-0.42414498558514746,-1.6917209682474685,-0.016390339595007648,0.01682294995813319,-0.06431772069473222,1.3797267793602526,0.3808790575380989
0.7960884812072442,-0.24872557392558012,0.426998986297822,-1.3084879687007418,0.2581028349415886,-0.7582087639950768,1.319636560985864,0.07550517220322307,0.6628683596688338,0.26232257771298895
1.806301468298805,-1.5603625636743064,,,,-1.025029219364485,1.1720356542050796,-0.03017532139254109,,
0.11543243524579772,0.6133331729985544,0.32284409998157665,0.5427020793336637,-0.4496872887801242,1.0470874087269488,-1.2121321348036305,-0.08597974912874193,1.0969214900495057,-0.15406415991369463
-0.4308535476670062,2.2884408334305175,1.4185917999469149,0.14163290705613155,-0.9704776432609855,-2.0350849372272903,0.708661683086706,1.265868548057874,0.39577067842392605,-1.7107001904490493
0.16031916858955958,-0.4868507060265345,0.16165649612701868,1.9434276471239098,0.7894015943797962,0.5760746326577137,-0.045344446463496176,0.41447458750787297,-0.7230182314778295,0.5549358310683983
-0.19336847631131068,-0.8222556488831234,0.8150017553976171,-2.2315541475348657,-0.5446242792037493,0.6133203921138765,1.2245846752131426,0.4717029963654522,-0.6720868994126696,-0.05093237608473155
0.2912745430214136,1.5605344008263844,0.9205979937097436,0.9279295163862392,0.06541928487730232,-1.0709863149165981,-1.406041335927347,-0.30126593894947007,0.6994306655514775,-0.5018860749377352
0.5721746530843917,-0.794685426658342,-0.6404208870560304,1.4080099051488792,0.7668722190518679,-0.3064887219139186,-0.8305510873517248,0.9489149141953394,0.8764602309910005,0.6391973105789193
-0.17782846588281953,-1.0945911994597182,-0.01483594245113062,1.407599872219275,-0.909038874900572,0.04745342721260757,1.635792079452645,-0.30423291877992503,-0.12748204424800375,-1.3504025061124625
0.6232006370492372,-0.740597959168519,-1.5546034756924825,-0.953558610493231,0.20844619727183394,-1.5801050950476723,-1.385815335113362,0.5592841526019504,-0.07238435505768774,-0.9139893777881379
-0.3212672972377012,1.73817058014021,1.2817317329351634,-0.10743351292383634,0.8161822767533626,0.1210030884590021,-1.7741942735131664,-1.9531560125288492,-0.9093327837467111,-1.5757531772518172
0.2715668321809295,-0.549939534302848,0.4253290449996296,0.44069601134217995,0.690027457653151,-0.9306209328161827,0.5156717084382513,-0.9554623762626724,0.7113399315271842,1.222654159666356
0.7231535737897125,-0.17707754295488262,0.5667682535563039,-1.53326993674007,-1.758705631138986,0.46679608268741585,1.3077344408478304,-1.2314487107715224,0.015184604901780715,0.43886355167982244
-0.6145518436267603,-0.33938273252493756,0.6132432848452005,0.10818642349104048,0.11255722265714742,-0.9822984042807624,-0.03114935032518295,-0.39791332628371884,-0.34438190952206305,-0.541404072335322
-0.02728017978142529,-0.8682777858034701,0.012089777426606964,-0.365031578615258,-0.9320937104324344,-1.9485911044143103,0.9474659478735772,0.7463097873563196,-0.8048541107073603,0.6816680567462818
-1.0247872996496392,-0.307129104734385,-0.5302797827752344,-0.27759091375314227,0.646179944756533,-0.4018741005335785,-0.3396394586153743,0.7432272156568203,0.061707976704487764,-0.5917879944590952
0.24064173463907595,0.9926619986187069,1.0559165300699738,-1.3246284805533712,-1.2745440392419776,0.9990842030920423,-0.2875194490533354,-2.2000059395015703,-0.7299016621789841,-0.43904196382949184
-0.3125694172605444,0.7649284335124742,-0.9291678214194218,0.9355323874310795,0.2851324746660971,-1.286540736361053,-0.3194736871107351,0.49466708422755545,0.039562187969460906,0.3789733001889072
-0.5874160655196002,0.5547680770599809,-0.3984619542121885,2.5461656593850255,-1.3194519604848363,2.6979509194462974,-0.9511482436785268,1.2712246205542104,0.8274407237215108,-0.9095651836705638
0.5994714700370251,-0.49580974009681006,0.27484957949465905,0.14786729309825486,-0.34930985756922917,-0.43242997889382995,0.34087238222580424,-0.90382224785308,-0.8660949613412983,0.9549761523232944
0.4283862091724824,-1.3066671966612857,-1.0032798246641348,-2.1365108486857305,0.9096898196254022,0.6885760585578816,-1.0887570886618436,0.6496509272015771,1.9855012128508673,-1.5393386481092863
-0.6151007646224879,-1.5611914602207078,0.9485438866778098,-0.0960576478592205,-0.3981049084569683,0.2274180553550095,-0.5569339097495979,-0.40163229333842637,0.2747624655952877,-0.6100778245992226
-0.46898550544876505,-0.15652009905067307,0.09134020108770977,0.6016443453620908,0.5832278482008542,-1.4995890389206445,1.4079513112224356,0.05911688479905781,-0.33166091738505227,-0.9035407019377701
1.989167103869559,,,,0.34410525259228614,,,,,
1.436327788515242,-0.13797164099230239,,-0.003842722578579026,,,0.1474112771389594,-0.7850501107359226,,
-0.8224825853637653,0.23454689882099913,1.0421382628785718,0.9140320534214255,0.42983984395077846,-1.5292741587651546,-0.8610025575597761,-0.19744274841554713,0.9628331054592589,-0.5568542737599216
-1.219755765156648,1.44828817924989,-0.734932994551889,-1.1278705072612463,0.2273353340965671,-0.05007464122276626,-0.5001262569564203,0.0003678961163022432,-0.9259404816634401,-0.5115808123493958
-0.03612946978756817,-2.035856174391278,0.9550655389306442,-1.3729041780549387,-0.9388562302391603,1.0001534782949781,0.5693114992815232,0.08732311783199588,-1.7081908331295412,-0.6056807947387823
-0.21615684892763418,-0.14351756402205326,1.1414187479386937,1.9942933627111143,0.6148535456789103,-0.5343915705411673,1.214413322446803,-0.5895695916576945,-2.6236942049379124,-1.2495333197070038
-2.3719223308860378,-0.38382958210534296,-0.17828374693232338,-1.5926711999320855,-0.8541149363674199,-1.4263567650017452,-0.12700299206283971,-0.8534856415875758,1.0099395382196148,0.16968456628513298
1.6047873154239014,,2.144366286296901,,,,,-0.552678619752828,-1.6650489644295743,-1.8382753731776034
-2.0671359297250813,0.6167571470739648,-1.3290523957756977,-0.2547756241996875,0.8919161401439232,0.46334516462645114,0.4139199116763087,1.2138213587016002,1.6094299464346857,-1.251735213376949
0.4832027342094587,-0.27221657188675374,-0.1466752019634131,-1.5114750795272098,-0.5319483359000863,-0.4227451102816822,1.430253910095009,-1.1553034756585407,-2.385454943660475,-0.006100432126990098
-1.2567655941087341,-0.13957649590892193,0.660755708845063,-0.09981558610382546,-0.4312449760490883,-0.156560902130738,0.8473992290492892,-1.154666886999657,0.7284819138784863,-1.0044409722739451
0.6020705010299197,-1.5430901138883517,0.5425103651578039,-0.10187144967998125,0.09655426429620946,0.9589434500042479,-0.8210942797139281,-0.02505118696446682,0.303300665711437,-0.2990112867937744
0.7167893725526072,0.32982112092438365,-0.579928610974759,1.2607318257288092,0.5618961242364476,-0.8425673665463373,-0.852595457970487,-0.21951263411999616,0.44747821569949564,-2.213440494752092
-0.8005093484439244,-0.5774779795949948,-1.4376541897387096,-1.0217672345193074,0.13730125163707346,-0.488912247301293,-0.4103263281180478,-1.3786397951752116,-0.2135167062914982,-1.5040641467392895
1.4590296678406776,1.7433277570310528,,,,,,,,
-0.2225079480556387,0.5490883791317415,0.7778483386641142,0.7359146663170893,1.0003696530416315,-0.5602695832528914,-0.9528807302191838,1.186913127984178,-0.8717279825787878,1.8613987101536156
-0.7643752984931947,-0.3808358636875507,-0.19041029102324283,-1.5410603721698652,-1.5381756081426714,0.912034489025421,-1.7200388022215196,2.5196628287134426,-0.09412598529097212,-1.0293442525916898
0.42021824086220655,-2.4619075657064817,-0.33356788974911467,-0.20534136099163622,-1.2662047590408092,-0.6317810607949308,1.5260231115760525,0.1832502304270366,0.3994673372869979,-0.7868260978893049
-1.3233993699091218,-0.24106016660276533,-2.457622371318385,-1.0968133397297972,-1.252499948033362,-2.0387662544082588,0.6492174506713223,-0.13050619872819275,-0.6196701629034994,0.6710163338780758
-1.6442712976953375,-1.3435789551039998,1.1173255580342945,2.2814070067272048,0.6842265551850786,0.4715717835058393,-0.5818585478015926,-0.5588641391393204,0.22726925703470077,1.3728981846967792
0.42654306947961973,0.9579580228318957,-0.9162284966065063,0.6169252932645729,-0.6713441835514667,0.14015178072086165,0.6158208705911463,-0.5312330837757717,-1.017077790234514,0.36259586472050587
-0.13477203957535958,0.13613025098721426,0.6571438038325121,1.3072860557874673,0.6632652978581994,0.531940446405756,-0.5003771203539952,-0.3468402534231431,0.4545032465160113,-0.36324868251024867
0.4503597933031838,-0.8156172289220969,1.9293496036723548,0.19367811797896126,0.12800519508405128,-0.4826054320399318,1.9130207430381936,-1.2532902827317778,-0.7030168440471263,0.8535917107211162
0.23965644694050092,-0.5767678599566204,-0.5480876059250919,-0.2908908901428965,0.10213966316718393,1.5536310314147947,0.6051618446704263,1.0233352079411855,-0.4342742166867096,0.5157296014352644
-1.5547890481799143,0.18213720913714446,0.1179603870853918,1.8214167906965157,1.55758504430475,-0.25843989923946153,-0.8171402638742695,-0.7896919146269279,-0.2946450956513255,1.3017409884002118
0.4149074822080257,0.5180084888703427,0.811206846656989,-0.9941571949455645,-0.7090591374176107,0.5202328991301616,-0.7789219756409937,-1.5264079945620113,-1.0825822697918117,1.054361172687918
-0.37408097430336357,0.22585068333264757,-1.0325261827033747,0.37940335243031403,-0.2695921080735027,0.446198021217759,-0.4778813413956605,0.5042840068659061,-0.5270126243074492,-0.08032278318554371
-0.2716800262347626,0.02623760969592619,0.27906454626451743,-0.4949035028899289,-0.11961830272829155,0.1864865540815549,0.5076872817432933,-0.07608533250565834,-0.8870527942320646,0.08645419520943551
0.6703439773860393,-1.3331316905751607,-1.3214650192132888,-0.6622114464270136,-0.19233015064553705,-2.1969145293843835,0.5740901224781347,-0.18253195396135924,-2.3510999455278845,-1.113168493181286
-0.3005841290758589,-1.772537341846545,0.970461195253394,0.18683309002819617,0.678189498125716,-1.0290206626006433,0.41137278261179305,-0.6606433298194699,-0.1924687489996662,0.35283004678607455
-0.07006519740813667,0.8084196603710639,0.13907771761253732,-0.4631264408672211,0.8428806577443804,1.0536529637808747,0.08759638031252431,1.336107375987632,-0.2354416022610062,-0.1279350863760464
0.004378883468581051,-0.12979674852667047,-0.3105439148639314,-0.7148584473743324,-0.9941216954839313,0.11076108876665554,1.1983405983459114,0.81420154682775,0.3880846746494701,1.2491689289131704
0.019247375266954782,-0.988812982500989,-0.34944620241548835,-0.06066070913817652,-0.5124225992444014,0.610067227635928,0.935539509891251,-1.732123669960454,-0.14546020860036396,-2.903122426022
-0.09157354070326287,-0.1027517355733385,1.776209826503836,1.4762569291374277,0.9323504899918633,-0.959738780511366,-1.0175077734313902,-1.0960538807019093,1.5266173712671045,-0.9104420481227811
-0.3855701020696429,-0.8997681733612325,-1.258172491296185,0.3326162936043854,0.15334328282133192,-2.2245587988607736,-1.3019346140828596,0.25518815160170494,-0.07221382181213899,-0.400931718003737
0.6056780674101837,-1.4430329676889941,-0.5949916994877625,0.5180371518662444,-0.6492950264594141,0.31254672854432813,-1.1462296668849066,-0.8238494539835937,-1.7821978123494204,-2.0571265647904364
-0.4759471488390975,0.450024028794516,-0.11479868672566494,1.1602848888460708,-0.39279943478768875,-2.120139124845883,0.34419431654587246,-1.0785281225392904,0.12588064924893166,-2.2854819564293862
-0.27504904112046763,0.7026918801592807,0.5804799802897374,-0.25074190021503673,-0.051331651633235775,-0.49718631343276704,-0.29829894246130517,0.6267738757753086,-0.7498880843559028,-0.6518982532133624
-1.579549079149765,0.6466976559816136,-0.31986170887473775,-1.2629420160698455,0.8223492810387406,-0.10104396384572592,-0.7967978624757898,0.8381127900535131,-0.39594419948687054,-1.6238721313506317
0.9040048218973964,-0.8945226455110075,,-0.5001729009871384,-2.0699638065903807,,,0.2014862117622281,0.3273725343678055,
-2.221081008948797,1.8993742777512581,-1.6177326321900238,1.5836588418011772,0.4721207363971461,0.12087185848974435,-0.5224794004439,2.254610083334524,-0.746994594550007,-0.7190582417443259
0.6188442768000929,-0.7270282586546826,-1.0655144447570732,-0.11132691719880747,0.6344855362152582,1.8264809116722138,2.030442442160806,-1.8436691562933702,0.9897633496810085,-1.0367057471211936
-0.9868439360626766,-0.5920247043639495,-0.6557055760166429,-1.1221140375505176,-2.377702001995062,1.3947968979316727,0.84685992934473,-0.06781032866087291,-1.018827275490646,1.183968007348012
-0.11465773869879052,-0.6262679499228198,-1.695268590657699,0.4871904937929066,-0.3853962999480935,0.2101809535222147,0.11767385376305653,0.5847651780393678,0.166627273331217,-0.35554145567707024
0.5041195408557883,0.900413012647044,1.4959817850839914,-1.170897545487947,1.0618571959539427,-1.6381675708350052,0.964317138762522,-0.6406589172404822,0.7915100837692819,1.4426361605763105
0.1793111600078595,-0.04734381142628719,-0.09839890487948566,-0.47058364466294755,1.1244111684834146,-0.10777913124592339,-2.1752487937711558,0.8841648343810513,0.8316408739886212,0.04311932168652455
-0.7882204047860851,-1.1602128499662583,-0.785353508638726,0.1988143281177178,-1.8435409357599277,0.42441545535816066,0.07256218292994504,1.2872729343294762,0.7012467859521261,-0.7230576307588196
-1.690892799484851,-0.8212261246804671,1.3812356118503253,0.2943629182125784,0.5973382550482694,-0.6291844566104704,0.48476325234331535,-1.5201634095729948,0.9352026594610058,-1.1554267395505575
-1.9744139889378356,2.2623316056250267,0.13488648579581883,0.1072081250037561,-1.869955847428328,0.6225603101022191,0.8860197215699478,-0.19929496228073043,0.8899078434108134,1.1705088882195915
0.5257225949182202,-2.166222417910022,-1.1516098547317226,1.6868958444469744,0.08238442837593117,0.08688047658057403,-0.8316561121776336,-0.6374743075966556,1.192649826471513,1.4984720574215018
0.7972089909319503,0.5515717609891698,0.6266217731128757,-0.07037344330013702,-1.2036600760639866,-1.419797555576949,1.3147667031275168,-0.0329244587069128,0.47706956757830504,0.21075708164384693
0.2614908222401265,0.3449467682106067,0.6974020910153964,-0.7675545118963389,1.1824077719383401,-0.7377331228252315,0.23946257941681978,-1.1829913088897535,-0.1666308651106086,-0.659830942591178
0.02421470972076722,0.7354010446931425,0.07605290290767515,1.9608587259460575,0.7959194605995246,-0.22845331790335605,-0.0861056330084783,0.3777625605118294,0.704323577160585,-1.2340520640251358
0.6366540403077741,-1.2080915305031696,0.5398498155318261,1.1000970654717779,0.2997318485398985,-2.3257452446054825,-1.7823544743624464,0.5627170607896943,-2.453761426460696,0.6098769289764896
0.9848261872307591,,-0.2414752332620331,0.4385055108135819,,,0.7450187324655966,,,
0.7399496541533435,1.2976314508869762,1.166237559211635,1.0268714730520958,-1.5918598069515266,0.3982146596349752,0.6456455574589793,1.0386596247044322,0.515623939087716,1.55195137145102
-1.827844679956248,0.558349877280901,0.4789971085284789,0.9027170692823475,1.5421239436091916,-0.8882812035845732,1.50854024186446,0.8148960385970287,-0.18716512366829324,-0.9087943599359649
0.19631410004091662,0.2856770038055783,0.3411873899906539,-0.6269495347635735,0.609338771357802,-0.40553975913969303,1.2165755246816836,1.7102066484310685,-0.8125987773440845,0.05989003841286461
0.972163666968464,,,,,,-0.9940437696571663,,,
-0.21488146087391471,-0.4812330869502896,0.4122357402730478,-1.0743738747479532,1.798233162581612,0.1856189577950464,-0.5662604127728614,-0.3993406131875366,0.017572946619217326,0.9958276482392362
-0.8945174609818833,-0.3687837526707657,-0.04951049142525139,1.5424717689509866,0.9991439456863035,1.5901713532174533,0.031035370972583104,1.432754735515313,1.2672767582928375,0.696761777772128
0.7769988486113728,-0.5945732944661861,1.8283040134140993,-0.24514720326209014,0.5597009689547836,0.6766982405070461,-1.371342356638789,-0.05109770050394561,0.20337496536078134,-0.1133845740628533
-0.039234558476317065,1.4926847062456547,-0.8271389053525058,-1.268756971214829,-0.5864912925547303,0.7442469174031638,0.8416771216053999,0.6060076871379179,0.9118115061016264,0.2560392825624788
-0.5180139111292547,-0.9451565977169291,-1.2621182266232829,-0.22717129284586224,0.7883436534021836,0.23691063018339167,0.02294698654100661,-1.0553754464797096,2.5792682609643474,-0.8254588863806527
0.1206124691119727,1.003017402671525,0.04233147032418372,-0.8069391155710298,0.8086604397697342,-1.3395554431233883,1.7420480835799141,0.28223439736335165,-0.2534096722044659,-1.4163822878633066
-1.1519783606789162,-0.052093154671372474,1.8927474273263216,0.23297568647024533,0.3470595862641765,0.3861067998593974,2.3640420953978336,-0.4413903964896962,1.5654676347522563,-0.3985790864613098
-0.7036129382756707,-0.07961081160758542,-0.08454353297743047,0.5620134472967128,-2.323983760624065,0.14785997116858934,-0.5987471939207892,-0.7239527681771045,-1.2957774455076094,-0.36480390387016953
-0.5166070669447904,-0.4266308221380224,-1.6386070449339234,0.09814977819675036,-0.7916287582101664,-1.6350354127722981,-0.5481620382551712,-0.7740754888752565,0.041137239979009615,-0.56151045791852
-1.4495405357617492,-0.8883536931768857,-1.7266515945581824,1.1371279818857094,1.2978614952770322,1.4189145863349408,-0.5898476132772275,1.2971095651806244,0.40699787915087826,-0.8221555087507157
-0.628518841902264,-0.17198071710619678,0.1024516705108154,0.36290463881792107,-0.0017864069392241686,-0.34852065619462375,1.3520907157841409,-0.11378255929700311,-0.1710280556816021,-0.21727089492597412
-0.11320040761420372,-1.3624233239462842,-1.0030974636973748,2.4459868876784907,-1.6504190278945219,0.2717766596666947,0.3425245472723622,1.0127239797213556,0.36678067016346966,1.8908666487003507
0.2396458496024926,1.3478546816822345,1.0399724136006603,1.5419902448663478,0.02483751442854916,0.39789383998462186,-0.3691765377394451,0.15975359117610466,0.21498740685818266,-2.07740810546446
-0.14314343922272324,0.8898727249611966,-1.3501892491346241,-0.9863416513960169,1.1556473028412997,1.3431280808784762,-0.6207686447161417,0.17398472478298474,-0.0780524401985871,1.1769759608988757
-0.5333464441143211,-0.37864622785878044,1.3407672150297276,-1.0033305826313186,-0.4979587935487308,0.13289836316335882,1.5237698137092839,-1.1934623330777694,-0.7105872449401451,0.5925508216627571
0.7469499687178052,0.21155567701799807,-0.11672120133800748,0.12965240425550684,-1.5072682217558744,0.10142203105667212,1.4821229042667818,-1.32014827014104,-0.7840509661853124,-0.3968789451254516
-0.33392634682970185,1.8413649405335257,-0.9319075162867521,-1.1317114753386077,0.7710716949152291,-0.6468565615144136,0.7876746358889716,-0.1970618108546753,0.4590198708950177,-1.5678770247841536
0.45565640791366513,0.21779645640245054,-0.25538071171175475,-1.2327384051712524,0.2168352234367114,0.724046040982935,-0.5311536981912791,-0.5114902607769556,0.7938888112793115,1.7102211213061451
0.9396191183575785,,,,,,,,-0.625499824210459,-0.717998484614335
-0.031766203878880545,-1.234636842332681,-0.9085546918020729,1.5328175150708232,-1.0361004746946594,-0.8015399652729094,0.2913378682593588,-0.4417642570668963,0.08863393887925738,0.862875735705565
-1.5470802143245925,0.7542463864452451,-0.5823897376861993,-0.2860764432342136,1.9220918893838421,-1.4026236635087668,0.5907027122326198,1.128029406800185,-0.6835306992473493,-0.6677288145034763
-0.3686678973309188,-0.6894559300711024,0.06647099575404627,0.892606075134217,-0.36323371878601873,0.9285543512696373,1.401010586259251,0.4310593786904083,0.5254835614437822,-0.5939545713113566
-2.6229669575508923,0.5857046714718307,0.7964761236296682,0.24244432247014083,0.9097691325020746,-0.5482631394154426,0.5185155464529122,1.4721438680926868,0.6656679096911947,1.342755772028652
1.3491565172946443,,0.7191810764251613,,,-0.2856543082722369,,-0.5438001122538302,-1.7582164246709995,-1.444608099625693
0.47837936523202246,-0.7588252782918558,-2.0431860391300187,-1.405112595847414,0.16691828251590105,0.7794856470007353,-0.44571560467110144,0.6489788263525217,0.9149296628967619,-0.783710467246459
-0.12121922673976794,-0.6004818777293566,0.5388799946799214,-0.6122339108492184,-1.2131772089939319,0.0525866113881355,1.1103449617552756,0.5105727552972449,1.006835259560486,0.9190214101135548
0.042148576741448056,-0.5974881600325,-0.8697296283956459,-1.5866079494273542,1.1895495542813517,-0.33060508401924005,-1.7047704762462201,1.2343252185709979,0.09426695209389956,0.9677693040418873
-0.2615416812229912,-0.7932737416119834,0.44574883573477025,0.5286350162382092,-0.27990077861303486,1.3135280607181254,0.945469200848874,0.5647639944991857,-1.109972149885172,-1.250859025445488
1.199017584941471,-2.1883445870935905,,,-0.4897131913170167,,0.42029708581234243,-0.5872207366216652,,
-0.17995860573756509,-0.8264313135166275,-0.09066087392586264,2.110670228156586,-0.7574287182751482,1.5307807252211616,-1.755181546692319,-0.8607862265543512,-0.5426297014953095,0.9490887308677562
0.055357155547421794,1.3100715205915971,-0.33264223286890926,-0.053859778543447284,-0.3286813598004687,2.0264012811369154,-1.1202414300002583,-0.5081969410114211,-0.9779623006271213,0.5733124710469593
-1.1410097570549267,1.8221464637582947,0.0806798853002871,0.4123800722017869,0.46310249849813645,-0.020059250652625305,0.12166436467795927,0.08473127468805232,0.5192431348445282,-0.822369066407293
-0.9920779976099755,0.8209680791179066,-0.0019177900744140085,-2.006452292539964,-0.4751900593827352,1.5299743100874401,-0.16037710953769466,-0.5309913200491719,-1.4947938326735257,-0.5678310106302106
-1.1637534500713753,0.4292045777377179,0.0492927411761099,-0.36346292318026485,-0.7622178167777732,1.52644049155256,-0.7053165378654732,-0.7015987165265356,-0.2429680405714506,-0.1031189064277298
0.48204630121760433,0.930444758747663,0.8555731894317921,2.429894351128287,-1.6928739867102678,0.23085132934447125,-0.5205068327573905,2.0097598686343794,0.1756034743281901,-2.029672149504276
0.43421377781149106,0.2668324392539839,0.7577458162704093,-0.7235308378850714,0.327827268005954,-0.27048639060566404,-0.6713618870297094,0.34272385346370793,0.15278469323446858,1.050053193037418
0.02698895317071167,0.6039025842123201,-1.2074335422431572,1.3945171669216014,-0.7772006720532261,0.9029305058422872,0.26311875205946417,0.13632373118246435,0.7603454116542324,-2.139981694013279
-0.5735243226370123,0.7461295775448288,1.9220931223863578,-0.024358218320323248,-2.4376291975827153,-0.3172189756773001,-0.060149857465702075,1.1094593607514278,0.04834303190941919,-1.2767251194981588
0.9634965483122099,,,,-0.5466143379260769,-0.2982080434652624,-0.5296883332231642,-0.3099411451444359,,
1.104129343703127,,,,-0.9089759633364575,-1.6317234928353113,,,,-1.6227515680230677
1.2238188343067036,-1.284211147233732,,1.116736668760456,,,,,2.112228237870728,
0.6682199158137953,2.266396802541632,0.27782636637096597,1.147858949686354,0.477725258685303,0.46315757880215236,-0.9633389171771312,-1.1291520869134979,-0.5123164570968579,0.881935216925987
0.8344661551643054,1.3331862797137204,-0.011103684787509461,0.5377419151892107,0.5419955921594496,-0.1074942124765022,-0.321534674197347,-1.4849982526968084,-0.1525345645226522,-0.1040005188901266
1.1343873395542325,,0.14571333063755063,,0.18998698426610158,1.0329203181821704,,,,
-0.2642020471920045,-0.4664981600530331,-0.004065866466749025,-0.3894970880447183,1.193759065396385,1.885454698581,0.005934895547345447,0.5404556805644442,0.9718751151806323,0.10854815827642071
-0.8779120875925679,-0.40944260551880945,0.41202295279578355,0.393812176131045,-1.7921885436163298,-0.43662101170611295,-0.7370070773996814,0.8822917815669341,-0.6982409334580076,-0.461146630477901
-0.49609146485942346,0.7913316937621135,0.9688443316713802,0.4935735507454746,1.1064094333220653,1.235415168331753,-1.8103086402801434,0.5919113502461253,-0.3697986813984094,-1.25674840537146
-0.3197344816003558,0.7308607162439515,1.4552472868931166,-1.3450998526771871,0.618415795213199,1.9656289562428637,1.8307536500403543,-3.4533051002385426,2.178880071836133,0.9610411036106785
-2.3073827278272545,-0.7656609719910654,1.2577640787613489,0.3602855178782128,-0.5739557297930417,0.0664627438768181,0.5459189185652138,-0.5792689590791126,-0.1271174058219907,0.8969171063110216
-0.7008190692651776,-1.3569881948095315,-0.6373122264556577,-0.8889123624824253,-0.6048671526737719,-1.7274586516972856,0.23562099008953966,0.8676012969135798,-0.8117275915073688,-0.651969224662913
-0.18738650231765447,-0.9113052995038255,0.9837825730548916,-0.8886612101722269,-0.5258994656288732,-0.7632679383094406,1.0074771180960493,-0.23107891009585765,1.993109286743807,0.3537646743850935
1.1584312822593537,-0.3242722297474978,-0.9426205178488627,-0.03316086358296027,,,1.0135198119943476,0.03274300896115837,,0.3762716366113566
0.04693262606325595,1.409790700148005,0.43281676010934494,-0.15691928140407388,0.6934281089669322,-0.03596415936118697,0.1838327796964644,1.2261667861877323,-1.16857208288587,-0.8632736134528907
-0.41935670540795544,-0.27302884884120876,1.156539107940828,-1.4146993824790761,-0.02949988434477839,-0.5507781070515219,1.7004824335631743,0.883847503679663,0.2386922772107079,0.9688426979362673
-1.3194399217915642,2.027504484466577,-0.8418538507763261,1.256949938351583,0.5516510520962589,0.26432481639888294,1.2152246076614286,0.9965820261853273,0.10738216910176918,-0.42159863635714473
0.12302895817239791,-0.10280664411734136,0.35399122192474436,1.020589574107935,0.46856848977338345,0.18486970786074117,-0.6539669127756931,0.32465673033942277,-1.6959330481110084,-0.7975074660199643
0.6062423234468346,0.8851871445710434,-0.020663416235554368,0.20099051098141787,0.3702611529990422,0.6814359587507636,-0.2014091465531456,-0.9829604739308629,0.3871743656604023,1.958305230511061
-0.9224528439434531,-0.12691331841579548,-0.3862464380743389,2.4131983788660643,-0.9607254331175005,-0.1604579839698225,-0.3646862020741389,-1.2543466769052842,-1.3086590089160388,0.5683834023097231
0.7086529058563745,-0.559500143078072,1.4089964025159745,-2.25081311698174,-1.25847227335501,-0.8247206146455875,-0.008953275756281994,-0.4509071062223458,-0.20104710774572515,0.48505578604358285
1.4570694613525936,,0.056153419131634526,,1.1014115605506958,,,,,0.5803122115913638
-0.5551458044555047,0.8657545056913577,0.26404156502655196,1.164658093806166,-0.9767418274770898,-1.7414776178913025,-0.392753860616013,0.023736889785119304,-1.8009027945923366,-0.6084583088471773
1.2835555001962313,,,,,,0.09499432702202669,0.40740189749048233,0.17125124306036543,
0.5751138225551444,0.3383423222977875,-0.08642957528620764,0.4319060631778755,-0.20999625504654906,0.18937903973949755,-0.3417143742682711,-0.49943338068024273,-0.9160591819501097,-0.271191445258141
-0.33679468794471784,1.8293760938911672,0.9921054589709075,-0.13402580000953887,-0.4233115275678304,0.615055140346545,1.942279375808332,0.7965602235822499,-1.720053696980248,0.8631645320374493
1.0403197768257213,,,0.13856875362920487,,-0.7639777050047483,,,-1.5430289591555695,-1.3170234404500547
0.8156771958595812,0.4978391875020862,1.249741455443668,0.46323316157411176,0.010422544340713867,1.2890692194957534,-0.4228704828487811,-0.3333381612479239,-0.06451821694529535,0.4504654402668535
-0.06662234330664625,-1.4850476983812015,-0.26659203224266287,-0.03155705517486169,0.11482040199847134,-0.4494004244304474,0.5056160065552084,-1.61052577055481,0.41575955625632893,1.7928598366230344
-0.6068080324817575,0.05761038103071457,-0.24702525086667015,-0.2301703603487054,-1.0284688133648068,1.9915585637229845,0.38578526432865173,-0.6707965821267937,-0.78464649337903,0.061501217246768485
-2.1676731198281733,1.0528220182168624,-0.5138505940313939,0.38879351242783666,0.43559774649109795,0.9652992000433286,0.49262554619513516,0.7431750919944172,1.0190654824141943,-0.3302464873491289
2.151387276629751,,-0.02798238640194878,,,,,1.8274477784085164,-0.3899851420043163,
-1.125548311999732,2.183208251068539,-1.193637306819835,2.0742844306312525,-0.13583935348637596,-2.234551874980879,1.3520377759971551,0.0823248421831095,-0.4534407352301977,0.6416816090293662
0.6644082046383398,0.41458339446805137,1.1350385858723868,0.25254940515856833,0.6497242768203396,-0.5217643615139542,0.7655639631757842,-0.5174019492774009,-1.1245409638293271,-0.2062622753143677
-0.27578054430745563,0.9277504406030529,-1.4532006912541282,1.0936332830793811,-0.6229746527125736,-2.464895176617994,-1.2073893437197885,-0.3075351350105068,0.4442258914949227,-0.13329949249554146
-1.2095386282269822,-0.7785346482415294,-1.192860053305593,0.25875627663741146,-0.0905934916602867,0.6137719479603807,-1.7701982545911457,-0.533983093006983,2.0287980654764555,0.6410343550908885
-0.29610728194581054,-0.9873540995060884,1.107747605265085,1.5326711238672965,-1.1486677341383607,-1.0540687731678196,0.27880092820673286,0.37228350865456056,0.4827784825058153,1.8433698438224124
-0.9714878808953156,0.03985833189011901,0.7211939679970016,0.7104194890107353,-0.6478149017173339,-0.6083241803361242,-0.45922211979350863,1.7034572469595919,-0.9784711506653692,-0.32430965867691125
0.7754519905586829,-1.0888124146914804,0.2580181521004898,-1.8995314528313676,0.19260132819605527,0.05237473765987471,0.16360962664108247,-0.868932463095044,0.22772433184456706,-0.03904835182359175
1.2991204605172744,0.6378411704310865,-1.4489824225832242,-0.8325850897284897,,0.18038576882367133,,,,
1.3908659724704773,,-2.1785242453928793,,1.1192308025162347,,,,,
-0.4342033569534971,-0.6403373632927861,0.41063202209354827,-0.30007442044002597,1.2808646049355814,0.467280284868605,-0.7779698093276982,-1.144727239163501,-0.5735918709807759,2.3379565201001613
-0.2375727242271587,0.7582783440903562,-1.3056466887054026,-1.0830812930737266,-0.18843166994843433,1.7010981391663338,-1.2907344753157282,-0.629734522763782,0.9016941845837195,1.5925886206354196
0.4374033007057364,0.6758684249273876,-0.8969221718842321,-1.322920506196553,-1.1458237423254576,-0.8733583956200646,0.22560233889980724,-1.2196382159038053,0.2504012682848207,-0.3151866041310969
-0.5625179930026418,0.885037701588868,-0.9590305028113105,1.4357044430606525,0.8308430817891543,-0.9901016909246773,1.202236220506009,-1.1082372447020168,1.293079781259564,0.33293378962962017
-1.5791229389299732,-1.2953783293296375,-0.4049746468464457,0.8677956035278059,-0.1706897880312056,-0.19562058940391577,0.040169388667874985,-1.9950840248611277,0.8242252837699291,1.3396582011303868
0.7893612497953192,-0.4234862981959666,-0.8850414456408403,-1.0819370153168946,-1.1331408922598882,2.2645628707239163,-0.07882295652807315,0.9046859753730672,0.8496379685153383,0.14261045110649445
-0.931655095854605,0.518693637141112,-1.0825237314307463,0.6023049826782604,-1.0368761568567813,-0.4361600794277236,-0.4378340624202466,1.3989516721303028,-2.4340955176972208,2.330785910904796
-0.8059051922873657,-0.12336182485955437,0.41330694287209835,0.3276154889221185,0.8436299403222428,0.6103728177106624,2.0369950802218115,0.7315956799266995,-0.11736170621633356,-0.5530133350588471
-0.578853604627783,1.2932437682808287,1.7552020050684494,1.0041010303033306,-3.1644210154620884,-2.2471501320186125,-0.007562069605381313,-0.16669228168231848,0.019908639760661456,1.2517424971383946
1.2018899772544485,0.17491334521136553,-1.5238806517107804,,,,,0.6605217166278383,-1.7523763951533058,
-0.8751273896269791,1.373063420606057,1.5222851448669559,-1.594939372992935,-1.518487419453532,0.7609350620140105,-0.4406899330692585,1.3663742638417355,0.7446612365759521,0.9163934970929484
-0.8218802449108784,0.44381147273157967,2.016383659401291,0.14224835861361626,-0.04500188745593936,-0.4356931387720688,-1.6019361033535324,-1.0989457994508955,-0.8918227109850629,-1.6443005350551416
-1.5434822201889982,-2.4481846225796158,-0.7825108472559423,0.6752478928268029,-0.316518896750476,-0.3119859110037236,0.7667782019551481,1.688965164987287,2.2733302461528915,0.1445108013774567
-0.28180122414365794,-0.4130790105936488,0.59120144018992,-0.15630593660954878,-0.1527292815907924,-0.08646948022445063,-0.9421365457748092,-2.3321963910582126,-0.6692365472485401,1.457479311244605
1.410476104861086,0.9397825643790138,-0.49372857855187263,-0.7905135993755262,,,0.03939792347695301,,,
1.1598388162263864,0.07201203742578882,,,-2.5449252033759096,,,-0.2072233160043696,,-0.6754706147847821
0.22852217586795817,0.385364704380065,0.2034555968970666,0.11141440453171893,-0.11760068707559063,-0.09793290890042651,0.07939265813509785,-0.9424157506535648,1.2701166737050589,-0.09111311432888063
-0.4033761803912843,0.3958439027092611,-0.11468980009671197,1.2426241791868529,0.8946831679506625,0.09294009342893245,0.938915052055937,0.2352683846131707,-1.1541119901544201,0.8898676326460747
-1.900445863058488,-3.516855542169703,0.6979960291194502,0.4435623623343799,0.3767524882693383,1.3895567506743363,-0.02471607307073585,-0.37825025707818033,0.7966398323071884,-0.7137936937695954
-0.23810920575528244,0.2525729624414121,0.33254157860333544,-0.3330248232459384,-0.49047930446668037,-1.1199188638819235,-0.7871749191063605,1.8190884834167258,-0.2655767803657129,0.18925148236108938
-1.4912780029892343,2.5632109331814266,-0.8614649890863235,-1.1750743138667255,-0.06118257458987406,-0.8924792194245622,0.36498130007750806,-1.5116435294642636,1.1370491318816542,0.9398592193374292
-0.11868067151005549,-1.6555197273045084,-0.8122532641522049,0.0625256060892395,-1.2105110778070935,-1.047823119632801,1.0492990965543774,0.1549170337752158,0.12333073647080046,0.5274594259178006
-0.1638228537442337,-0.05950580493402552,0.4559855944951707,0.8089830828328238,0.4981030299895925,1.460388117540023,0.02463036659835988,-1.3471715928650307,1.0882705619517044,-0.24508619144153768
-0.7686900257257662,0.7123494234042735,0.37077169679396615,-1.2787478053202066,0.6706302840157958,1.874316873329909,0.3236179740205326,-0.25618373807038686,-1.6692555162196392,2.0512182840741366
-0.5169602123411305,-1.4079884958233677,0.11084491731572839,1.0082489682743476,1.2359147746201156,-0.6722196141680852,-0.09852573428833701,0.0004127961890907944,0.9765579760089804,0.5928341298304928
0.2706246375943625,0.9148264516634298,-1.3620678054257755,0.4208745652666296,0.22159633296983972,-0.05000668608739487,-0.24967440698593968,0.1341496138749958,-0.5701880946171869,2.727291751785459
1.3589742301011871,1.0929099662467048,,-0.9571927857006729,-0.21195218170609928,,-1.4483900341789022,,1.0821496116439993,-2.235677394823106
-0.9003681169859244,1.227834068351837,0.37396531303647335,-0.8663228740176481,0.7353618623336348,-0.5942146943867532,-0.2361215528021007,-1.1388773448491316,0.016914729173147618,1.0181902662759559
-0.4775046244699936,0.6454572210154275,-0.049909878994550336,1.0790071154301522,-0.4630374638866379,1.5550198324264182,0.6815888376565866,0.24401300095693307,0.2805073929321572,-0.4649864519991208
-0.5293384888012551,0.26219241346382566,-1.1987334390975377,-0.601691898545819,-0.9372551631687955,0.5718211496633413,0.5870273155131468,1.2678222217088204,-0.3346531656592356,-0.8077680883413757
-1.4692964274716727,0.2709501850020138,1.3967942426339102,-0.07461241587303495,0.02663122176188729,-0.006214122246446214,0.25401035219272017,0.9970491788248471,1.919188657538484,0.4983059624648649
0.5642709078984949,-0.2392648738738705,-0.1078122122516591,-0.12130859525641353,-0.36614698624064523,0.12752609466047346,0.6248744641160435,0.06355662699346791,-0.28052019204905176,0.12599873178518362
-0.959856420938019,0.8033402813282473,-0.41315908876994795,-1.1549687553949717,0.4617449837631193,0.5113828077840882,-0.8599320222270807,0.6235689615902746,0.6338996647561188,1.9748807119288037
-0.23502511678259894,-0.05437657383041185,-0.6067968791868137,0.4936753385214793,-0.004604375980299381,0.9879290160182038,-0.4339503851422407,0.4718558264561103,-0.23784474227533883,-1.842480056831647
0.6280406851543116,-1.7480498214149673,-0.159484268711311,-0.14386743941791982,-0.008369413937142073,0.04731077286494903,0.03746760708942943,0.3630726684434586,-0.10873088270379952,2.6156974313232513
-0.342392730813493,-1.2226091432900077,-1.4100130399454864,0.6582568447088322,-1.5916352172912165,-1.2097475421319992,-1.3537590527128205,0.45714211673309557,1.3307073830230192,-0.9439464793064091
0.42204143996270505,-2.636945763408861,-0.7447450926373582,0.6024749119650413,-0.31230465320598416,0.9940288581262813,-2.233190258310528,-0.7349761269659004,0.4527464988624593,0.44019503086360223
0.5169352516948189,0.20751162526382744,-1.1441244979848457,-0.7791148349457758,2.3163848298034995,-1.259377263556203,-1.415571002416312,0.6798913737597521,-1.0592696114248636,1.7922136069129662
2.734446470443204,,,,,-2.238636780754583,,0.11859225877130807,0.5476572328855167,
-0.5425336201843453,-1.66157269839843,-0.3170270686402632,-0.8007542502246652,-0.6356973012987416,0.6512162823560507,0.2815691887206431,0.5611869525757454,-0.12920068355182424,0.7169324623071395
-0.035096206175562784,-0.49138556334335876,0.5705702483667897,-0.4234216816903631,-0.3294891145079664,1.068269789302457,0.9740877098235678,-0.2971380446234749,0.872857088437502,-1.2781721616178527
-0.2913386852788822,-0.7518008664430207,-0.0017505038749457598,0.734585988389837,0.555677148360992,0.4196298894045592,0.13749165748187964,-0.15936881170560904,1.2011873167354628,-1.5465276207726366
-0.6667699510754892,0.41128206992268,1.5278815047507421,-0.34583708995975204,-0.2609293480000309,-1.2899186271206504,-0.5415185155754789,0.7082306663715112,1.579293649495259,-0.29328564296249204
-0.7989742874302258,0.06975124779060835,-1.6146800667864094,1.2355819666738341,-1.230732959687523,0.3137922583808627,0.29899413884495823,0.6277404425273096,0.25559211127101206,0.0027127900463619166
0.42859863709886814,0.8346895331261244,1.7964564715645477,-1.1025197787864147,-1.8390483801041226,-1.5468930548700037,-1.8132748498187585,-1.1996822151405508,-1.3266131122964773,-0.41636690773085505
0.855122527801678,0.6264853758093719,-0.6222314190083846,-0.5358589411693214,2.0107763256300384,0.5947849795938235,0.1727071811618407,0.12150177463931174,-0.28924704847003135,2.0031379974812413
-0.1898468086053526,0.1492957458330545,-1.6488170564113322,-0.6363658221882901,-0.5507177544412144,0.48629363759434185,-0.7752190810724175,0.0483120699312238,-0.6063548676668619,-1.1006413331195173
-1.1412927748267137,-0.17339713912903426,0.1030630817531957,-0.19372505156611203,-0.8328629953797673,-0.13775623640292733,-0.32271167628449177,-1.0418673240555032,0.08308425866854698,1.810326929326511
-0.14958306044964184,-1.4610805904934971,1.4685447561662797,1.2571215083443352,1.4325273793427549,-0.04221735730022216,-0.7835545051474441,-0.8930258115902485,1.1412242428672572,1.6058789625926093
-0.920373095253947,-2.5201066255903126,-0.01778597424506638,-0.9042585613579642,-0.7072662104979568,-0.23821907834603626,0.40987355708770623,-0.7809636421164121,0.13607653343838622,-0.12615417570075566
-2.305348235266261,0.5449751398365366,-0.4510049170334223,-1.2638625879111838,-0.7259979682372405,0.20296570272332307,0.046233114934464956,0.6444325720234314,0.4365835835265622,-1.171603439830843
-2.9543093443139172,0.12090535888705166,0.6309512079858545,-0.20244430857958182,0.6606044738211581,-1.0016428179662054,-0.34601906272143385,-0.9205766213284737,0.6972979194337795,-0.9104007954599153
2.0598492360906064,,,,,1.2995091431147545,-0.32376597057182915,0.2746994056705363,1.2739576452704167,0.3043298953751369
-0.9207256685495374,0.07006597817783827,-0.7482225193912982,0.15099479060798007,-0.7874726593891846,0.3728056360060451,-1.7887918047142368,-1.1219806210308694,-0.7932236503765379,-0.16021408894553602
-1.5120818624619263,-0.8834564736073127,0.7781210276006282,0.897165049023008,-2.533624757460836,-0.5867456348700648,1.2748361632275083,0.38603855938924353,0.40734882302483016,0.5641471371396609
-0.9589304098020919,0.21403052485156993,0.4717338230953773,0.10708006222251258,-0.393632938356689,-0.04808619822995098,-1.1401446060593403,0.6141566649737153,-1.4353346521684356,-0.816259246006389
0.6817850268076677,0.29025640153141713,-0.48415025501384396,-1.7124623506344332,-0.04613268655163162,-0.6301762440550163,0.4804172825866752,-0.5166241571565156,-1.7506668650175705,-1.3837317935527347
-0.4269945322367027,0.10876688262584233,-1.1638870319645171,-0.7584851728673657,0.792473490155935,1.109644448330965,0.27691476536847703,-0.28503693537754937,-0.6214144082469291,0.5392243197932854
-0.31636867410995495,0.9201274901939307,0.9726841793137688,0.4100772097109833,-0.49762078242091046,-0.42038490866815575,-1.6437025235026723,-0.05265557013448479,-0.0836919139075094,-1.3775259583723793
2.3641540682162328,,-0.8404456631967907,2.054191964221782,-0.49604904251501236,,0.08763258948339821,,,1.4366517050281287
0.876230070919082,,-2.0503240307910784,0.304427891219649,-1.2464749429003774,,-0.7140539270802799,,-0.638084578188293,1.020514903327627
-1.7662676133055253,0.7377618973545221,0.3423007734575031,-0.07263538347889274,-0.4480484272971961,0.48648200627411653,-0.44002178490628396,-0.4490710116756548,0.06375358633857046,1.7197555604679409
-1.512871438356493,0.5007041864563103,-0.1430424763893465,-0.22059580428453068,-1.526971304351278,-1.7557838865717672,0.3399319493655519,-1.2693422481789796,1.0163707426796165,-1.0158587943399173
0.5509769363917285,-0.5760526921356538,-0.6240006973690388,-0.9138549414942344,0.43681652053473885,0.7155718822292864,-0.31553225703399607,0.591206016745274,0.012608296559872764,-1.3342281152437416
0.3785331513404096,-0.3005371996563508,-2.6142961038060513,-0.39077217901472655,-1.6935002992834491,-1.2315397523959917,-0.24895164208811799,-0.07521884684268017,-0.8350535421429848,0.5273004190553701
-0.11452171550637848,-0.4239789834161352,0.043404592945497866,1.2050588930695032,-2.1503171561198813,1.2995240066076386,-0.6166424909816826,-0.7789209115582842,-0.40217507741681596,-0.8867038142008192
-1.040375012425246,0.8468256449282499,0.1596854218888036,-1.9176913630662693,0.6741101204147074,0.5284425250843489,-1.4845880893746706,0.18025865808805422,0.6204590634583932,-1.6042960897850629
0.28528560635502276,-0.6750968753724186,0.5421914330469536,-0.9336479454453841,1.042243282723168,-0.24353486085748124,-0.6148936886997565,-0.7225203487828771,0.8740188592458978,-0.7231634754901566
1.0604458742309129,0.2134195047903268,-1.3856107801248652,,0.046859589039140635,,,0.5421799550458856,,1.0843355489637236
2.38903300905819,0.0005845019733995949,0.5538016112495324,-0.6062348728257188,,-0.8909353071551921,,,,1.0363270834878313
0.45673050650549674,-0.4119847481004297,-0.13580895822807929,0.26547756288017127,0.360639465204059,1.4941918750925862,0.5712255874811162,-0.7698689468885315,0.7436194959657598,-1.7476575553174598
-0.386585858937164,-0.2903164858181488,0.6583151817571083,1.7708040088537231,0.21769387330495357,-0.3613661725736211,-0.6982803419037195,0.8350412700299026,-0.19483631548707842,-0.5032028313628004
0.9512872117960487,,,,-0.09778289982860544,,-1.2770566427015737,-1.040656509891774,,
2.4574787225042525,-0.6419620286344709,1.3298356697572093,,,,,,0.9867015750832545,
0.8483843250990185,1.271230414091041,1.4939169281183504,-1.1729447251678038,-0.049151303455798184,0.709432811354166,-1.0867349142522245,-1.3095762328900311,-0.026410875227224028,-0.4129642825100064
-0.1723443898683133,-0.47134760386859115,2.1598910312656763,-0.4616478531048965,0.585629351721531,0.5185963662494166,-1.6888149489153543,1.4661191988722266,0.6257984329000911,0.15695162460997747
1.0574332694206208,,,-1.8762234232815642,,0.1836341362268336,0.19926612941294725,-0.8422858414127353,,-0.24812065799426075
-1.1391237086146513,0.35830122453495056,1.5731779905986243,-1.4212884746995178,0.4902448812132715,-0.4204381684523606,-0.5359112350084094,0.07476371549331828,0.08992018050202447,0.1846786492721898
-1.1308657112716012,1.0899238733160996,0.08113792747624546,0.5938257757495957,1.2145984713662377,-1.9211206520357513,0.6304591863301631,-0.16418251701860376,1.018875490087842,-0.8013335793298854
0.9353462632078448,,,0.2842578063080259,-0.15542250411245728,,-0.36869812222346615,0.9228663638807594,,1.9541600802691454
0.5267953035287593,0.25142634190911156,0.44892374147327085,1.9285188505457123,0.5206220718169043,0.08720356347046584,-0.2753041884553861,-0.15979085447554506,0.38639909008385837,-0.7514383488679753
-0.6264384526912022,-0.06382102270651198,-0.45191514082221945,0.5964874307741137,0.673924522572256,0.26251411939544955,0.4898937344850292,0.11759336391164704,-3.792257787295772,-0.8758663623025006
0.7073447043910366,-0.8388169067106706,0.8554160183214581,0.9116286898449358,-0.265493155583386,-0.5905438583416558,0.00959110118310793,-0.04401143463506599,0.6270032270826258,-2.3411106276566063
-0.73406940467239,-1.012396475168462,-2.5183025628139823,-0.4948134171043598,-1.4995977336724373,-0.38748494492166163,-0.4879599076294382,0.45337981435459734,-0.2501660469784132,-1.6914634054827973
0.34653852927619927,2.4198895328203127,1.0750796922445343,0.6792359480928275,-0.1954549096707789,-0.4909069364096871,-0.5602840330396249,0.24064216855097023,-1.1359342631688791,0.22034862930586785
-0.6636340546540469,-1.714470710140695,-0.6777426558311458,1.2511974212064825,0.1383781190560936,-3.552506528433827,-0.6736279102650732,0.9032602765939959,-0.2983666985431573,0.5237934910347524
-0.39529373191094663,0.18394064707702565,0.0352955732476935,-0.6458874061489911,0.5714809332312167,1.531539100095502,0.3846440063150907,0.10396072352657167,-0.8431753926797978,0.9382119471215178
-0.5110531769860553,0.5606869891350831,0.7616982609352216,0.9875080920586422,1.006126879336253,0.969958833425059,-1.2562231240103165,-0.8590776538136711,-1.3724746283054787,-1.4398203048996314
1.5253102086501678,-0.9859289560700997,,-0.055868769902442404,,2.261903950283184,,0.44517350111449516,-0.7804713162957658,
-0.7287132445700198,-0.7179772626239465,-0.7249830950403957,-1.600057629910165,0.13607323016206244,-0.33679603218332077,-1.5419163893918053,0.10627280836620437,0.7622327320902645,1.1977304634334567
-2.4202903411919543,-0.7309003241564139,-1.370776948068112,-0.65231501726487,1.3885526318915424,-0.7272186985092184,-0.47504077230271236,-0.8290726146485523,1.6259325449265527,-2.2997650978092623
-0.5563665895018849,-0.8656056780877357,-1.7211714568376273,1.1022181994561395,-1.8031038558716916,-0.4594467487080884,-0.07873184443719815,-0.7509213705057409,-1.7342638107476578,-0.1682600274743236
-0.7618317401206292,0.8086485460698408,0.5161113481842691,1.944276793706229,0.10997623838548676,0.5892511084706717,-0.3589348745586205,1.7117293222685004,0.010269115356521386,-0.10255413159352386
0.5405778177762047,-0.6449588753889185,-0.4996170920380823,0.539858506124469,0.7322338468616333,0.5970657120505797,-0.0801827428340002,0.27042735111984123,0.9604225734832854,-1.0939754993701476
0.0013927942359759995,-2.911400805116317,0.740235280529253,-0.7826131079312882,-0.7560587592145674,-0.12189917172596958,0.6191043248855012,2.3918347767282753,-1.5530350721161617,-0.8495110578793728
0.22868548260776678,-0.7267251753893189,0.8359381404566156,-0.16779561811920965,0.8853103997557973,-0.24849048716072264,0.5448840953129758,-0.9571292939405392,1.9374215347779995,-1.6996594850885065
-0.7077641473473759,-1.4203840517427646,0.8002984518764891,0.5396105766543603,-1.2181879045984108,0.9971138297961786,-0.6985421631639094,0.38731869073822367,0.62212846065379,-0.24487074267930842
0.9098533346452894,,,-0.27412494635087964,,-0.12353462143911509,-0.8736660928289619,1.3922690677472163,,
-0.17877174058685588,0.4062021245768658,-1.3799165075538975,-0.3087902311610211,-0.6646196711850592,2.1032424767112383,-0.6893452474447985,1.1533766323362873,1.167364821265777,1.1392732473896567
-0.5938756035944879,1.8048961623824038,2.012181391794011,0.3671162192895544,-0.46539886476657516,-0.8606466421196686,0.4717591326037877,0.06490229140723908,0.1827151368084855,-1.34786787515729
0.032950132741729476,1.1438486319900423,0.8151846389316676,-0.41412193172255973,-0.1090416919929457,-1.4683348977413107,-0.6652521813060176,-0.34002837401705716,0.6334079171585816,-0.7063479741702289
-1.035984922911308,0.7576790868804707,-0.4226047634379168,-0.8389447519448523,0.812411893927288,0.45878283609025206,-0.20747119953969392,-0.3512807291949176,0.3795281836500985,0.5387654956766357
0.20891171063402203,0.1206395810364077,-0.6066249158292674,-0.5467017645754427,-0.17182456810522248,-0.9611009110399688,-1.07804852458397,-0.08973291497043835,0.9894458515349598,-2.0729107950611687
-0.3914385061985574,0.27251847852006034,1.0723055741253937,1.7998982127344474,-0.2578368277542579,1.9725234378867276,0.45556605110542214,0.8142285591053363,-1.065376819065185,0.45340030840703444
0.9005625862478402,-0.6893541267958508,,,,,-0.5383116331194112,,-1.1714210037904909,-0.630083990705271
2.6669543969115685,,-1.3352909807434636,-0.05430269917618582,,,,-0.3850522029991976,,-0.44921560872893074
-0.12470342455183951,0.010957291528407862,-0.21398531506875348,0.5907345107307329,-0.7119167861507136,-0.9271585538265688,-1.2046189534043237,0.2050263536419288,0.10575089733562103,1.0914226768488018
1.5469902371338882,,,,,,,-0.6327026183565501,,
0.9116909381432989,-0.3046767534202024,,,,,,,,
-0.5569368270774091,0.05105319722392642,-0.40962525430350366,-0.38512326792807833,1.167133733858102,-1.423392395046185,-0.05027589983189986,0.2517618156026403,0.9381006891285258,-0.12195460102714499
0.9688805693684588,-0.05463079193106821,0.11954274159047992,,,,,,0.5406615916610473,
-1.0086566641581407,0.5384467425677792,-0.3478843322008979,0.19185741701372544,-1.073497788236143,-0.013382565663925544,0.3189256307678148,-0.9701265281800381,1.448760912981149,-1.5442222247239656
0.5375566306637694,-2.4284392610121914,-0.2549834439381173,0.4796368553708238,0.7126285145454133,-0.10537303171911773,-0.2416245858507946,0.5674431752268181,0.9506625437524955,1.3796135028570538
-1.2908134229443007,-0.20064577637254236,-2.1935319881920985,-1.367500863586055,-0.7041187766393714,0.8650119777368038,-0.4808930782396331,-0.2889647993395122,0.30003067290786256,-0.6705612366233278
-1.9946758963105302,-0.7459264716141912,-0.120723289246343,0.46846280304713767,-0.2063889767326375,0.45183356321836665,0.9247060870943672,1.1205624473747082,0.17230939486317792,-1.1371600334310683
-1.2450150867898853,-1.1518681921232319,-1.0748864130701279,0.09940581542972186,1.8874426026530422,0.21190529588924545,-0.08399479726024259,0.9618906282881065,-0.8285637247846042,1.0420349838416292
0.9679145594643597,0.05899707919649133,2.0937458842489076,,,,-0.43191116384967176,-0.1307397981199487,,-0.31949027064470076
-0.21396977075919038,-1.192492894726893,-0.5681382085552104,-1.5972590415127106,0.41443248811727734,0.0800587678162721,-0.12258637657601293,0.8862335593560567,-0.8635435967319023,-0.7108292772672774
-1.481212527943002,1.023019114772919,0.605532591036493,1.3295865342176494,1.5825704620195449,-0.4243639962623728,-0.7111483233485293,-1.7954660112136502,-1.0979869957060162,-0.32490599709663315
-2.060947334908474,-1.0773315831320291,-0.08283477020077816,0.8934374052376791,-0.7170795174749651,0.12797975530812297,1.8637581569954231,-1.8060436164346418,1.0858726624962594,0.3807726764768173
1.2665312306695027,0.966892391940819,,0.001801640088547419,-1.4605434673615694,,,,,1.5829269241565724
-0.4355454072732161,1.1447683435247793,0.2673026571945855,-1.3074171724432506,-0.1504034362830811,0.11588003514173198,-0.8366973255366139,-1.0405657651946467,-1.0741581284344004,-0.5435490373616612
-0.8646299666653275,1.230407843095737,-2.4511118645829,0.11127140420020219,0.5283143973490184,-0.9628250010112823,-0.23191374893134123,-0.34210228698920697,-0.07737799380200121,0.6629343241454198
0.5733812265194146,-0.5999777568016651,-1.5044520981798415,0.16506859842247104,-0.6566735857925858,-0.5277553853187028,0.22344641640501556,-0.4350716985900594,0.3067159761903571,2.512856475437541
0.685844226978538,1.3448979019233402,0.5108931136809152,0.07711775516960104,0.5260645843753294,0.4773081432287001,0.8628054624020907,0.05936640949527618,-1.3083157553695195,-1.468141395100689
0.46123384425635017,-1.1261951461713224,0.686426734598896,1.3386541078235539,-0.22065985096922835,1.2113462258474121,0.2589380551810076,0.025920037236832384,0.07284617570561741,-0.8308503814398044
-0.9586346320389756,-1.6440409331373098,-0.7330964883320408,2.139393867410469,-1.4933655919196782,-1.176537403800494,-0.8055898863826314,-0.7586550723808019,0.2693238901048856,-0.6118113771049412
-0.19851562322261826,-0.849500928408688,-0.4752224797553707,-0.059674563556017066,-0.13455511424860286,1.9807641171509158,-0.028186682021665754,-0.20974175887041957,-2.496964510534354,0.23992541646744792
-1.9750854587216133,0.5516951362052123,0.14241737401876872,0.7978971709946633,-0.6344289512075438,0.026979796222369703,0.6757659785354321,-0.9295479653863514,0.6100343063471468,0.5642561565378406
-0.13486728720063645,1.5785338370843205,0.5155530648621612,-1.6741529760238854,0.9886881029751868,-0.6581088819175269,0.7976812758736597,0.2955272622637116,-2.641741882313278,0.6048649160089102
-0.2216562592818922,-0.4594469666610395,-0.42219801263950013,0.7888788558185116,-0.9212707465181852,1.1132808280802267,-1.5196499483820394,0.2956941967141521,0.7724405136719962,0.747898322689001
0.18407769327833237,-0.20679572572404503,-0.5499849480078314,-1.222420436791203,-0.6856701020537466,-0.9613787547755025,-1.1253162719561045,1.8037104820440448,-1.7194272524015117,1.1255096971306315
-1.236502033741898,-1.0221263821347528,-1.038475638954546,-1.1104757575331115,0.9228550127490752,0.5883668731858496,-0.2325991318264786,2.7073571210453062,-0.016726755645065296,0.05987622923770746
-0.6856378174216669,-0.8047335990657761,-0.5331132876297867,0.8517292334796969,0.5711223207814131,1.2906018846106684,-0.7170770012196205,0.5895090725995736,0.30550817285812604,0.4342021014210661
-0.8637756367954379,-1.0387329825429426,0.5391382837040679,0.872841023476643,-0.6183060664264798,0.6090351910057298,1.199374511301371,-0.36179777655643863,-1.438812627589768,-1.313790597111267
-0.6765227071425208,-0.4460138425041958,-0.03613881606570128,-0.015818245396344716,-0.2723609556856617,0.6792349791725079,-0.7607736227487714,1.2646743934902076,0.9400658679570253,0.8668071221099443
-0.6595052325210463,-0.11642328713272306,0.7228434402978018,-0.1999141759620916,-0.6991499267301484,-0.7392626332159595,-0.6905583627267937,-1.160936710216982,2.870353812531804,-1.952319209428204
-0.9807905520206986,0.596023298930338,-0.6814007861420345,-0.35171218984472213,0.39518907440508577,1.0323539737685223,-0.27341928419055866,0.9220280590670586,-1.6974201509787208,-0.6059767366725691
0.49481891110757587,1.9731906193680187,-0.9653918285887672,-1.1414422299415667,0.34140207193351424,0.05318089971003499,-0.7184329824235042,-1.2166881340904896,-0.5138926793479621,0.5212373699718811
-0.3332009752283149,1.1711623346677509,-0.13602224368071972,0.6015049770993482,0.27847384077380954,-0.4036673165518919,0.8331177483004478,-1.21728520753018,-0.5535704355323542,-0.4138914017531333
0.3815386876762975,0.6308277018250105,-0.8151796014258696,-0.956095749150337,0.07857424231035616,-1.537648618307769,1.0078357910419187,-0.22383142342084797,-1.1695403652919116,-1.189325793631622
0.31313445352388,0.2860744684149804,-0.7684344750983072,-0.11387313148211581,-1.129205880432147,-0.2584149068501799,1.4755422189481548,2.1305607639428827,-0.21176010379598378,0.43184229250120915
0.39233556268728464,-1.721035259112246,-1.1498559180684722,-2.3156411446505216,0.44907354639817854,1.9453840153059956,1.065836553919968,0.0444994107601082,-0.09648328480254846,-0.3523689393143441
1.059667948163264,0.21565732831248988,0.062460124404295714,-1.1032781061601327,0.6010765288480848,-0.14998430286768286,,0.999076645916368,,
-0.44061644488563945,-0.5287516786600364,-1.1168896950411804,-0.7275212159940725,-1.0984505402056786,0.8249129629600993,0.37741552962211766,0.30807855937425876,-1.9269768852534124,1.948843523348149
-0.40852827803820074,1.744631101434242,0.7491320545233836,-0.23166377239992592,2.0432044372489306,0.5673802659838505,-0.22834368364315705,-0.391100736780571,1.0319537568457218,-0.5365100596436233
-0.37856524708547895,-0.5969492396435944,-0.7556436878820593,-0.6944665190960272,1.772456720041867,1.0075762847284584,0.23532847130546497,-0.5474975190955917,-0.5513727754296682,-0.36662281121723245
1.788954068582839,,0.7475388262298291,,-0.8856359167448199,,,1.1953351098045972,-0.7486224893711956,
0.8131782674483758,-0.6983170558414807,-0.21905515262768085,-2.6376911258867475,-0.322598767283513,0.5942916367873379,-0.6264013174028769,0.5592796205601653,-0.016157820418610913,1.0878346245047419
-0.7349805412542144,-0.2415499329835856,-1.4696552173224369,-0.09207540462776144,-0.4215543584692142,0.9601173974175274,-0.6247352361029829,-0.4237288361329633,-0.6751801742707663,0.027164542666693485
1.9885147839720243,,-0.04782235490441361,,,,1.1773755161609056,,,
0.49537118284843246,-0.062369375377647446,0.6112477541010014,0.9603317193459937,-0.053019973725512606,0.3054577849208975,0.5224677201659943,-0.46186775073748826,1.1879720690245863,-1.030906721883058
-0.1312501190900042,0.7675049125732006,-1.0564291981889762,0.8713290784541757,0.19029396675009222,1.325178699864801,0.6127849602947139,-0.16277548374783138,0.23160489134993953,0.267522859552221
2.023278721889006,,,,0.1888559614921242,-1.1343124516497691,-0.38276418146957747,,,0.8041001645600068
0.02627115395270377,-0.7418566112285263,-0.15028112952575665,-0.24605270857975087,0.0526922490604853,-1.5071043362984344,-1.0912611746783367,-1.4414606355476263,-0.8995940971023569,-0.7227220070076581
-1.0345462535403644,0.7644161561979161,1.839948787721203,0.825581627417271,-0.5653991301827653,0.21018730185112816,-0.06641297383028717,-0.6088201836669745,1.3247170227719045,2.0072130920983553
-1.4700093132436998,1.4402672524386555,-0.5909811913713744,-0.2623181226709238,0.28267757714641073,1.5476576081177955,0.2812492966107701,0.4124574206646657,0.8533668947742253,1.0111410321126602
0.511134496392577,1.0173417965680378,-0.5978907231395547,-1.734480948228892,1.8249981288844583,-1.0376851788181718,-0.5338456530209931,-0.3315273151612687,-0.5038888133603912,-0.7261472251627857
0.46358472373595283,0.47422858323351236,0.6199369615555453,0.5571998636877804,-0.416681587739015,-0.4183259476975023,1.1191933043339155,-0.5213851758396333,-0.5412512084127841,0.9294975928670746
-0.018583838182705065,-0.5050665385504541,-0.49561658060950425,1.1239035304152059,0.5860237198045707,0.23653568934019795,-1.1663392512984572,0.24078805027321193,-0.2127948559066057,-0.9124456121909962
-0.6015944345152374,0.6961569241191425,1.2424227415648674,-1.0574084842563507,-0.9312686401569729,0.6941349906666219,-0.40919294870824446,0.5527520211545167,-0.4226430207713977,0.5769945178401591
-1.3737313056868268,0.5493296145391866,-2.099237300842337,0.9253254835836011,-0.03401922331990805,0.44123244954040064,0.23712075316963413,-1.705846898966483,1.3668275358297117,0.33448599349290675
0.7563285957807503,-0.7992166808014226,0.24077546272725708,-1.309897956806909,0.14922669348334486,-0.9395651509701163,5.0072352319089966,0.6051590488236271,1.3308599814699331,-0.249586868836392
0.3990041083210461,0.905342999245486,-1.0727572956937972,-0.6725805140395953,0.9725035261682042,-0.21805192737918963,-0.7476620562188974,-0.6309730810963556,-1.222473483827189,-1.9593449553037083
-1.6961307393986909,0.04570350397118221,0.6716163349667212,2.518934850549602,-0.04138514467072292,-1.2799602071802063,-0.02846243519970754,0.702930971978824,1.0301804399610046,0.9331189165719367
0.5727748414477064,0.09529386733153303,0.7368115058736469,-1.1848209108091785,-2.0081697862379153,2.0932526483520855,-0.04702003738961521,0.5338981611340444,-2.80174554643903,1.5448990851829798
1.1558654760337568,-1.5656053485992358,-0.31730677897791415,,-1.2637836921135384,0.48875721535137967,,,,-1.0367250714385836
-0.12379726430209129,-0.2495711327362147,-0.2292577225202592,-0.26465195578402084,-1.8040123388150169,0.8056547191785275,0.6272554789032958,0.5223737129413323,0.4297153940061078,-0.2841102992003211
-0.6070710414457481,-1.0176132395579796,1.5429258451347228,-0.02050863030689582,-1.6605795118097748,-0.02921390123321483,-2.0842592493407484,0.2480094065896661,0.14297933858995718,-0.5419202814737889
-0.9394896481056498,0.5624261069226848,-0.08301659800345203,-1.941696833208189,1.2038893363236842,-0.9398298052028482,-1.3181795025578418,1.3586743514154374,1.0595827066881252,-0.42050875846671915
-1.2524858796322487,-0.9097211410563639,-0.43749886727649573,1.2161997557296202,1.2949932156345114,0.16597912954509245,0.6501184507924733,-0.2093648674610194,-0.87282390815672,-1.5005984973544158
0.32291779770719775,0.9003735251578661,-0.5106505858390837,1.1875224500615589,-0.3849361195680583,0.08374793337625122,-0.22107079764303406,1.2364629323395384,0.4926700551248867,-0.058367957936359634
0.07660327278660399,-1.1888961763130168,-2.233442755561445,-0.5314868020894689,-0.19401184363761942,0.5312676461555859,-0.1631109944059856,-0.4692116565099809,-2.947564077689866,0.5271871210325845
0.21102073093077572,0.8138406167424004,0.027262370699526885,1.1468625306922122,-0.5505328623808483,-0.040558065470861424,0.2405078759300687,0.6598864551896596,0.41641154283597803,0.4775887527460165
0.26880348222808786,-0.1927035894578016,0.9012630934925482,-1.6743112785847285,-0.6291552876651237,1.591841843535854,-0.6725856897659785,-0.0781526107795798,1.3878025839302064,-0.1260976992562275
-0.8338823290287616,1.1983605378021875,-0.28934062067089594,-0.22104484833172314,-1.9803643344350577,-0.12734088760381643,0.6829703976622705,-0.430852274686619,-1.2813501940378846,-0.4804610890887632
-0.615207331261787,-0.2536355191648337,-0.5176010460065542,1.6645815994750521,0.3023523817690923,-1.7402138801862845,0.0714939843251151,-0.03995371064004012,1.1944748686605793,-0.1560124546333821
-0.18474011010959693,1.8629975479817016,-1.0688174166820734,0.7976842492060181,0.06389044600352078,-0.5008575568769875,-0.6481145850590398,1.35835200747208,0.46530619801322315,0.6011150120690152
0.8897732746824871,,,,,,,1.8045789867751916,,-2.5234861496608363
-1.8115564270167634,-0.53089479772306,0.11717367903825635,1.391643307453129,0.8432168643839899,-2.561767673115006,2.8006928689794113,-0.41053449986236273,1.2278040719880887,0.5460116735422565
0.005346467708195586,-0.23705115191251808,-1.1123669955562097,-1.2878647222365807,-0.16623744248330813,-1.3881935388092603,1.6479135709035135,0.09694991388483402,2.0927152537732607,-0.43561464956986085
-0.5905194014478363,0.590869210120458,-0.25928078517636677,0.9730841490861157,1.4382173039871238,1.0991503761899304,1.3644189617927025,0.8175862477827326,-0.5490502006109856,1.1398766968405665
0.6976005710745069,-0.6177279129450066,-0.4909127188924533,-0.09181075340118049,1.1114795605937913,0.11692918521829167,-0.005649052519788919,-0.15915124213117265,-0.3533476382585221,-1.1639194922671257
0.7952248164194634,-1.0174106291445453,0.06762531013281485,-0.4088524682798802,0.7663383138959552,-0.3420050341775316,-1.006242529598899,0.9893088927565863,-0.8259909743277257,0.15468025969960442
1.2738006378501252,-0.7301365776873704,-0.10351482783473419,,0.1314495598349482,,0.9203994742239979,,1.2741850204841498,
0.2565447127037395,-0.7901447782895089,-0.04110889969141696,-0.12487902958321259,1.772366713660068,-0.10317001095070696,1.3827974274926733,0.11145170525125864,0.04583149636943185,-0.3543974040507058
-0.261092317179643,0.8897152052510982,-0.7306024098703626,0.9597375663334025,1.4408733879198794,-0.5918245438120832,1.2079719083100313,1.0482378614429355,0.8692110202065259,-0.636062502003947
-0.1194075936047109,-0.12076970278416842,2.090677567496112,-0.01006288173056582,-0.18328926729283443,-1.147935405189233,-0.9718554510439666,-0.6841482053085942,0.3613375632672485,-1.4240596114742554
-0.6658786128695493,-1.8609872919171604,1.4019042597388383,0.10640796779658306,0.31041172648797466,-1.0899866382928671,1.161293170072348,1.5030611795415982,0.06692262119912018,-0.47912033532349685
0.5522452039339528,0.7347971753713093,0.8703347768542306,0.6638907970137076,0.963992421961423,-0.6926360781363088,0.91190740993941,-0.45380124288296597,-2.509929478330239,-0.4629839062659087
-0.5539033326785618,0.2410370319433136,0.8379910153352155,0.192812180040039,2.008637861241289,-0.5250335218741351,-1.987712531370158,0.2779940562671418,-0.5448520966356094,-1.0856849181162813
-0.297533280552999,-0.78341199045162,-0.6847885310211742,1.522503812109686,0.12432447829787882,-0.26536124253417886,1.5976144186228534,-0.29547657279002676,-1.2301285715209795,-1.3264569477876467
-0.07999604845646911,-1.6422513827423533,-1.1724568986401616,-0.38125644150472043,1.131938450062381,1.2918128123276738,0.6596471638611792,-0.0038757744960794768,-0.5704054194756515,0.3883585189183941
1.7819658169654682,0.14141698426130966,,-0.15766523856016149,,,,,0.5681615510979264,0.3440467006561688
-1.0862431509968604,-0.14947314455382224,-0.5267964560688608,-0.07385349296142593,-0.6666105608933661,1.2433419747979642,0.18688781184314482,-1.6181378157847086,-1.3297168902574783,1.204757182337148
-0.1800725200637243,-0.38981105586297826,1.12854080860316,-0.15151701751485028,-1.1951282850209097,-1.127640536178923,0.6275124892697344,2.029461444532899,0.8395656855885405,-0.3818889762706203
-0.2267182146788244,0.04847600086734732,-2.0199684859431057,0.02346896533451134,0.5840908764260916,1.7729381839892835,1.090734751976517,1.9299240148934784,1.6805818231829484,1.3946934067634205
0.02620141707437821,0.3448561815508151,-1.6701712368285968,0.1303488056096475,0.5661603818742029,-0.28336130310838875,-1.541635970011072,1.5828024166496604,0.4060698614184011,1.7206102420177534
0.7421734374639074,1.3684432341131776,1.1630886328819037,-0.6794220439599963,-0.5089706421828554,-0.4283780342433787,-0.9663582098524252,1.7651195801164306,0.04226970621234813,0.4595081467930158
-1.331029629190342,0.8185841154929447,-0.40945328815486565,1.2609714163996424,-0.6854110565112488,1.3318879290811043,0.940859969941571,-0.4656898349750325,1.4178407565600284,1.1488012965685712
0.48963194135162647,-0.9936173972604343,0.8001123470803062,0.06601005000632727,0.04934851531651749,0.07382964711761453,-0.030121039501254665,-0.8656234791024713,-1.5153605491364701,-1.7217058874619229
0.2993424515035849,-2.4238126351871103,0.7262228335923564,0.5061659702408596,-0.3027264314063221,1.0265272168474346,-0.2600720069608994,0.4185667823512483,-1.9581719548242469,-2.2418220747343125
-0.23532764096484626,0.42285594965090695,0.9502610136168022,-0.1772615099306899,0.24656743416977175,0.7862393108748313,-0.12775964556577726,0.5872581874842742,-1.1288102145108796,-1.6564311676498982
-0.5338641482779112,0.7747505123021937,-0.7110449255664817,0.6508075224985762,-1.026975482114464,-0.5825140909357042,0.24204024198064003,-0.6674202256315415,-0.4979569529796798,-2.6084132707744736
0.8392462291997332,-0.11859899920431317,-0.9453274530385966,1.832605010378432,-0.7891336349162209,-0.5155386642107724,-0.9617854585194715,1.1037707626791835,1.4337908166349176,1.3338932721461036
1.3243607334024103,-0.5973100589685642,,-0.19560507134797078,,,,,0.1468974494161175,0.5365898761866076
0.4106133612062904,0.6551328748239426,-0.18004843973946513,-0.7272831758365457,-1.4701718556514525,-0.08800428903262841,-0.5372303350062132,-0.11841804545695804,-2.0705889328642897,-1.5184353915777915
0.5099797612510667,-1.6354814695540818,-0.19003503183044357,-0.8307957844085133,-0.8943279365307579,0.08530735919605485,0.028560263583837647,0.5462788967899187,-1.102005239631169,-0.8844568024971173
1.1232305114266792,,0.365889389404041,,,-2.4887501719441967,,-0.45528767791926306,,
-0.26358801732743514,-0.1103954113893812,0.14119351246736972,-1.1926524516161874,0.8711711908690953,-0.5242744001925432,-0.5743138463920019,-0.2262684409612512,0.6628315135186287,-0.03390069434679221
-0.5423436729674332,-0.32374363378225574,1.219155998550807,1.0553715408283801,0.3658392260055397,0.14860920991984827,2.313606697643364,0.4635145498838945,0.18061051804286135,-0.20208344436749112
0.3568072098458282,-3.0452532856329655,1.0277155602818069,-1.271769087790736,-0.7180787945213387,-1.4001825221560686,-0.736414476885226,-0.34032541434096597,0.8893511858553261,1.2890647035740026
1.9411046892249664,0.1022376748546594,-0.2190635425439266,0.7795678674920737,-0.8541438262890055,-0.9658501225158396,-0.3672130062548108,,,
0.24007442085576808,0.7981975725048257,-1.5704861491492756,-0.665068226808882,-0.7157768783171415,-0.2027430619053354,-0.03356261542718218,0.8695863625813494,0.09875933925968679,-0.7413690051191173
2.187713715835825,-0.265569109777461,,,,0.6907673816222664,,0.624990405476229,,-1.7733690422572332
0.625685902825822,-0.26505019316461315,-1.1261095457269272,0.9569012805123704,0.9378651896031035,-1.1477909610873427,0.2934539954803226,0.20327392480814427,-0.06792006986081767,-0.5156561826189413
-0.1484223919265234,0.938503342605586,0.4091509336208883,-1.927867841959214,-2.143459860848449,-1.8571128814972326,-1.3582128240009737,-0.755171277710599,-0.4527025244356423,-0.06556016850458228
-0.03383837397834812,-0.048606069841327995,1.1436302395303701,-1.6766965542512773,0.33395645931600487,0.3290993669996311,-1.2626843635134841,0.5337845506277841,0.37257164759087724,-0.043252570629238415
-2.4176942398938293,0.9637845023409024,0.2266868973562321,0.40357828462321577,-3.3907229792330336,-0.5315170628834801,-1.4336894080279095,1.293421937727141,-1.1050208959664318,1.4792663235371892
0.9528494078336521,0.2213497371414939,,,,,-0.9398133247383537,-1.3258165771288284,,-0.882140399686253
1.865385507744567,,,-1.0013668007413803,,,0.2909095572565962,,-1.4367029515150123,-0.3780899698395721
0.3158556443348461,-0.4704846865069578,1.007712828758531,0.5271728162726248,0.23734947079959762,0.5074482712474572,-1.3891484011402726,-0.49823010842754895,-1.040247163809324,0.38438724060164414
-1.0250106351203647,0.08193731179350766,-0.16451150112707222,0.5999920630313497,-1.1966704730815099,0.4517612133091531,-1.0694768351958657,-0.9643199298779161,-0.14259614780504712,1.1943299231961544
-0.8416016104182521,-1.7778066616369212,-0.9452744424831343,-0.3851619289669171,1.8690458621929638,0.3883308743144851,-0.7532511774603469,-0.14127042222628466,1.5709685023801379,-0.2403760034732433
-0.22837527874744531,-0.40543780880892494,0.6960659570076994,-0.5253983534944816,0.872286601252049,1.0627707427705841,0.6134898693550348,-0.22420687767160957,-1.3984687147127473,-0.22397409077201208
-0.6685726430617556,-0.7790194011083283,-0.2393680362077717,0.47923551602358133,-0.6228102133292928,-1.3748123189368864,-0.9587465392199354,1.6903457020124937,0.5487402544015878,-0.9577341033560158
1.2890042811362732,-0.23995938850972381,2.278025840025141,,,0.8372884405374762,,,1.3995526877574411,-0.6237925575320061
-0.3614458729424385,0.00892090348958655,0.9204304532409558,-0.33021218138900893,1.6507213526480895,1.3264504519166131,0.039596739268208045,-0.9660527547218754,1.0011185968330414,-2.0956293278118885
0.7412942071648557,-0.8238197149326718,1.2562637520650588,-1.3858138352875893,-0.6621944682494882,0.43814412868444236,0.6016121192257936,-0.6260990446303257,-0.3321249516041189,0.9526362614277593
1.0067956240399334,-0.35176128226388703,,,,,0.1513561711945277,-0.9249962558537776,,-2.103403765253736
0.8782264446250025,,,,,,-0.08581965952558059,,,0.6501975398513251
0.03459292383527878,0.09909062541428965,1.683738027681827,-0.7427287626837564,-0.9682326893461682,0.850077025383321,0.4626902138005096,-1.0098851091608245,1.0886827463198698,0.2949579230778685
-0.8979579469796893,0.4903238770860498,0.34069326738420735,-0.08804470990405573,0.3843108069502067,0.6261906350272614,0.9141917591788454,0.10729536911328869,-0.2706153205533707,0.23906098925201502
1.1908793263153794,0.62993233254036,,,,0.749292247743517,,1.1403783773989247,,
1.8756216859883157,0.6535493530848897,,-0.08375954525183249,-0.47620321027319096,,-1.8283168086292807,0.18019020592234616,,0.5625119367134083
-2.1025002503875854,-1.3459950604980777,-0.11438488022858234,0.4748657127771243,0.5141300880798731,-0.006163880661807043,0.7302399885507165,0.4368951030890644,-0.12861059705680697,0.5376002456536942
-0.6474672658141163,0.6368209721343242,-0.8469026744136954,0.4874464118745613,0.4628554234921837,-0.29887384816977536,0.6349502016429073,1.542698276726356,-1.0200144894210212,0.9541978633101724
1.0864934379750175,-0.20725969869272146,,,1.2562029655742597,,,-1.1122781628858234,,
1.4965102035814586,,-0.5421043560642391,,,-0.33363474653157105,,-1.1262445951664808,,0.41892970928791345
0.17341072100604885,0.49222992803624427,-1.9486544044713257,-0.3245259272233657,-0.2979686929419115,0.9813862625291623,-1.46909068916353,1.0536491018879677,1.7944228424522837,-1.7190908429723442
0.016653314087979636,0.49934163273305177,0.8730585208722409,-2.1645315501595688,0.33761709074557966,-0.21874248976426094,-0.2832761675206598,2.069053825103241,-0.2155598356846314,0.4498556689143684
-0.12033156876737613,0.24122751979816465,0.5526372586484782,0.893339564506488,-0.7769711668736674,0.15262637129286247,0.18796237844851044,-1.6480406749812408,-0.9536626133061482,0.8909235344661489
-0.46163008531868316,2.6120026315585054,0.9630703018023924,0.45184812260471297,1.5103969586889772,0.7727232681608918,0.18423013016214304,-1.414165625174653,0.6653374473025369,1.3967136699972644
-0.5928711076545631,-1.8260251976550943,-1.0692872658948749,1.7590332013614656,0.08019933453849602,1.4597680420883254,0.019044697879877222,-0.4965226240519197,2.134594548666697,-0.37161797124238644
-0.24906915277115554,0.4606053463799448,-0.29009995758881085,0.7781711474567701,0.44593511117424667,0.4855266424730472,-0.6166436892026382,-1.6623996060515236,-0.8321878029917239,-0.7440031347419988
0.29263169630892377,-0.8150830867319969,-1.4652992271190557,-1.1465947160655936,0.3876163316704484,0.6874182392292582,-0.5066393705041589,-0.4000716159254706,0.6139764826205346,0.16548768691894733
1.1860720843781767,-0.15765991321706135,,,-0.311294732503981,,,1.4492475724719627,,
1.5347824015836347,,,-0.4039720253936243,,,,,-0.8624236041473625,0.9596828035414787
1.3784363034213816,0.21016369652850003,,,,0.3424841088915732,,0.3060677312367568,,-0.9736649546409909
-0.25864168745668437,0.06152359598753164,-1.2020313680834924,0.2497359506759522,0.5216583593378146,-0.2147244419151432,-2.158199720612858,0.10445517348507138,1.8148601125372394,0.45772316856153955
0.015623679732629644,-0.372449805555669,0.5771177803054319,0.20844222456716677,0.7073119733126652,-1.0963351212435286,0.12133579020941525,-0.46119568362892704,0.3715947487809386,-1.94557356521892
-0.3927310457241977,0.5424507958796537,0.703724887439033,-0.03048945704758926,-2.1604077783795628,0.6413403921085913,1.5841409185584607,-0.8387837244337984,-0.4258733967408033,0.8065405304152894
0.833247486582475,1.0970349475310694,1.0146338383870641,-1.5322114953182047,-0.47938229027937307,0.6264381574697647,-0.08616705642973418,0.36589169350072626,-0.13042303175123496,-0.43584619754249593
-0.24187294326932332,-1.1218261068080055,-0.7234620401553712,-0.06693641783133487,-0.048749789643354094,0.5675609385894581,-0.2851687864314291,1.6757711474021832,1.229925121680048,-0.5023637371235664
0.19781160105655068,1.2128419353846538,-0.6407046467102837,-0.7477389526918103,1.2993508215819145,0.6913791398896082,1.073804769839933,0.3154314213923693,-0.25488956107022664,-1.3418872442150265
0.13685405199148812,1.2320932565095257,1.2438034420019788,1.0707563304011511,0.7872227263613029,2.211069143821734,-1.5517224162041439,0.23094333761159985,-0.9367664159395407,1.5524401403063415
-0.5526287666428061,1.0085022289583798,-0.4493384621023598,0.4202652109479785,-0.1085169285468524,-0.013784803726928084,0.3336311004081317,0.9195077217644233,-0.10931538088050462,0.8913619356926653
1.0378337994755844,,1.8851923532301538,,,0.6140232611651202,,,,-3.4513704104539777
-0.9673550260904815,0.6785959000954286,-0.9872290224510842,0.5138638547844343,0.8847350935336388,-0.11261389505483162,-1.7646664925466742,-0.7367519804312987,0.6847760890293388,1.2569616373110095
-2.08163422248715,0.08081086787258873,-1.467500972399757,0.09045003166610488,-0.157022910411986,2.3603905638471345,-0.5387940979790746,1.0487944788315295,1.0089567914281279,-0.19488944943921355
0.11884956847014289,0.00047691290017665844,-0.7437613464503898,-0.8302737348060498,-0.40983293328960957,-1.1384069660402185,-0.5003904761090857,-0.19546645468291304,0.161819187389733,0.4436838775302538
-0.19633762601500224,-0.769085147270541,0.4255578982676121,0.7909668850618539,-0.48585976906271156,-0.9826204140201983,-0.44626491525596657,-0.18156780534513492,1.145067073040525,0.6937822680889849
-0.0032797295334197037,1.9006909149644031,-0.034782554952850556,1.413777235844887,1.2212629008920068,1.1506418910949205,0.32116153257104646,0.11675661599938068,0.005152686685220347,0.8501569719121749
-0.7893169949874489,-0.2629551404105975,1.6669649937015982,0.6233879506577723,0.9541114482092224,-1.2211533649776003,-0.4320467873447546,0.3338324674766607,-0.041474690526917504,-1.225351677420649
0.7597556256470832,1.0774284577236226,-0.28535039435368825,0.795731593518227,2.0290926207054176,1.52532659306344,-0.2405924800635836,-1.103523616832013,0.23015809063575693,2.346972220436445
1.338052815272327,-0.006098421686550679,,1.1687100113951026,,,0.11876113389402647,,,0.4142694228556399
-0.7941170840594253,-0.11989728804781978,-0.33079294261655445,0.7952560177913863,-0.3013892075603708,-1.6999260838446564,-0.4474997076538074,-0.9463455292595123,-1.2940216574671963,1.180365836362744
0.803564421177623,-0.9669379641443994,-1.269379953932317,-0.10264677428358616,-1.3234719025898585,-0.24209848170314016,0.07051469272132889,0.3044863455947081,0.34013566370329806,-0.7807366535648331
0.07055998905015333,1.2805496781344745,-2.0971049262373813,0.3256963069406599,-1.1783185164023167,1.4038937363327568,0.8170090988888429,0.7851472160836359,-0.8533823382690819,0.2638271569010364
0.3751792876208105,-2.371196109711587,0.14650982574659135,0.6132690412606315,-1.4140540863079694,0.6019836105545124,0.09965091855134457,1.3812682666914764,-0.413100161464921,0.17764763383540713
0.34126876553872704,-2.8075501962556695,-0.35457646797782033,0.08629731343010029,-2.3565021314531003,0.6742153315497367,0.0858694521053241,0.0802273135681592,0.7211898864112098,-0.41083719496934124
0.04331710146245141,0.865086779178054,0.055475114926436864,-1.8437833433207829,0.05156057628642173,0.06393551152424698,0.900575302401833,-0.3432344027887005,-0.9779653959362499,-0.9746925637112379
1.4426144908756884,,,1.5362514411239305,,,,0.6144024789327125,,0.4548988638779112
0.4042478347555064,-1.1254080187300615,-1.0903383271868716,0.4444978106129445,2.0730135632249516,-0.2948615182055131,0.32974925561715257,-0.6050055787469973,0.23648820933317197,-0.6253820729252082
-0.25893653264296185,2.4491110436283896,0.10707208935001541,-1.5641729440878775,0.6428445045057071,1.1293293636887303,0.6755012209499964,-0.17677307488289618,-0.9173592908599693,-0.8927764183563419
-0.1897376983319331,-0.3668184589389506,-0.558219727681718,1.215317187872206,0.921167315658853,1.2669938088996946,-0.7883703611215526,-0.9207978910721706,0.07738205426154977,0.41497913664556285
0.07151715228313985,0.3468457584191336,1.5850543041137222,-0.21838921570941316,0.8071377115236237,0.5179652676032016,0.0953214537459885,0.7610365108571379,-0.7679546067653302,-0.9690737166068267
0.4328700838223463,-1.638026949878346,0.511541741497972,-1.1281671209102953,1.517929386486309,-0.39626563961401096,1.4532311178860022,-0.21081858830538877,-0.2535398377182145,0.8659173595249451
0.29296737588698474,-0.06670103532127043,-0.40410348225594306,-0.3945437142738015,2.3575372331782996,-1.6752948699852086,-1.2025304393206329,1.1768849653326814,1.101865014437768,-0.9225004079888747
-1.7524232234071557,1.272327719937201,-1.046796309599883,-0.4911085371115406,0.09612053502285896,-1.072607395036718,0.9244335431756692,0.020931733750793175,-0.8820347091386229,-0.7939236088916999
1.2969782785885404,,0.6144714443268661,-0.009983850139538682,,0.7468440331865682,,,-1.9005767649589598,-3.1584532538625996
0.6390833713716546,-0.5993230728350452,-1.4300076689507697,0.10753104845193656,-0.44930143550855184,-1.2761902219281918,-0.08279384464175686,0.5665022414340495,0.17492950563166096,0.18250803642475422
0.4434256567284813,-1.691383166459807,-0.05129699603115211,0.23995893229412504,-0.37794015689596444,-0.8294315002601637,-0.7461794110242006,-0.2933888769251947,0.9143830150392527,1.5272219604028427
1.3234507913466966,-1.5607406313086636,,,1.3007238269003376,,0.18327230087698196,-1.131859530534086,0.27648887189696336,
0.1829222001068002,-1.2118032445885316,-1.6338766810374563,3.0982816618899514,0.06934109108421309,2.1347110133306963,1.5090495839065752,-1.6356063588107164,0.3617845411597275,-1.294476989380131
-0.2961984488222455,-1.8848981540480951,-1.5742262222802241,-0.8547900737825916,-0.5457465087726028,0.038827096591584315,-1.0361885945847642,0.1493083750303321,1.1357650109718487,0.2738899673193046
-0.0673227023101442,0.34162860319795346,-1.4349819549008604,0.9520070654864657,-1.1976318618100672,1.5518629705850253,0.7707532075678443,0.5565620419411996,0.600098024389404,-0.0018917863431601658
-0.7863853294413621,-0.9417770360359662,1.751391931933888,0.10330395794648713,-1.1149289705417469,0.5167113419909131,0.3428834086831522,-0.3293393809502341,-0.8980228419826048,0.7355593164008838
0.9460472083323394,0.32239668042689473,0.07154352511667221,,0.47983984830673143,,-1.2724731732869454,1.1255968620086343,-1.0299001697529868,
1.3090153587208766,,-0.38973949724624707,,-0.7238000437207194,2.224070554386433,,,0.7904879742030632,
1.0751402097749785,0.37600921783187463,,,,,1.129753014507578,,,
-0.12521786474010138,-0.2421922077233621,-0.006845082770147664,-0.62866043063694,0.6667154809318225,-0.011915083392923383,1.9436112161162509,-0.43332218855765287,-0.12064626157031236,-0.4343107746092712
1.869042404234462,-1.4457300915906366,0.09364083749748107,0.31298324764824137,,2.6431869129599233,-0.9305652410437348,,1.6840281852389616,
0.14362814801165938,-0.3447738582096475,-0.053280755229414674,1.0814576295192986,-0.42157317507090025,-2.6544567025773675,-0.032953316694815174,0.06291763741378001,0.19543763671875286,-0.1833048157504419
-0.8625379025549804,-0.24514406888207085,1.7651919782071444,-0.0420444204480614,0.6529085095852619,-1.0337296995703271,-0.2914210827858028,-1.0006126028073279,1.2936728202673449,-1.555779449210514
0.37240165666252695,0.3407458125054074,0.2759381292141317,-2.344882163990301,-2.0229378060269094,0.11705612352350729,-0.923118241525605,-0.6428556071035935,-0.4245399811888947,-1.0529680665351884
-1.2253095871459267,-5.5403874740192625e-05,-1.9060823582114879,-0.5058015341110098,-0.6674144925273359,-0.023686557768762943,2.3871792151139966,-0.9819482951389191,0.40636949669296524,0.22079381430380557
0.5598962350764443,-0.21329157655969164,1.4414558407990639,0.6852976748718086,0.7012056380019355,-1.4142489217651004,0.09633979780826148,-0.5098554341085055,-0.8616359387691356,-0.6264644907840264
-0.05591901330954126,0.45676445694410217,0.9816034849422679,0.9346948084676737,0.292694584731058,0.05562353237531097,-0.3244871215332124,-0.2475942045062474,-0.7802932492545693,-0.4284593019013444
0.3538266589692278,1.540353160991102,-0.1497267855505653,-0.8076821471417072,0.9692541316705993,-2.0024154608383804,1.0431494741733378,-1.4328380903803988,0.6571596180354928,-0.47608921150039607
0.32090943446300857,2.083149526709164,-0.837776621481778,-1.0005508661875964,0.07821178837872858,1.5253279577314662,0.1791650451684813,0.04461571431865536,0.16907994071101037,-1.004671977919872
0.1792276095354811,-0.3928306661762462,1.3224617406276384,0.7979877925110801,-1.3237350996983606,-0.2831332809081259,0.5279859386733571,-0.9815277211703353,-1.0792727180775814,-0.4619802965288616
0.3444410567032246,1.0371523607236335,0.23207435607389562,2.4623363147705684,-0.676760461280472,0.7403515780296338,-1.1090972402305865,1.6109768175621952,1.3594112538341865,0.7115077592350149
-1.736333519549086,0.7022412442249508,-0.8191327339283975,0.4536220788318436,-1.4546470062993906,0.2699822750845939,-0.3535538613079881,-0.7782342944542947,0.5926018973760129,-0.05129960676639801
-0.20496078472568305,0.7371926390614238,1.9039581205318044,0.2756736554804728,-1.8059734988520089,-1.5582798459103626,0.06891469218046145,1.0264704617958136,0.13470805341115524,0.5115655782188262
-0.05881957297877975,0.9620956426448277,0.616605824867281,-1.0195768202719462,0.4478017433303931,-1.5426332665851812,0.4480239548891137,-0.28250149758614906,0.16069397355192988,0.32401562476803536
0.2816371130630321,1.417474613335854,0.03407973602553711,0.18891728406514638,1.3298167061223296,1.896800822675069,-0.017709328488738817,-0.5120855233878288,-0.46251409321759157,0.4507220379869367
-0.2033876251733115,-1.749250649034065,1.1230487491267584,0.8153888011228855,1.1466431349519848,1.3441255080870116,0.19061262137108115,0.26055293356667797,1.006658312866426,-1.215045755588212
-0.35247447401237775,-0.05932390880801227,0.9219372615970802,-0.5386076575480674,-0.7121492350613614,-0.43096745956620913,0.4696302650632093,-0.06827577482877176,-1.450734848226353,-1.25357687502424
0.13660378819498062,0.1699025505631948,0.027584983403753212,-0.4707120196702613,0.7876474528095858,0.36898058901468456,0.3349107771293693,0.3703971845765597,1.5974146767769875,-1.0242722775340176
-0.42107043173736364,-0.33634273031212036,1.2576658157144989,-0.3737535325999031,-0.7924593610696258,-0.10580876769768514,0.10457424112913312,1.196382430153193,-0.3796864678430695,-0.6874509961175786
-0.9098463051529566,-0.34428526610554533,2.563654632093054,0.38241701631694863,0.5982781429519027,-0.0002907438921930404,0.13738326606850987,0.7865114536944525,0.5626787463038723,0.3491558425284065
0.016119894514462135,-0.3523062810905157,0.42434093098512715,0.08355791613284787,2.1327658812692127,1.0505950554424899,-0.6742810302797223,-1.1695511446992293,-0.3982137674952369,-1.0832316831775506
-0.4583114151447541,-0.9695704544333826,-0.3270300350134934,-0.3151208985391788,0.14717234745741464,-0.2068774583620683,-0.9022957133482029,1.2149006841857912,0.40298830070393166,-0.5444637976441629
-0.8861266660843973,-1.4672284171318395,-1.5404709211563694,1.0474585648783448,0.941279487107286,-0.5842593325331473,1.3661802239451433,0.6167640039882629,0.203253525376423,0.861939654125602
0.6184608629724848,0.15367743530723277,-0.24004304630541637,-0.10719535224396208,-1.607974777634121,-0.8007295957705413,1.8001612056460148,-0.8274601466700271,-1.8506567711475288,0.903963510132572
0.24861418934644336,0.30487255117011836,-0.15752354466118967,0.9107614153727792,1.5296748431453195,-0.5214484927813428,0.6328816788073608,1.1184963315179048,-0.5777639628387128,1.5095780115292639
1.1151672077521968,-1.2420116771934966,,,-0.6874444974455106,0.6836640026590949,,,-0.6298682602392688,
-0.3784842718695835,0.8412216747377356,-0.4058772239702589,-0.6518466512870651,-1.477246231368077,-0.5942299633028407,-0.11836997808133315,-1.1303995614182019,-1.7447243269123542,0.9799585530241646
-1.0004175798223753,-1.3093316289517254,1.5695247697512553,0.848772990459016,1.0254856701562447,0.5052006724464336,1.3113734512171313,0.8834032290013224,-0.34444024511895044,-1.0650482865077593
-1.2831457729944393,-0.13969765083975635,-1.0999936133922683,-0.7976824557673364,-0.1522930279438267,1.3978802787868179,-1.5105775444861214,0.029725442778269787,-1.2514331062923163,-0.5563431820560117
0.929851543699871,,-0.26337054247040886,,0.7011778979844726,-0.5478924477647706,,-0.4451316457066319,,
0.7409054536231927,2.0275075834719543,-0.27759987372705824,-0.016015539412068857,-0.43202751975694875,-0.5859475131295573,-0.6992968065202926,-0.018646833044840626,-0.7769783340232094,-0.7466344240718452
-3.1655011241290953,1.384951237305076,1.6438022213324772,0.6487578235105764,-0.8738820419469028,-1.2634875122344718,-1.564502108011372,0.6391596875240458,1.2652975197891354,0.1660871269704157
0.857827898479031,0.4448467655319443,-0.7708814294253392,1.0094673584351268,0.9455710840914576,-0.9904838749284082,0.8071056449040965,-0.14760614583195714,-0.2608890623322934,0.3906084427719339
0.3597129956405105,0.8886855476847241,-0.8493039146909165,0.5655990720744482,-1.1599715195217306,-0.17875375918513567,-0.11207791055785787,0.9700462513723244,0.009263171663872458,-0.26184065961873837
1.4259293541885307,-0.42899662922987974,-0.4711523214217301,,-0.21686595370200168,,,0.23995827320090626,-1.0851029410396134,
-1.5994590260327033,-0.5098128267242056,-0.9444840807320685,2.1441917244614097,1.5040384468159567,1.341841308039084,-1.2947850544466946,-0.1773652657925801,-1.2031901674644352,1.8428221724785878
0.8310830561194733,-1.0525857880338352,0.36947368940079106,-1.482562376736322,-0.13648334875726692,-0.17556291996167142,0.7396475200458082,0.9878397100670036,0.020323977252007353,-0.22400063447842206
-3.235261451511516,1.562123879234761,-0.6575909852468277,0.1021467065991498,2.2590923898328836,-1.1940551926571663,0.02127139798331545,0.49685844822225234,1.0924616043686621,0.0012200239343002877
1.1755823380845147,,,,-0.09110887193133779,0.3235001160021541,,,-1.2868804214429002,
1.138182095830896,,0.30793076416892945,-1.5988801152111627,,-0.0627754097210402,,1.3832165815059625,-0.40892013182717996,
0.9181313325933613,,0.08739208083818005,-1.996588488380708,,,,0.8994174358743605,,
-0.3471676910997111,0.9422807185820499,2.247618787532236,-0.02631254047921138,-1.3196631486312185,-0.5949545143434671,0.4683367726260925,-1.6617086674688986,-0.762084643040196,-0.3297828482290589
0.1098580416089374,1.7965100148361144,0.6878138083631787,-1.1138628608603487,3.8676072956687935,-0.016520293206193956,-1.6804221950774916,-1.038381099684388,-1.0324614125991085,-1.3479812077180584
0.5129626909759913,-2.6669182700785528,0.9822509472936023,0.8144082331948462,-0.45647917159943285,0.9157127942582857,-1.0927426307735986,-0.842323115200418,0.5495495642105976,-0.2095412424948533
-0.6251067526678348,-0.1135343485463044,1.3187644262685925,1.2799953238790494,0.42612635563690004,-0.35543129527149175,0.5214128249721252,-0.862447351226117,1.1689482943459881,0.9504248775596544
1.9315899052976466,,,,-0.2737623041496001,0.9993191625619224,,,0.05839829768979338,
-0.5169595010609581,0.21721500112720143,-0.05343699759306369,-0.10677346056005173,1.8239167001842576,-1.3420799205997331,-0.004978229461497356,0.05377051810676373,0.6433007928308939,-1.09717231343076
-0.2989851423729172,-0.5957667308481909,-2.2519117869763456,1.162478041161096,-1.46993232918996,-1.6032188045380968,0.9476280230417515,-0.3348550898150629,-0.30028406185203177,-0.28121990099717387
1.0743706822549033,,0.5950656842569177,-1.1411760869936285,,,,,-0.2966968784198514,
0.9218689086158512,-0.19901197938007845,0.003809076469200718,,-0.3729816787801572,,,,,-0.4540869840431356
-0.2555226310193627,0.26987637007340726,0.18047409332261682,-0.7197557913994853,1.3402747251391214,0.005056167822381164,1.4636190632790531,1.4401866904152671,-1.0592031654319987,-0.4903386588841139
-0.4172653448675715,0.31331054000196074,0.726409002036936,0.14692634338930005,-0.5509048691074369,1.6516036847883133,-0.43842656455205775,0.7418285366552634,-0.037162603164359265,-0.06516687975365287
0.6737523345703188,1.5430026439718199,0.30499150102821604,-0.48883369433113694,1.4800725194769957,0.49384453180932336,0.170362731927323,1.0276746228515479,0.3222187463548631,2.4569525209116976
0.0018571723702865452,1.1496531249973858,0.4419881847431335,0.4386846548098586,-0.36207691288457866,-0.35711434202027803,0.49663171239877835,-0.8682613071196349,-0.5755487931375887,0.015298305406713413
1.240372766036578,0.0805321217177188,,,1.6956873437527622,,,,,-0.9382546479402882
0.771629420451259,0.32169218397500715,0.5188303248051931,-0.7166106703647126,-1.03984445652777,-0.6407279644993117,0.30780042334221036,-0.24222931189363453,0.25316002850992125,-1.0239712946644883
-0.006536028011698127,1.3951030728856466,0.33233593524958854,0.3949075302657225,0.4029101741081661,-0.511929694323445,1.6317400339761639,0.35702402846438597,0.1772009262958689,0.6869733823712654
0.9406938665804834,,,,,-0.10640248716674786,0.7279992633311617,-0.3266085150238686,0.35366431782228963,
-0.47528190053180935,-0.591854610873321,1.6823213073153642,-0.4804487200808555,1.141770842107961,-0.4316627532810899,-0.5461397618766966,0.3894054196184067,-1.2987329653685944,0.6646664651793641
-0.13612980597177984,-0.5507593970748966,-0.7654841944195627,1.9713361631595312,-0.03431033790596504,-0.07647843414308403,0.8729514883210914,-0.8416457320428458,1.1342975908830257,-0.03574197529866045
-1.3837698046453137,-0.530493421422362,-1.0951575758557142,0.08115363863614018,-0.7935910926001799,-0.9037011194235258,0.2922013981678683,0.043934094333516444,1.2091568285716734,1.1648503315200027
0.06136703885504285,0.49964823330591634,-1.4075277207226142,0.6960409444945558,0.4107015013474049,0.954079611318294,-0.30622705489645563,-0.2975140384861895,-0.2912688384742331,1.4345842099163042
0.28292288816264344,-1.4959605018540094,0.6443813219562056,-0.4632981697241686,1.0845807853849543,0.5387509894980554,1.240444249018422,1.0388593330121156,0.9373669599664841,1.134474425243082
0.8150592161787742,-0.6938423460293401,-1.1435849353672236,-0.8302534336702149,0.7306948423228609,-2.223396924050133,-0.015399373275116078,-0.2658639286977009,1.2238445165895462,-0.11721231537416661
-0.3685174261955096,1.3160151007927565,-0.09190795058388009,-0.25343329830485406,-0.4892260028803849,0.2856406749261784,-0.33148243568842606,-0.3278695434169926,1.4502326526756446,0.04889234419155908
-0.44821695512545773,-0.9951048898889594,0.19851321316546816,-0.5597486597360878,-0.3683328059886172,-0.8515292587063267,0.1968993161588959,-1.3033255804097232,0.41146635605529036,-0.5464723733522265
0.7166382120920611,0.48526305754052584,0.10400664303620273,0.8461428986389118,1.556949853158528,1.2684946365143766,-1.3108645701444437,-0.6053658461439095,-0.4829430510789116,0.6386100374241254
-0.5222290831364508,-0.5614839059473993,-0.7341759171532195,0.2988890469000807,0.6346764098821438,-1.2116070479665717,-0.514240644665414,-1.8950292306571148,-2.391686608408217,0.48466582136573194
0.31542633394110836,0.17240526749872434,1.5869779552430845,-1.6757357825915475,-2.080104500318174,-1.1233431900596562,-2.11964001280558,-0.6133559209737545,0.5828594310891771,0.29656149825854133
1.0275163076341811,,,-0.5259615773535943,0.43745520992236947,,,,,
0.696435469074831,0.30917840493641563,-0.31213040142545806,-0.8111286218918758,-0.28025321588702345,0.9551339514407828,0.4636636686530296,0.93423077869993,0.1067135091027629,-0.8995423842824851
1.160579349601491,,,0.5559666141985902,0.5009516750749606,-0.4683974696865133,,-0.9096731706187129,,
0.8410548903435475,0.5584625565026707,0.9591781183509123,-0.365314231117365,-1.1733183042023958,-0.15687644190400146,-0.07768797385311839,0.6757373978082483,0.5114467895119068,1.010580466636368
-2.0149076894416065,-0.7980318853486111,-0.0913595893618214,0.47935378280490015,2.094386364465041,-0.9773082171717686,-0.7098340100124056,-0.4233268807430764,-0.745569318039499,-0.8882364553569972
0.04591740365217696,0.9836446932797659,0.11935077052060751,-0.8597142681959352,-0.19621971804187818,-1.038590733021105,0.9830279994086044,1.4711529125957725,-1.5951375686572813,0.2290263711128414
-0.7782053568287376,0.06287701142184002,-0.08555551138213391,-1.3410608768279835,1.2088166673378538,-0.15170947197407295,-0.47001075578150975,0.11630852192834011,-0.8705974237963099,-0.18365685398392037
-1.8373196984372713,-2.3571152657387664,-0.9700766555669582,-0.5323849446352581,-1.7570036703720013,-0.4974791133398189,-0.5337194881932669,-0.06156331357849922,0.614153392743769,1.7120937393128732
0.4282499289611503,-0.9841135329119359,0.6664912596229335,1.4006043841328457,-1.1202713831875968,-1.064623434246846,-1.421060086772464,-0.5644969173130086,0.3732156205470712,1.4832037634086173
0.8916736081618498,,0.04575775401529668,,0.4504445536555183,1.303196196029565,,,,
-0.25630430691756323,-1.189571725167272,0.8732767748137619,1.4882542081656949,-0.03742732354011371,0.33205338811139445,0.8616446299299296,-0.14332611092398279,0.1895945675163879,-0.21698464109661625
-0.5495029823184064,0.521585305739024,0.5125220534997934,0.9225427073474566,-0.0033975743155099563,-1.1998248100782034,1.107662263501639,-0.7345376232335833,-0.7518016140743918,-0.5319563949974796
-1.743592544361123,-0.21762261799617094,0.6193403793262321,-0.43363224209867046,1.3381967381261122,1.2762034115793246,0.8892888065207929,-1.9349553300988214,1.433712110323066,-0.23717694385294624
1.6784112787070573,,,0.08962867100859359,-0.9323516810244193,-1.6204652356037939,-2.3976290699307565,,-1.668611585743728,
0.5719941965727477,-1.423833781101331,-1.6095984376248815,-2.874367415606521,0.2927181094589429,-1.0700585178105553,0.6433888341635341,-0.07580524211410299,0.08551951609124196,-0.45342676085240824
-0.2757905176228979,-0.8948091393670762,-0.8000772494363054,-1.0949947502664925,1.513981242390067,-0.39612532254031646,-2.264818087539684,0.25876050688651914,-0.8037405940606065,-0.04448062921681442
-0.26954808630625554,1.4901758101779834,-0.3836260526651731,0.8160735247558536,0.7105001050180987,-1.366556612928946,0.1877460534307165,-0.7583266840014001,-1.2086579563357975,-1.2047201964452714
0.821312035684668,2.643027343910602,-0.8053077183296894,0.21574125438265174,0.3104258597783192,-0.5299883319452396,1.4076032783410262,2.196945303242756,-0.5977035739282527,1.7343934082763675
-0.5467120699845012,-0.9702537781697499,-0.13933354347050206,0.8690169963660982,-0.10422170071931648,0.7377937130447197,0.22657569039266115,1.3528442512441832,0.5306508724728171,1.5305505589077981
-0.8575923418088987,-0.20345600418670398,-0.0015346010165543076,-0.8538804153440019,-1.0071019033238426,0.3821095022456858,0.6652488073173689,0.11263574071475126,1.05902182790589,-1.103316655701717
-0.39106084914404815,-1.179855892566417,0.13938596549186907,0.4878675265372809,1.3418414855501566,-1.177256989447733,0.3724220206159799,1.4361126788264456,-1.001689139231201,-1.2362469996636778
-1.4744669446804597,0.6244773977463031,-0.7254774802954079,0.47805350032833765,-0.2161545253659079,1.800902963716907,0.7878612468416977,-0.8038093462989419,-0.30209113907804747,0.7878683562922869
-1.0686386337017408,1.182166081648411,-0.2502199706277591,0.8089098879908031,-0.1961164683875157,-0.5238431080857044,-0.6874850435153266,1.7323761795847838,-0.2951180048547737,3.08060622602116
0.15183414321708286,-0.8507895834453275,-1.5852673812038132,1.2327831575239123,-0.19373069872469903,0.8226838500910331,2.3222760298235205,0.6688359478228663,0.33729895731058107,1.226305707225175
0.8041155127892974,-1.262742719290198,1.33265141230663,-0.045957008678568154,1.541356250226996,0.5070462034494077,1.1915505755579119,-0.22461332099567297,-1.5173064960919058,0.5637129112669319
0.976851909592442,,,,,,,,,
0.24096477361221078,0.19345413925148494,0.32162190932568446,-0.5828106238817407,0.9913836745869041,-0.9163632725881143,0.422754011512557,1.2186822112029905,-1.0264740131142511,-1.3423861568437976
-1.044128122492561,1.8170558056713721,-0.6093070862855956,-1.2004582058124893,0.3663554550504458,-2.7238107960305515,-0.954590548522551,1.4140749396036996,-0.9553677694235039,-0.2607909649169423
0.2941184548541022,0.2946727027502616,-0.5325207815894811,0.5463835632096429,1.4462242133495393,-1.0616459448652327,-0.4844370614942753,-0.10514971085381072,0.6998570797642827,0.03311467655814432
-0.12716553762262642,-1.5493695001348895,-1.1330570702416285,0.1926771083960996,-0.5138394069705864,-0.34209567738449453,-0.06187359703200748,2.341682567877063,-0.49748099913254035,1.3869518794276203
1.3138334491305905,0.8037602517972026,,,-0.39049044234756203,,0.4106533062263964,-0.2131814200196446,,
0.5516087693166868,0.7024127310887629,0.34737921334293204,-0.10640638164242402,0.8375214633299789,-0.6299479333229298,1.1136957296039944,-0.28141421574656517,1.3377951709907052,1.0462851313790715
0.5493170817096793,-0.09020027439248578,1.102673814287784,0.5710945443096523,-3.2165316205272596,-0.8177124038141745,0.16873918389820683,0.27972659205625455,0.7071575360416339,1.5488465989529705
0.5866542083469632,-2.084344333499291,0.19764582716405177,1.2158036089969082,0.1115879062423045,0.2034485724318823,-0.4942498883415855,0.9492226037636811,-0.3531765860551838,0.5928564510876803
0.42854432995014735,0.05422025492147677,0.4840937127367185,0.20167249380345045,1.2773106469123943,0.6767194587601326,1.0397225065746185,-0.7639150763724052,-0.8266190468246136,0.06271269316790436
0.749457067369075,0.5314702830802835,-0.751267572198185,0.7805621769290081,-0.6278401663854344,0.6738507920650214,0.28655348817544757,-0.22512116783260813,-0.535977651358982,0.1331805558279239
0.08304741733095497,-1.0465641967879682,0.6020734809600115,1.156684062507529,0.8605769984714233,0.31503508015453024,-0.44993643537786865,0.12894217691814558,-0.1314616488805003,0.12430118946769347
0.9364432133632975,,,,,,,,,
-0.4901150160722409,-1.1817175118527372,2.151652718484764,1.5020925773534393,0.27716439426405265,-0.033657387381527966,1.826530954960528,1.623765008088808,-0.7399174041342415,0.2476764454673839
-0.18240453662145573,-0.2693523390660644,-0.16547121302762696,-0.08566773905098414,0.21073638487774882,0.21640080779380502,1.4381805281733735,-0.8068896485884687,0.9669195512185872,-1.0750115149495556
0.2368451085694073,1.0433498169769735,0.5690295342194372,-0.31637202921191626,0.284795945855519,1.6522891245716202,-0.5917001451174875,0.5665531543135816,0.9650870840630651,-0.38802460574636016
1.7353708598643856,2.0732259579447945,,,,-1.3209238073658072,-0.08444435062855737,,,
0.6194070964141885,-0.17574099977096144,-0.5417973207317984,1.9065949524071402,-0.30806667522155257,-1.61676317220858,0.4569610692425669,0.3821723158822253,-0.1739374823142481,2.351292184825707
0.2100990623222962,1.0147910690051867,0.32306777298873857,1.2705665083404847,-0.3308770269360865,-1.063418252865059,0.7657390892848334,0.2992707974802469,0.7952223388395204,-0.6167110988895597
0.4801894891820647,-1.5942748534788682,-0.47978575643239824,-0.7046569583094938,0.4959602736244043,-0.48421701603084305,-1.372827151425056,-0.5682422365555034,0.5984886112055843,0.13108330373674576
-0.7450831634649757,0.8392138487137459,1.5654069914671258,0.908827958134612,-2.3074946994233048,0.23715496667549427,-0.14183430258608132,-2.0357425155202935,-1.2904146953296227,0.7990657997523087
0.18567029493297751,0.08063537160770459,-0.650092901581294,1.0822848310392468,-1.2298024279823558,-0.8879275195076168,-0.317756840615986,-1.5257359392135692,-0.8816604923413468,1.0615707513753085
-0.8442870835476691,0.780876199193482,0.6349509421106827,-0.1684358783415177,-1.4189341159582123,0.06341420939716089,-2.11081077108807,-0.5289020927396815,0.24325627691410295,0.8695418968828181
-0.15174902814923122,-0.6079678493105416,-0.6880199660648317,-0.46830038418394193,0.6241330950475407,0.3500915407790555,-0.022017837571609387,0.6300358893916127,0.0005339300668537822,-1.3348426761725147
-1.110324210625331,0.6016784156104551,-1.3739839910852722,-0.38097503570976804,-0.11415407445483623,-1.0333593390143014,-1.667740934889721,-1.1747696374533678,-1.8097295670320273,0.6116314125249954
0.3974734588299288,-0.759627598146315,-1.3673531624497226,1.166293375444604,0.4403462020278323,-0.6210376402724879,1.1871221148684867,0.13760457087401207,0.3180144292505019,-1.0419737101132707
-1.5162383952328657,-1.57006892996908,2.083033309033371,-0.8275731109409495,0.06517347585507265,0.4596129600825531,-0.020823138763675843,-0.15425051786603566,-0.17654894718866898,0.47994614867760194
-1.0398030384544474,-0.44053709910159067,-2.303737069097206,-1.8630467622467342,-1.2980491863755352,0.853746810342928,-0.27270244504476393,0.6974074437715432,0.38488547352497676,0.26009602752576605
-0.9440872421803694,0.07493742547536494,0.2544801091875754,2.200679074662774,-0.3460120662977004,0.7322194645606395,-0.12387935461542071,-0.7022509026280527,0.8695348644717775,1.8915843377022323
0.26200503009743503,-0.683033878135991,0.4674912110979626,0.27942518744660433,2.2165042088781663,0.7421695308962054,-0.933585839952444,1.2746933495928718,0.7753600056948563,0.935396238275661
0.4448920495700583,1.0083003967703632,0.44062337575453286,-0.25437742886274434,0.13421867361392348,-0.11595136831851192,0.3413862177803942,0.07944238843690056,-0.3145817572843182,-0.18160746574888123
-0.0035992361331876354,-1.7810793971951042,1.0244312339573964,0.34792910563172175,-0.6114889085945608,0.5911945352272724,-0.5081096952438866,-0.5081403103422154,0.3746366225684826,1.4306234816675052
0.2798750153559545,-0.7758762611738077,-0.3518131671247829,0.8490472948691347,0.40427982959951275,0.9594718142301646,0.39345707323810863,0.7708319313822046,2.01299590464056,-1.3523200650147682
2.407143648468038,0.9364909815054608,,,,0.15937655376097784,,,0.3577354043265255,0.7789220031737092
-0.10680961378344249,-0.5158295233287535,0.4532494564497276,-0.51781090771564,-0.1255317477273072,-1.4411094153885549,0.05592591014395345,-0.9286443176960811,-0.032977254905838,-1.0860276049829254
-0.019331880052298314,0.8997059934422146,-0.5958405181406531,-0.9332901996801004,0.7816409293191664,0.9132769314402532,0.4239210589454877,-0.4654527186658067,-0.6296858187432678,-0.3314857206834854
-0.05916401047817912,-1.7254269623184626,-0.9831497280803401,1.2508705429946054,0.2074280059104025,1.2269805577614696,1.0156763210706283,-0.3124537619318328,-0.2973505344219022,0.966562936786163
0.7586494353489295,0.9874152550335963,-0.01352811226936022,0.1425798904101278,-0.2555606868801814,-0.053468479163398766,-0.6856433633382107,-0.07478557614759729,-0.16000915393804604,-0.45874021338243803
0.7911478916280998,-1.4102372210546947,0.33743718657041843,-0.9216903944878287,-0.8478515133372502,-0.7621411123361918,0.47083876334530583,-2.2576347815681257,0.16870045060351593,0.04545378914626842
-0.9701624763232719,0.1822110090841793,-1.2132516968190004,-0.04376498823050409,-1.2509890168064033,2.0503353169964122,0.8614058252401439,0.24646639297628375,-0.9551792456290149,-0.2755294280338876
-0.23419164101739678,0.2419006075918685,0.39855009082788334,0.2248757651529182,0.3423069375854345,-0.1698503483751869,0.3424627494184158,-0.6379340776462535,-1.0634988858680807,1.8478807181867618
0.4160064237815559,1.806086581961016,-0.2747412487542142,2.410716779803735,0.07960445882174255,1.1459598750001736,0.0328532407569299,0.1649225539833309,-0.1151999847349166,-0.4928026364352035
0.9802422736045365,-0.0088611148744482,0.8304366662684202,,1.4143387052392034,,-1.510971184310303,,-0.025201275000304266,
1.3183953642970807,,,2.430094670598183,,-0.2676910572541314,,-1.5591657403189805,-1.1800742486493627,1.0135450872232679
0.7415020104230061,-0.883550456299417,0.09987918568395857,0.8064692168337475,-2.033371630187066,1.772211317922314,1.0525370199500244,0.8105147078631496,1.2020811565664022,-2.0415382420191603
-0.21857200340500849,1.2583693278390582,-0.007029387137986523,0.7426766091289995,1.4481748289854113,0.7036233522948259,-0.2577092896972203,0.575706363045422,-1.6710002376982378,0.49035126698483783
0.7496356972857672,0.1509498958173376,1.1615297456893872,0.2786280089151263,0.14695353459570504,1.8323293134752054,-0.9578382112371193,1.3921338482684595,1.312964496967066,0.8452953176616504
-0.4045127998361205,0.3426955818863185,-0.8042926634850811,-0.562113550596145,0.13144249591146628,-0.8836195810928805,-0.2333314220747572,-1.1020020135949142,0.6529246386258676,1.6348607460291171
2.1969188240897086,,,,0.822339022578442,,1.0775466628348016,0.6461145603006503,-1.653825367627814,
-1.1250731115516626,-0.45136344072248297,-0.2982868251779191,0.8547443499525212,0.0838560178133926,-0.3528720112778041,2.2089721058458966,-0.780841978915985,0.40038357747184,0.7795624839529979
0.27992203530884485,-0.7866591855906133,-0.8377010523297693,0.7318792013985694,1.1564012310253964,0.058715208879825634,-1.2064864316328097,0.1211724869724229,1.6257438988124782,-0.8952241222803788
-0.20678648570616306,0.1687954563412109,1.199020763117164,-0.41881754440675034,0.5949024839234762,1.501761622664947,-1.3710249123934304,-1.2003832728075148,0.016941431552496146,1.0910110469312437
0.4434695160800676,1.1803544469508755,-1.591563295810986,0.45644993158970804,-2.7362198585153616,1.4375307317813217,1.299456760189339,-0.2178980987587049,-2.199073066766717,-0.0983531771712314
1.226961934386509,0.5243495077103726,1.9594113770920583,,2.1404901503875395,-1.9122133743232836,-0.6493601385356574,-1.18569198970346,,
1.11616627332848,,,,,,,,,-0.20691360906039385
1.4224557584489363,,,-1.2202093299649859,-0.5848887762047972,-0.5957588908002724,,,,
-0.2551922619872339,-1.3703912979990798,-1.8074564731662535,-0.237090269871383,-0.17885901943141577,-0.7771142397695148,0.24675067585644556,2.06531348306457,1.594569624646052,0.08483552545106925
0.11955392109049853,0.7018042038249266,0.30735725746735953,0.7035434502312115,0.3357482572320451,0.15404499770425342,-0.5920785394716755,0.40943481581909685,-2.214992208716086,0.31185972490902775
-2.020023807346762,0.31266489112501666,-0.9316121607897324,1.3250183456873368,0.13644289779471477,0.04885868505595986,0.4530209262002679,-0.8168407682207399,1.169165092443333,0.7408359337416316
-0.5034174472965868,-1.0111680669265664,-0.37354908286668054,-0.10766587694358194,-1.084726989125027,-0.4568608308620681,-0.5915533272707624,-0.20224355974925642,-0.19425859068564244,0.48809869091381725
0.03124359635027763,0.402066586700892,0.24884882058974073,-0.19491146810546175,0.6837230073477675,-2.744006748860665,-0.3587862013171968,-0.5706582552289412,0.11937259226642453,-0.6343352690502906
0.5489000356274198,0.7253334282222109,-1.384001919301993,0.22349743324008417,-1.2808970955278993,0.47966253277461846,-0.46654022820411606,-0.8042155490950345,-1.7104483254680327,-0.09218321406599549
-1.1580007287958092,-1.4835491178262437,0.18596276603402542,0.9692441872255059,0.3944723211564089,-1.4309858036982464,-0.13678289539446878,0.6805638662416467,-0.136390736532391,0.325531778060634
-0.43726026615781316,-0.38469575878882295,-0.6596131091775094,0.6120139227401307,0.6750834180240459,-0.5551726069175522,0.7548638449476005,-1.4269745035346877,-0.17112318713033114,-1.3536721937461886
-1.1318584107923564,-1.365663180886246,-0.6557292606366588,0.6197511205708484,-0.07836162353123335,-0.5839071659392904,-0.17350536466226935,-2.0562932685794024,0.57181518743103,-2.2476344870058185
-0.7072389616198794,-0.07887707754199803,0.4455416058741618,0.23898596631036967,-0.04949523308383618,1.457489268184209,2.014855670843986,0.007054858331112895,-0.1000857456007463,-0.15972826360453118
-0.6108706109926766,0.3758576703710533,1.271542490268973,-2.4901790741159577,-0.16966126558311467,1.4885944205390107,0.39316630649072737,0.4137950097922092,-1.6009106870381755,0.7021270452539151
1.0091276437920231,,,,,,,,-0.7426214784111974,
-0.8778454584154152,0.19764979493375814,-1.1642013919832157,1.283834070996152,-0.46490023189730306,0.36629162394373876,-0.7431996112853362,0.5840234374958748,0.6658858426194294,-1.6778093731766779
-0.6796632995792319,-0.15662148303626677,-0.5251731329964465,0.8715804765519837,-0.5971933569410554,0.7148510511616506,0.4846635070012634,-0.1079440259005529,0.7563496992187383,-1.5379279063131959
-0.061692183304016414,-0.7742344462222394,-0.10691632985209895,-0.46940608407740564,0.059984328591661404,0.00948639351363248,0.1387543287238476,0.17838394055982887,0.5733606243723312,-1.2587309469687764
0.5093653016081531,-1.5126343157750515,-2.794363336755826,1.9724629783322418,-0.9388394384872207,-0.44803874961196066,-1.8637302448779682,-0.4544549275369902,0.2067955032632502,0.24277835461749805
-1.2067795520617677,-0.4436508277136059,0.3687555584814641,0.23854873729028592,0.12825465673629347,0.7604265793567134,-0.10899011679687047,1.3922488385276122,-0.29314687860459276,0.6945184363459446
0.7301197128449686,-1.6391525428184939,0.4409043785512783,-0.640139385409656,-1.0088500871529196,-0.4244269665983972,0.1616883492495851,-1.5648976062947773,0.026883640735800445,-0.21757697095793394
1.0381780977072057,,1.1898225060437562,0.38679885187007146,-0.033491411060528956,,1.9225329668144124,,,0.42898456721177325
-1.4230328179294798,-1.3010291722980298,1.3068727767724948,0.5718600587562013,-0.8581685799216043,3.135047299398569,-1.382134240453632,0.6197229173057546,-0.7964989533479263,1.7810704061064717
-0.5309282340943642,-0.28461295204133613,-1.8087571896483263,2.0826458202783833,-0.6179501746573605,0.4801883811410397,0.004725499098662273,-0.5514564537713431,-2.2276937318157373,-0.22830294346107644
-0.27168414337059815,0.31876787025181125,2.145468240762551,0.6444931124180482,0.8598614647227417,-0.3051714714824834,-1.3132739004885319,-0.2792648812916172,-0.7344868445422792,-0.0500708693057082
-0.4941674188159341,-1.6776945401915793,1.2669787702198902,-0.1407871493466633,-0.33003656339527665,-1.1047796197633168,-0.47540093807365247,-0.8633075162803767,-1.1939906100393054,0.16272179081204335
-0.46882180274704893,0.7486022667358476,-0.36035748643425697,0.11478862522331928,0.08628609133009238,0.3848116895798339,-0.8411604896516655,0.8991168494954389,-1.1800052846317157,0.042436106818601195
-1.2049256700420214,-0.1207281443787536,0.8908413522220576,0.5554790742815555,1.0585564984772842,-0.3032251000341356,0.9089250363335635,-0.6922260213273973,-0.4584451667057284,0.13003413856198953
0.8500002180049291,-0.5473418442113085,0.6951375424385737,0.2311874353975551,0.33687993738864597,-0.8546280990864455,-0.3847075668532318,-0.09363309974753548,0.3374978297284269,-0.8074115180566029
-1.2919766024064785,-2.132768945620934,0.7458110910790657,0.944089436006539,-2.009684287776898,0.07567080673955255,-0.37713388865960384,1.217030567857355,-0.21026417707796002,0.5455110944703851
-0.4252371796738381,-0.6870944266987531,0.7672361245669762,1.0783611856440898,-1.2689153064109429,1.142441707468284,-0.9747939730976145,-2.3320612075048714,0.010818332658754704,0.5071705307276753
-1.5157309662263077,-1.9827654672661084,-0.4947918824956844,-0.628562589493361,1.3696162910153309,0.01209230462525161,0.7345444689192646,0.20969029743500628,1.5686937891865305,-0.8916983284629447
-0.08795347553467657,-1.5690705878222746,0.8113950302828031,1.1140234141375804,0.8727735566881824,-0.12468105648724886,-1.4894374313941299,-0.08640022728226712,-0.677715853176493,0.9226530001574201
-0.42671303208485634,-0.44805865899297603,2.1739833160311224,0.7993199408060777,1.0759351258007948,-0.5121059290746537,-1.1003596638488344,1.066796761884454,1.4921027661452346,-1.2864928438114054
-0.5174905882467955,-0.9142577858690866,0.4814170221595266,1.0863454557112733,-0.36830804063514416,-0.3712051469519763,-1.956742699561663,-0.9542418100876122,1.507314402100828,0.49266167592266336
0.926289362672654,,,0.01861762274615475,,,,,-0.7932520743844393,
0.9201394129514977,,,,,0.458877623568816,0.8027481741803055,0.1409722339737793,,
0.832580316232309,-1.0912823979672925,0.4192601008571716,-0.853045328984017,0.5098601193020602,2.394126651732966,0.6998516623767971,1.1739234450929033,0.9024769221123503,-2.3257622475558883
-0.131694184835939,0.4478735081180064,-2.088887559582725,-0.28386672623052767,-0.07924382280151125,-1.2315902740856184,-0.9696892573939806,1.33735436371095,-3.580829759245863,0.27146866784251283
1.1635710092509761,,,,-0.9050669897149021,-0.009435217187990131,-0.3815535502880356,-0.5718233402244344,,
-0.8378868339255885,-1.1219869479975029,0.4165328769143021,-0.998980078446335,-1.242049136161302,-1.0737113386196282,0.2056352041853402,0.6693784758309316,0.751032409753138,0.21430183051565127
0.5355385635098496,-0.054788948798121156,0.45559552603020853,0.44021713751035657,-0.7296391601112427,-1.0756478617767495,1.352155359573907,0.12535405243241002,1.0517895789153069,-1.0999889728656573
-0.40555470627304446,-1.3766276167081997,0.6463279433592124,-0.6144870835641331,-0.5542784546893407,1.9558037196840026,0.6662805744575191,0.6540865407471235,-1.2021106687684742,-1.8575468021157622
0.9706355659656777,,,,,,,,0.255083063427675,
-1.736263032537338,0.195553036379705,0.5414141841817348,0.4465129187676119,-0.2212241215473773,-0.597070547823157,0.7585858017662406,0.33529660577184056,-1.894300296929802,-0.22106260974226566
0.055488129583459646,-1.0937242685619224,-0.2434434827895362,0.4915380188108157,-0.8273340145872822,0.23298815056498204,-0.9895320048611321,-1.236680978210255,0.6155901036889908,1.1739982512271683
-1.183725916557688,0.9530256337673733,-0.013022778567370703,-2.2134490042874613,-1.4349466651129994,0.6082649597124894,-1.6239491763403902,-0.6185581442212033,-0.08135705989370412,0.44801958823593324
0.18468138737537923,1.5685581340358703,-0.8158036180290129,0.09860348432259042,0.45262076520181943,0.7124332470319167,1.0512702450715936,-0.4340684906764507,0.6514825133204347,-0.9258523317427885
-0.07769688898033172,0.5012476382056267,0.9753907653090497,0.5702241571818317,0.09054851877291274,-0.07948399016603803,0.5487928739588024,2.189215195204869,0.8545902073494607,0.3815499287135573
-1.3689701573741389,-0.8444782405282061,-0.3240763810715368,0.9100211007405592,-0.9367624353245385,0.6424515873662022,0.11969889183681089,0.3549311911297169,-0.21595431029664117,-0.596628743936522
-0.9737621782240378,0.6115942486330433,-0.07672230324027128,-1.0772409171177653,0.22327995745047596,3.42329860740835,-0.20147343341787055,1.6541040891685022,-2.585282439202456,-0.27047023460527153
0.9547876862152577,0.015555359294491356,-0.6426320881424548,,,,,,,-0.22543645600793719
-0.8672479081053535,-0.15506458912610221,-0.2738051753632821,-1.200555768443282,0.8381291285096912,0.42092497949123286,-0.6409460025486117,0.14779955042775086,-0.964552045275136,-0.5522507699301451
0.6876762252137975,0.471045852458389,-0.513188232821833,0.3114639695055468,-0.0743763824968337,-0.9972625191711864,-0.1672394839076921,0.43203276414091785,0.3061604046409682,-1.6926184541114506
0.16609771720983763,0.025425772460135432,-1.8982790508538498,-0.808040119208567,0.49163100799983916,1.384802623031646,-1.6405167003069079,0.9793032858066264,-1.880372979151028,1.3975178181865833
-0.23866644776485238,-0.7147226454822914,0.354536685392598,-0.9624968371944728,0.5159212109313563,-0.12396889989219825,-3.8100189314397994,-0.8107132840961544,0.1910967351265857,1.0664700596361527
0.33149730467623134,1.0505077997820678,-0.893963282027645,0.7276454387076714,0.7444138915949245,-1.630974667473961,1.099515469422739,0.32737254549072276,-0.2814753860444037,-0.29868811595330097
-1.0380175343585119,0.6308089960015937,0.3020479688933157,0.5829256001796157,0.07898816057491308,0.20578662479575074,-0.29590053560017876,1.0767943358449517,0.606368285048048,0.1728497923813884
-0.1345696154683858,-1.7679517511820126,-1.984635206789751,-0.36830133136395954,1.2686910748780778,-0.7048629581650299,-0.6655386438385337,-0.9723489701925758,-1.290387659076379,-0.9139924318951596
0.27863075849156355,-0.49184068849655677,-0.5372131971926356,-0.6262695107609163,0.23699587007708878,0.39029744644124964,-1.8690052417732124,-0.7602550764613061,-0.08938930555844175,0.4389100676416293
0.1276939105541874,0.8228554790797047,-1.411849734743066,0.41518263741611755,2.051295577604651,0.04772108944403222,0.08847393838414437,0.5192603920013104,-0.5453368228799925,-0.9468521399061706
0.05802147991255945,-1.6540076003584447,0.3959670754945215,0.5645259961993991,-1.6038315995502537,0.16300463910775903,-0.21647455546301123,1.4778781394731153,1.309840941920543,0.841618942737327
1.2106813572918786,,,,-0.9971580915520999,0.08266565514982094,,-0.20232142800007216,-0.05924020213451445,
0.8878831138638054,,-1.2796331487140122,,0.8565798159908973,,,-0.13148927664338225,0.2850455590019304,-1.0683430989296185
-0.7644538207130509,-0.14657430923211154,1.1829441948530797,0.22516254003279054,-0.5725309642717517,-0.2016657233381086,-0.6662752765796073,-0.4120082432434736,0.7222694279500497,-1.9199975339662556
1.3149445964190023,,0.1625632276639734,-0.8310760309340521,,,-0.525963001769867,,-0.4058374033096385,0.19258129910492894
0.8955062908542979,,,-0.3337418107466408,,,,,,2.1893899571223865
1.041954865335437,0.7454153437191187,0.29683156102642727,,,-0.5618060599641136,-1.535727588320875,,-1.538028872234434,
-0.3092490460025449,-0.9554731880899217,1.405685254717408,-1.4490956112783253,-0.6661362616313773,-0.572652339499168,0.14957414511619296,-0.6126797500916851,1.4617151619714162,-1.3712951262380337
4.085417964408369,-1.058772677371541,2.9558696798855624,1.0930415728717557,,0.22662961824689917,-0.37876137776576807,,,
0.1819974513374088,-0.9895115829689936,0.4271469319640171,0.36542132191696836,-0.7171353306004709,-0.42770597505823094,0.5124858379891765,1.0907382233697627,-0.1422531023780003,0.930655232662565
1.1670612815592762,1.3032652174509483,,-0.9017489545542863,0.8912972485965142,-0.19139985650785898,,-0.6290044201466168,,
-1.324974300031188,-0.5867476768092653,-1.0329608297133819,0.5662661382680847,-1.0648785045560514,-0.6694310323773827,0.003181050922907199,1.8124256031748556,-0.6921048329286353,-1.3822219757930003
-1.3118595080148452,-0.860639347804475,-0.6568317085837776,2.3046050278298096,0.9667446492868786,-0.3150178416998489,1.8528532635101496,-0.6125807553544559,-0.41125355277451386,-0.4712371847372888
1.0268478424700598,,1.5073259141789879,,0.9089755991002886,-1.8161288705621716,,,,
1.240319218855075,,,,0.8248015610551657,-1.9650881148287733,,,0.585002530990566,
-1.7109983301357017,1.01129463153351,-0.3922733891684967,-0.3053845101099233,2.2192091252796096,0.09660085767877029,-0.5189119954096034,-0.5788167611946403,0.6451709023601148,-0.8208740145688531
0.5117054187736063,1.1013428147471844,-0.08829560584313512,0.987827379780553,-0.06884303146288782,-0.6874548508666996,-1.664576914054792,0.2751103550115908,0.29608459197220993,0.9813171201818731
0.8849571622043527,,,,,0.9300647592185539,,,-0.7365378008626188,
1.2064654024682453,,,,0.12845505122203887,,,-0.8551982675220212,0.3310680667647237,-0.9644228420076304
0.3660996707654986,-0.5743797653937089,-0.4226861075207924,1.2157786907359809,0.9544834486678762,-0.9968993792895876,-0.8729202706304792,0.7778327736772747,-1.4338563448591248,1.4539975145333695
0.13515292164963671,-0.5782154005452403,0.01049539127160629,1.3610844719633557,-2.131124721007837,1.0263048909044303,1.1945472654972824,-0.3209018639650374,-0.07158290890182699,0.13644788099371385
0.7335315651932877,-0.7297313099136089,-0.01451222016700746,-0.09988370981154668,0.6788454461454542,2.67542115679652,-0.733874648745744,0.07883597203877661,-0.7608049143681254,-0.48883444558496736
-1.0759573505269246,-1.5304807249029229,1.1828534265552817,0.3560774034313827,0.09287653234233673,-0.8739542209157141,-0.07496490772956464,-1.1563573079008649,-0.027257845120256828,0.33373090454261145
-0.5425003523514762,-0.7568083286861699,-0.4923024830911041,0.8148187569655598,0.20162447519857246,-1.6069153489667067,0.7234614351884263,0.5432554868056706,0.18709689674278626,1.6456155086447164
0.023832906207936207,0.43074275692094166,0.4694157549198429,0.8774153776890192,-0.22286506096811026,-0.644840893931892,0.9730711907679372,0.9213401397923275,1.2748343264981277,0.4155687686156694
-1.648756018464733,0.1640816063425975,0.03369091006866865,1.229450010569368,1.0584322834929232,0.6128090112680021,-2.0729951830073516,-0.8248173678841729,-0.364283179683826,-0.34136868673917153
0.1668746661401427,1.4802049654364948,0.7792571960286557,-0.9189993685563718,-0.8286693234356858,-0.9189931507579125,-0.11684120477276987,0.8055495550970974,0.9640181215962829,-0.3762155988777348
-0.030140914556156473,1.6741807684115348,-1.484855534340258,0.6379626148908638,0.5299506532171754,-0.29664505907779465,-0.018447693085676686,0.42021985857251454,-0.2945539573781604,-0.6376055989855227
-0.7129160779954055,1.8621675862230382,-0.4402937391395377,0.20135128457175502,0.7852524646095427,-0.21149626764169818,0.03578982786760629,0.5027450526977245,-0.8479319649690685,-1.5364530157615313
-0.7306042013531157,1.7284676908714562,-0.575158764741417,0.13064901474566978,-1.3258111352269202,1.3421441668438845,-0.3010853367125134,-0.45494395611478466,-0.1334323555357672,2.513037467758083
0.4415278534063242,-0.1567938068074544,-2.8828171384233396,1.3529951961797637,-0.6948901767706105,-0.8526512253472472,-0.7632476666613972,1.4650237273564841,-0.042163223963447787,-1.5220617840553579
-0.20413456558930745,-0.8315363123343085,0.35954111259779586,-0.3864179996208544,-1.5692958241926527,-0.08248881901527987,-0.05679546787822309,-1.2534925518935218,-1.9600718844654679,0.28261434640545463
-0.2806428505748897,-0.21518083359534712,0.7458321552974911,-1.9386817355913253,0.06030269204645497,0.6625780051699324,-0.1826476885875692,-1.4161507398872615,-0.6608301690382683,-0.4514645651100274
-1.5789785869533501,0.3713742504203881,0.0032032271830155007,-0.642930481117891,0.9855239192730553,-0.5219841041686798,1.479904705404679,-0.2689284431286192,-0.9545415160307521,-0.9243534175574634
0.09108090303754118,-1.0704853094375946,0.14440097250160613,-0.4005194506010005,-0.423450948987989,-0.04163045263065438,1.0046838619916576,-0.5429939926706782,0.18412911821474942,0.44429917645882094
-1.2098435467525097,0.5227621338065966,0.8153798989062311,0.9661434613995873,-1.1087500330662374,-1.0388647707314913,-0.0543491077871407,-0.11124550985994022,0.01931384848509781,-0.3566103604715395
0.18583026625061766,-2.5540745564698812,0.6580807566602848,1.471885859701595,-0.5530508502408826,0.2023559946964076,1.6806691181345803,0.03346383637316261,0.30542596878001727,1.8417015269032782
2.0364282453929152,-1.0607653925479177,,,0.49711497602382926,,,,,0.7738737025263795
0.3536418510067086,-1.242289824837581,-0.4149880279060159,0.5696521175119931,-1.383081938694628,-0.705254021247416,0.37540069834828116,0.5897425551455385,-0.5230485322026803,0.9822678803511846
0.9497774401635317,-1.7927532951576302,,,,,,,-0.27155268510829333,1.6062709936684345
-2.1047016470341875,-0.6648926822518463,0.4477784830300025,-0.052103999784274345,0.699590441979694,-1.394639987059143,-0.2544422835252076,1.1503684158116438,-1.4937066094260494,-0.2404679897231368
-0.5308185057679685,0.3633634032984511,0.3930943007779805,0.09709887230070664,-0.28985411360766433,0.06326765260699034,-0.16465047719359022,-0.03246282625469816,1.456967104843854,-1.2022579784509844
0.34165643679580066,-0.9421127502176778,1.954991909368595,0.08907834355808103,-1.2678731926329807,-0.23191338480887852,-1.4589176645728394,-0.6332314593238143,0.615752274742278,1.361237548641986
1.0806859703101814,,,,,,,-1.092038804452706,,-0.6206549708434769
-0.6837312526886467,-0.28464957622729525,-0.7759936687372759,0.42605504401792016,1.2265416421776556,-2.1115616247414546,-0.17460239156605553,-1.086561552757935,0.9050824330391061,1.4204027251660145
-0.17464232279587702,-0.7033041448772223,-1.6152039982298716,1.9487900480203921,1.31893028241395,-1.9785082200650375,0.6554741545109888,-1.112135137578146,-0.5085266340692307,-1.2484757692510773
-2.000796020839565,-0.04558608984572977,1.895412476850383,-0.9260355612559141,0.8913178248310469,1.0482934138726248,0.7217499068821187,1.996457353506262,0.9552071047926805,1.804654920289095
-1.1470664767105794,0.7453579778633125,1.5108993104620696,-0.7720024889397039,-3.486161784621611,-1.2673360787595442,-0.7247691923237942,0.5611817805723119,-0.5664348361425752,0.0031202621854446917
-0.6043331442669627,-0.12854209328120145,-0.0662246340225314,-0.6323772789645806,0.8212541801589062,1.3803151213870781,-1.1488708499308737,0.2173160001043493,-1.4295295523609395,-1.7527249446884965
1.0365419327369203,,-0.32836503597715483,,,-0.23448402636676743,1.6677355290961748,,0.916679112539365,-0.34827752625710384
-0.7207054393732727,-0.5088044855648671,-2.1682994154252953,1.2610896801877334,0.22630019764055664,-0.14799935013888066,-0.6929431960285575,0.3117760548504498,0.8834509055279905,-0.2745449029666794
0.9635897758723286,,-0.0933800673553867,0.912362739057897,,-1.2515321868273388,,0.03527874840578202,,1.189894803929863
0.5004924315011438,-0.11506371534551994,-0.005509399481690717,0.08062951904457066,0.5260526896047709,0.05253436825490625,-0.1544624591150056,-1.33420392413046,-0.7097958345071785,0.27700161231817455
0.18800430878128938,-1.4853312892614927,-0.5619171987013328,-0.9297530527457959,1.3646337754708693,0.2511331799444424,0.43034787873323127,-0.06672057828556714,-0.6263269018810954,-0.44543990243273024
0.49272358321500465,-0.2600972640797231,0.5030860297531634,0.14297317983197189,0.2955456319124066,0.34655719081962405,-0.5261553364648315,-0.3109204023522035,0.9088467551156804,1.8263606973840196
0.91799224001645,-2.7889303738339795,,,-1.0982172492944111,-1.1450873347739536,,0.3453227137169881,,
-0.4441249844763479,-0.8436817832704473,0.5070968572733124,0.4398897979562238,0.9070455138617719,0.12975256321578163,-1.3112047982657644,-0.3488889225641789,0.8569195843635076,-1.7354797247761051
-0.08482826219202333,0.285150425341206,2.003687421620589,-0.6011145267328147,-0.1216769313887245,1.6876017771514324,-0.588322693073446,1.074705721571409,0.3926606578078269,-0.22101221380284702
0.45161711721025766,-0.1475118801326133,2.2578141463397325,-2.0655566214379264,-0.2824665647336673,-0.25315623961351086,-0.13399270140059683,1.080424631948003,-0.44703683540803685,0.49204013280790965
0.23146652963047504,0.8384764496566189,-0.13718254218998396,0.32220735360981867,-0.12343972975219797,-0.9860535606841921,1.5990365063725722,-0.76218392169021,-0.47848776337686233,-0.8568222451660933
0.4020214462428375,-0.4781606500924261,1.515242141111727,0.5339506343386754,-0.27684577285363465,-0.9097505322428004,-0.11070675088249814,0.5200304721685732,-0.045884710003314615,-0.14035465054099414
-1.0204697684274842,2.2431471535261993,-0.20111123196619937,-1.3745174357135457,-1.0750467811060673,-0.3441026962787509,1.9447758516314368,-0.1704025386655981,-0.37480175027220475,0.8446922744813422
0.9176847967695803,0.6590876863995045,,-1.1043363093146368,,,,,,
-0.657190105922082,-0.34046513905397285,-0.4863322688995943,-0.031849813237322375,0.36463731300675906,-1.3445331451510125,0.45321547173372995,0.26425252474466854,0.41862625942595616,0.13323133260721262
0.3615639626495912,-0.4156660838300017,0.44336812062950903,1.1445669523188462,-0.49538083685811646,-0.45909467848283175,0.6305050994542104,-0.554007841714573,-0.7192381585186397,0.4221719493924932
-0.430467529166572,1.2217464484631235,-0.46621149180633586,-0.8191155326913752,-0.004785748623438506,0.43543031531215454,0.32031710001264874,0.5389127373419449,-0.5531560544938244,1.1354934155625878
-1.6553481749129382,-0.7808564958889452,0.038367582513031045,-0.6971181703217973,-0.3096999082935002,-0.9816597996602828,-0.20815677472628574,0.46307725383803205,-0.5355501606046755,-0.8789674291604104
-0.46091829438344545,1.1038675544586372,1.095573450841355,-0.47810995522725985,0.5082869585781999,-0.018334524377144338,1.2840485651860467,0.19156628869779366,-0.20155418340615905,1.5998774088585623
-0.9238011526510603,0.3192042143761897,1.366072482201685,0.6661602276604871,-0.7628412362200294,-0.816669541287384,-1.4084880279843832,1.4829215840418843,-1.1328933344521597,0.7134015020240797
-1.4265114002180688,2.557090916729316,-1.3528971252510322,0.04252171419532534,1.212060039942697,-0.7030729343214804,0.5637712009511963,-0.2818320054712808,0.38819174070833373,1.0807699319726978
-0.428370089376744,1.4969103678966982,0.35242897484649555,1.9484658730062403,-0.8319463121703767,-0.6420766915593797,-0.23226630539524443,-1.2126528391737987,0.9258836065976931,-0.0758398568357292
-1.1461242097516686,-0.8227923570416392,-0.8699646113396255,0.9236594798815524,0.45717625505379295,-0.13256568881680264,-0.36529851947496816,-0.2387304735439327,1.781113794110841,-0.23390137354110935
0.8575479003435598,-0.32931029413483204,1.682497899771367,-1.2191918172673486,0.8070305974395393,-0.7593934503681175,2.2132985478520495,0.6973465929480572,-1.7037927873137644,-0.9314658699053693
0.6851522933261267,0.6577918967055707,0.583125009803264,0.15658444125400378,-0.3189223222129736,1.086747262059412,-0.8641566528615715,0.05343341490689117,-0.6201418920537802,-0.6999193608032209
-0.45899988908051637,-0.7352630091555942,0.5497134345152506,-1.4761019585831763,0.4310174309837583,-0.6342664582696279,0.030388458293636244,-0.1668444886119416,-0.4992214789361692,1.2131234784184606
-0.3708822926085023,0.7035023388750705,0.7163874188437264,-0.2725841530216601,-1.2578897490847483,-0.8821453753117998,1.278798245054577,0.49255072085768503,0.138855456512355,-0.5670274204635793
1.7318219318063535,-0.8681076547066389,,,,,-0.4575453745443617,,,-1.4361894044785855
-1.5322827027730783,-0.7669993034952027,-1.4901085259642015,0.7686434910712598,0.8078403470296441,0.00705496961908611,-0.2631149708477308,0.7415965296382129,0.7001797118770196,-0.986679630427945
-0.8485133208157749,0.7065442078986014,0.2705552592910224,0.6082352228321453,-0.8939238474028446,-0.7516601421321565,0.46388884152406906,-0.6819591537900528,-1.5199399401481635,-0.6668114755131593
-0.20513846068653713,1.701348999437979,-0.8384463482557933,-0.06168609245028117,2.0429278238493818,-1.0934074387894972,0.6604896054121098,-0.710976318957416,0.40169314984242366,2.3346421647480877
0.791549998422333,0.15185884479774525,-0.9511232701671356,-0.17542080471741492,-0.5653576455165927,-1.4505547033409891,-2.128919747755647,-0.8304662017522363,-0.031546768024930595,1.1193183572971772
-0.7381891918145159,0.19161469109502707,-1.7011928169878705,-0.8004021639769917,-2.44732950100801,2.23412423887765,0.1979921877956408,0.16641143126979768,0.5352196840053844,2.5323572339959477
-0.4352741453346845,-0.9807743934785866,2.0001814765396215,-1.2308860135350062,1.2981271331538697,-0.07381957240460928,0.43334720663147014,-1.4367130432897057,2.5935767162479038,-0.38223057301293495
-0.7013530703372463,0.5483708571299468,-0.6449640765082184,0.42445984672362214,-1.2609816331886474,0.1456083379017949,-0.6031655083769785,-0.7833165367101316,-0.941325141464804,0.8858638640369837
-0.35039757285132284,-0.18388556809874665,0.4270658847385662,1.1401573344420797,-0.9232536724956949,0.22064255035087807,-0.9096537691076337,-0.20851419839240332,1.0650869213661331,-2.346053355274089
-0.9228789510218467,-0.2313256866098424,0.38062342276101496,1.219752356922861,-1.6972808424949384,1.4154797165921607,0.5207911062650522,-0.24062812661207159,-1.4690353427500435,-0.5724364241866489
1.0251929232065058,,,,,,-0.23662216565026675,-0.09523457737315622,,-0.8152987092617204
-1.5195258556758124,-0.619470750045039,-1.800160505096854,0.4857012076228313,-0.6676336792844383,-0.3923014263229106,-0.03713465174191918,-0.8021916109972269,-1.1750038466624948,0.2218263347171948
1.889010052790131,,1.2798701343125372,-1.2984367504567358,,-0.19800389960206782,1.4284245212425115,0.9168265447100192,,-2.288362543943994
-1.1588073108615269,0.6329478364427352,-0.32073920260655847,-0.11021027309308344,0.6136319953668279,1.1318077257726882,-0.7788256446385721,0.5916542443549045,1.6114505073602006,1.4279735835294314
-0.5308177010746254,0.29487616271197986,0.750751478638372,0.020150401507067532,-0.24919305194607852,-1.7304590762252356,-0.8650765571685549,-0.6953277590638676,-1.261376430024235,0.10949849082307639
0.8665579878823991,,,-0.11837293334816193,,,,-1.2049942390112456,,0.3517284855765949
-0.6812326105780525,-1.501184152201899,0.22260675353730044,-0.8975454258230171,0.38269218388034143,0.15783643869526454,2.0769083373226183,-0.07790226964213504,2.0007589032305555,0.08191281475860027
-0.6669267235086798,-1.0554819594082523,-0.8770293025685826,0.4290799129452593,0.1291596816512428,-1.838639680086296,1.0201638078694872,1.4769065490100248,-1.848789211763645,1.0120246143932186
1.6830928295355254,-1.796062431961534,-0.46726139192088567,,,-0.41468844814965794,,0.4212660932677516,,-0.06164523073748987
-0.470733884403982,-0.2843528957391303,0.6581444813542116,-1.331382814769541,-0.016438275067871714,-0.9377360360395796,-1.202997566482097,-1.9446786854977147,-0.5149907974020554,1.078728175014336
-1.9833811048193597,0.542718526132554,-0.6488352502049427,-1.0633949259441449,0.3438756594804376,1.3105669864942855,1.497993204034094,0.2836992137955639,-0.07028452977826824,0.39155329534038685
2.4769622776152516,,,,-0.8306289877472443,,,0.22456649435852463,,
-0.4382731495074313,-0.6420468592371356,0.3321779185796246,0.36663519473529943,-0.6005118061673307,2.027766244805877,-0.02737858707374438,0.10278172067100014,1.3434926005310728,-0.874928019517511
-0.5208718059907546,0.2855045396494807,-1.475654112540314,-0.23745284127081517,2.0508767761248685,1.82898621946676,0.8972162929052405,1.1827524493870143,0.4933809621579936,-0.4315151512573436
1.6435767717478975,-0.9488244399738068,,-0.5091891220082765,-0.4489741618735797,,,,0.3387608360573756,0.06287260649144685
0.7814761593938941,1.3651636319858083,-1.7605575329898533,-0.12700998883685258,-1.0524338673610374,-0.218679978664056,-1.257904613653659,-1.8060683168622034,-1.319251249521047,-0.5535079954744144
0.5865451058117745,-0.8138996617362815,-0.8657046424408092,0.39571657239780905,0.2867889131821855,1.7021859412140545,0.9346862513547662,-1.0258995610901824,-0.6705670807608464,0.7464803100926451
-0.8865508877008246,-0.32434052638381344,-1.7104509640460892,-1.3066232435404237,1.2593807969471804,0.16719285647998672,-0.6290093367414795,-0.4885009417174976,1.7152999144754542,-0.6568149150443576
0.4733661855367106,0.871459938892431,1.4449707420400761,-0.8510630149940412,-1.3994427782460241,-1.103673935811889,0.7310306526594713,1.9919053267057272,0.7657927064837745,-0.6594965000061913
1.187825634090516,-0.46909636138925925,,-0.33143109172796426,-0.5811233280421243,-0.7018967007621457,,,-1.5872903254118782,0.5858703780483939
-0.9546327303631504,-0.9223957743758054,0.7012401457936184,-0.7254277362918822,-0.4528473340895632,0.04217599256212874,-0.28634209855538256,-0.4292174935583797,-2.3429413909182446,-0.17286280436301443
1.613454640145967,,,,0.627361051879955,,,,,1.5904370220159056
-2.0683307355266187,-1.175809338473603,0.6416024640392927,0.6740839489221508,1.6467898634631273,-2.2559816033011457,0.8586991684801528,-1.245349000817121,0.41889981326246273,-0.06501693638052224
0.8498999897676149,-0.23537421824644927,1.011015924799955,-0.8280842238907079,-0.0814441555768245,0.19278506091228087,1.67670126113051,0.8329487488441674,0.2043600408177654,0.6398062485094234
1.0861549676821018,0.3745366532453411,,,,-0.3529892043229205,,,,-0.9555660434436982
-1.1061124296227842,1.8916236642186195,0.8606277591261848,0.08672361305474587,0.6062451721318418,-0.4677331903404283,-0.17239731732488614,0.02146809344859545,0.964302792856275,-1.4133263249074646
-1.0202581296386457,-1.2247415662471461,0.853117607098186,-0.10091366349856914,-0.9163774854870996,-0.2215208760348719,-0.631805384318871,-1.4345345619181455,1.2603509547716054,-0.14934308289676168
1.2834491773046761,,,,,-1.729458048000974,,,,
-0.938023292306317,0.785108069506208,0.8583389223399744,0.011911948044251228,0.25005218716342803,1.9296451554147445,0.6511777571390092,-0.7822056522487416,0.7505329838221472,-0.5379339610488738
-0.7315512064277706,0.5126477664495521,-1.0093601380531545,0.046394323432374346,0.6737522889342638,1.9097104481480904,0.63833424843134,-1.469968607674139,-1.3137877792514268,1.726344847897593
-0.6342540731994095,-1.5164654070741603,-1.0047692648227504,0.7941304099390819,0.11283975038148006,0.6473345508357713,-0.033005682282323374,-1.1028534879030782,-1.7872497391863853,-0.8345872654484389
0.12176769895147452,-1.1835516262482637,0.9829020680333415,-1.000068406021969,-1.6519703243761334,0.0006617398208915548,0.760722394853626,1.4925605637735755,-1.6117972445844784,1.4236898743074349
0.18533328748346603,-0.6210043295909301,0.6808127232543623,1.3553849520893224,-1.6790686378065214,-0.4309318976321709,-0.5446750597725152,0.6259881131375762,1.4600294279938497,0.07340000667549908
-0.2921885940498966,0.4453608267515245,-0.23447696008418656,-2.169550254193029,0.517027499754438,0.9856758169904434,1.0736965191439267,-1.1559944301102796,0.6071581292217786,1.5327674609867825
2.530617098050882,,,,-1.123399544094887,0.9873316711510062,,0.15534862508310615,,
0.7060693409907901,-0.049470917040775664,-0.4098868178063185,2.1547753227264406,1.2336441553532327,0.8462569359668125,0.027845700991984246,-0.5841193651084369,1.0796352795753743,-0.3068831362186232
0.07870596419641912,0.6156925229146774,0.2094666117653564,1.5499945558832604,-1.319955831678961,0.0673365724338803,2.138064336846942,0.89705340524233,-0.19704414318971059,0.7988207897809577
-0.04773801230373143,1.4663715107316713,0.821253056485881,-0.8665166661666394,0.238361705783309,0.4186256728257717,0.4681085137293323,0.3187494259135136,0.5647447364134708,0.4190253764406078
-0.7211878088715995,-0.4564748808050914,-0.2541662368334117,0.09553062695207616,-0.2509005992134659,1.102880307038665,-0.9601281790079897,-1.7346287993753933,1.9668441870519544,-0.8175030535499123
1.1003774292019486,,,,-0.28195405266903356,0.3563799270977092,-0.7674272942174793,-0.17651630798877777,,
-0.41111316900034284,-0.9756528814576495,-0.5447142530325979,0.36702930454238475,-1.7715894435505097,1.1973151672212095,0.019651497824923026,0.43321607397131084,0.21918435418382706,-0.6673618090035842
-1.082198855360911,-0.7004788177314323,-1.5060295042163214,0.3482529779882635,-0.16275325682187983,-1.5343222637280753,-0.6165058914344748,0.6521356238559937,1.293022820843617,-1.2838836976729269
2.161388810026789,,,1.7574565033056166,,,,,-1.3051131999720735,1.277438827869712
1.1400727882824542,,,,-0.4714140438411267,,-0.10585147388332121,-0.5194801045962196,,
0.588549373029006,0.2354478266136053,0.8157099522924836,-0.5628482256769698,-1.6413039918401091,-0.4963123719469324,2.0379242558690076,-0.9648243087893473,-0.03642793378175981,-2.4135691830991215
-0.5198740743889915,-0.41393530648917126,0.3318464088853583,-0.3179471663458237,-1.5185833022367305,-0.66390765962594,-0.2039725716368657,-0.9961675064090609,-0.8508633878651917,1.0051824113256767
-0.6248779387862529,0.4399550857307434,-0.17696023451974977,-1.2299645959892849,-0.3329651739073929,0.29098577624014643,1.7367814531443397,-0.7722439939829213,-0.08524721161063287,0.9090827575277318
1.2605237898099595,-0.6489134640507102,,1.1126959538510985,,1.0334441387771325,,0.5537223452173827,,
-0.2442135081328265,-0.17786095343472622,1.1989957484946532,0.17634204111015975,0.18581033285645643,-0.9940358292073901,1.204481768697119,-0.7673334203548278,-0.28472362890286,1.3094072334003974
0.8866083780480558,,,,,-1.467409349569624,,-2.748047193765437,0.903974893178058,
1.4096915241099603,,-0.44830060033470837,,,-1.3265253045244,-0.1472270953969859,0.4110483242057039,-0.8119604030719736,
-0.4168435989800574,0.41190855588718184,-0.14542934125693313,2.6364972287953994,-0.13606993755936286,0.7506452964222053,-1.4487511798723816,0.5868928458882624,-0.4623498856242435,-0.009220222971628228
1.686804027726229,-0.3722646530153121,-1.3080158774049053,,,,0.07709767862001905,-1.285525674874478,,
0.13032370663210172,-1.5211281286459477,1.5844553538319255,1.136823083369531,0.1028146316121008,1.1987686758600775,-0.49432228296278874,-0.9602597391143571,0.15736872777068675,-1.5527421609146264
-1.110131165950588,0.5438745155086053,0.23998296704536012,-1.3816618778345404,-0.4089962929612579,-1.3380689589410206,-0.4885687331590333,-0.5978783236298826,0.992229661464416,-0.1567967578366247
-0.24325581615649683,-0.3924344305488174,-1.720622998578174,-0.0986415798609661,0.48282909895508924,0.23159479824061213,0.6926128875745365,0.7412913610365335,2.1980868311756105,-1.128736336345394
0.23472191062615735,0.34678517657879365,-0.31979734378618746,-0.6324956763108774,0.4987716578969111,0.40279536915600456,-1.0530774019533697,-1.797597143589715,-0.4916006231335709,-0.6734331904734585
0.6027289331801995,-0.9239805901120399,-0.17761569349019693,-1.706910351028311,-1.5514886566722945,-0.7694860887179035,-0.25053138057825963,-0.8198165136149959,0.14273501509586495,-1.7012641069058594
-0.21503037260764826,-0.20346055248693617,-1.4478474826357728,0.22838794357052136,-2.1690260564997,-0.6852044852092726,0.7874888166991288,-2.225058064341276,0.6710127531958527,-1.1659437416608476
-0.5904472131018519,1.4065599028341744,-0.6269327954864498,1.6137672930355949,-0.3052667369031908,-0.08461418056262374,0.8422597355502529,0.5440674066244193,0.15409312558298627,-0.4633241141040914
-1.5508662211741464,-1.5021838006238029,1.3131631454676502,1.6994382834124995,0.12957788215797003,-1.7736913054162358,-0.7722758770835593,-0.8218937766232055,-0.555779020111878,-0.8846990094097119
0.5205949033476943,0.2473935045646495,1.580062740361488,-0.3891534108986714,0.20018230071007675,0.7411282398691281,1.0216715869725115,-1.2349051089593863,0.40484394245549016,0.14665833480455356
0.3027963758452017,0.05963657193737509,1.7128717481747584,-0.8908385583502705,-0.9500034796492707,-0.8209729103700815,-0.2901985946204512,0.29331701345559985,-0.45614226978040057,1.0063120788419986
-0.0035018746077622493,-0.09637608811952407,-1.330242007416869,1.8210900039673932,-0.04745156965285949,1.6371049412681107,-0.6222643799813937,0.8306232309459382,-0.5626229256717209,1.81904208015185
1.120771630072167,,-0.7247155887642915,1.9066601239039087,,,,,,1.1458701677844518
1.0236739720478105,,-2.1923145606119268,0.3331824289951243,-1.133662190596203,,,1.317956377391612,-0.2189317535451265,1.1851393287201775
0.6641346585555765,-1.3731899565221029,-0.5541224839677767,1.0792682179659816,-0.5622628370994983,0.8191066744805902,-0.4101492690468209,0.7212552631061557,0.4291044774999246,-0.2482921509979353
0.6930550071704034,-2.1598735631041404,-1.085670661258436,-0.46362820620720485,1.1727023547381186,-1.4461740167916295,-0.03468900221281777,0.3174325376312697,0.2475424028392666,-0.0985873489802969
-0.6205838869573165,-0.24667056119869407,0.9747653054523425,-0.688303886958843,-2.1593410006210676,0.4661739049856157,1.4958409115101305,-1.051217004003282,1.3607508104684476,0.520667332058229
-1.1563652956030481,-0.7037299804595115,-0.7475364099803965,0.16903046159209112,-0.18128222724275989,1.1055681772891046,0.8493719739878455,-1.5452897806555448,-1.4189604075922475,0.614277486423496
-0.5154331251180804,-0.17487577999895879,0.5465583874236083,0.8584728455127635,-1.2333845219809167,-2.2216093598227244,-0.11314657216889415,-0.8548418272068035,0.06625043336272017,-0.08861122254161685
-0.9754106600189171,2.086863330597774,0.017001315375586926,-0.5737551546925683,0.101433770143788,0.5298785162935219,-0.6325388728767961,2.3202561282853775,-1.5225834493087158,-1.4530590753193526
-1.5993341792946245,0.0038911957957951113,0.47295485252225333,-0.330457893507036,0.4699752519402727,0.45655714750827425,-0.3607635112792717,0.42740197998567275,-0.19644606073367965,-0.4090237767691909
-0.49850900213682275,0.23304497411203967,1.2177911341606684,-1.2050314799174924,-0.48029918347450107,0.16266655378027772,1.7568597512186506,0.4316917980092792,-0.8127049532317697,-0.9238976387701423
0.9850950961282673,,,,0.30818459816111,-1.194147381526057,-1.3403274558492941,-2.1676385908801143,,
0.9605536296066256,0.4249430822581458,-1.3048276386988273,-0.2837059420638675,1.4293752585926185,-0.5121060767883923,,,,
0.756734035489992,-1.4815524081203144,1.5153305110850785,-1.8065785532495882,0.3118062932663227,-0.04845310956221935,-0.6256325163481646,-0.9751602502301376,0.5497496563821872,0.8013380458964797
-0.10307447047376252,-0.2892492524525289,1.2814278091104796,-0.421708507294622,-0.04218184031971913,-0.20360673265960494,2.4707934376157374,-0.8399772213765464,0.8314297403118405,-1.6993504300497413
-0.9579262799032484,-0.30921059808312357,-0.1309588467151281,-0.2744224305299652,-0.09940859427163072,-0.689027566794095,1.2875716127469687,-1.0004221577291936,0.7444553679031425,0.6776212860068762
-0.9478382631164846,-0.36699407239153875,-0.002485359962137293,1.6754163490383835,-0.3691744336287414,3.6236294505540454,0.7678764165750329,0.34349944617783756,0.8842129583679366,-1.718580623490273
1.171877089761876,-1.322816029995118,0.8696593152905162,,,1.7725096437735877,,-1.5310564689605386,,-1.220652678703172
1.3607480851241998,,-1.273827770090552,,,,-0.06341582374246711,0.29885555265686775,0.24052795946283664,-0.18473419032636856
0.7449814484381493,0.5689412169890798,0.03114492085497936,-0.23635989716607295,0.14811732271024208,-0.603698579388495,-1.0225012661276687,-1.1238018321485241,-0.10001263081121298,-0.8577334779038973
-0.15880018372419305,1.3300953104929853,-0.2070644668699076,0.13816827273541457,-0.22870924361242695,1.3065067726052197,1.6577919690990244,-0.46953017477507974,0.7277988456845448,2.0911475167958473
-1.160635187304184,0.980324469724902,-1.7407208231296762,0.029624431145688204,-0.14008142111081523,-1.7070140474786413,1.0892294816704438,0.1476354555568119,-0.9272514438968735,0.3285810966932683
0.9038346395454145,,,-0.04198919654364028,,1.3384873062635079,,0.30943759385615544,-0.18697877620376202,-1.5459540473392421
0.030517586767968872,-1.3261929693147727,-1.3751258142932494,-1.097578209477418,-1.1853258729707457,-0.21046084466973564,-0.3919922744995794,0.28414132475763687,-1.5741853303918514,-0.2516932164703568
-0.4813335429356098,0.20140236539422784,0.24935999187300498,0.15628071268711555,-0.9902711835418455,0.024690549980978062,-0.513202628019228,1.3142002835840871,0.11031782511331402,0.07937937146994936
-1.2808955665096473,-0.5904022139954878,0.2587946519920536,-0.07872983168064258,-0.08952107305366369,-1.7537028285928942,-0.8140743683030698,-0.2749214450408057,1.2016823228093312,-1.891076480546081
-1.044084404012076,-1.8982126037973295,0.3254083899545796,1.1861572063921755,0.36051989220878033,0.5772189009439181,-1.032035417569119,0.36943108091050697,-0.77246728244229,0.059747823019943476
0.5024224986876591,-0.29192777844900253,0.8201646384314702,-0.1635920450646187,0.2736262853002527,1.8909720326402637,0.49748833213293675,-0.7493856996169659,-0.4804758308561637,0.8730992900238044
1.0427062978664652,,,-0.9502535082548389,,0.5803782393632475,,,0.8714698776051859,1.427007459311406
-2.393558377171998,-0.005310189211841658,0.7577765304111064,-1.4114239701716316,-0.4994099273055348,0.5602078202281067,-0.5227267755833546,-0.36363037310008123,0.22080711398729083,-1.169799314383908
-1.0668941921472468,0.46839758465934056,0.9489411070621243,0.39852051170457686,1.3612353033989975,0.419677595715046,1.8470321542773855,0.06578956317098797,0.25269442313240825,0.40320276658344223
-0.6280339061488952,-0.7760682331755733,-0.9000844661013719,-0.5557308770494304,2.0707534993469747,1.8214794310848523,-0.3279280040941734,-0.4205324081153833,-2.146853691610885,-0.9942606210081342
-0.8093368524439596,-0.4396843129412028,-0.5696820227043415,0.21475884619712332,0.7749488111667479,-0.7277964433800825,1.4369261152010544,0.3456669065120406,0.8882801314708042,-0.4395468644561179
0.5464601695103228,0.45351043538234176,1.4675852998504224,0.652692936835465,0.8537085210762435,-0.5290110610536617,1.195923089354582,-1.2761541594553372,-0.5730398995018077,0.2813011981836992
-1.1527062958660528,-0.9231792514265805,-0.9226794407434061,0.3786643241742046,-0.158953789832203,0.9637320971113988,1.8805903293255748,0.2704373080374747,-0.5114780325186199,0.3683330890497551
-0.8957050706664803,-0.0636642747231521,2.462251776151866,-0.20309624163405937,0.3026507965424392,-0.16152599762690056,-0.40958229014905584,0.48090206151929776,-1.270909183529991,-0.166187093116525
-1.357447727835878,1.5444739537899972,0.9872072628679245,-0.7681716204366562,-1.855831731021118,0.4903687708936653,-0.04371702081822708,2.243770091132007,1.4017348622835097,0.635148981816113
-0.5282385102229753,-0.26159449936285595,0.30210887727349683,0.35503293265259966,-0.7076670350074414,-1.3640605954831522,1.9282269931450584,0.03385864250372961,0.4241894924339954,-0.8574351283529502
1.3661972911752773,,,,0.28498366052884266,,0.5579055592012424,,,
-0.02533896771053426,0.7502594985004599,0.6721582177804423,1.3124141768067872,1.4182339318300936,0.701624394786542,0.18744240574564686,0.34350355230047613,-0.5743727756945162,0.7992769260568512
1.3236745809317332,1.0416276925501315,,-0.2406539382294549,-0.35597202580519627,-0.15978483842894223,-0.7301672106840974,0.27467436744709034,,
0.06814525989273375,2.5016568790274323,0.004426371838741546,0.04127600015357486,-0.8335298929841719,1.7195360973667324,-0.8133899421852091,2.0327985256890884,-0.7399422982180425,0.9416307635727714
-0.05669752970445188,-0.5623774638672867,1.0095897978251291,1.3284998893163535,-0.1855293927704763,-0.024185340936150636,-0.41260807876499334,0.22405582497927667,-1.0946622921915183,-2.6933843820529972
-1.8702281637225344,-0.2210618138612774,-1.0698822036524605,-0.11758957464482361,-0.5124803472604779,-0.7063690522274643,-0.6488443808667124,0.9672035110762535,0.23527984584561393,1.5649495531117308
0.10326033729897567,-1.9099505336160398,-1.0438015473617837,0.11512723975507036,0.24197821829066973,-0.5859897531704912,-0.7957392774289975,-0.607974113567235,-0.1444583308423944,-0.04901310669632053
-1.097876328203507,0.2462537931939477,0.23702771824811875,-0.10994871509787434,-0.6909916706620216,0.6715724817457152,1.3236211338456931,-0.44823852315751717,-0.6284951270644169,0.4659179884286289
-1.170584512664981,-1.276564016862299,-0.6488421990963104,0.3094837400570634,-0.8804421971846859,-0.018752775197125912,-2.009334743789693,0.616792342833306,1.4404562079561496,-0.9098700557349099
0.44410300686093285,-0.20805658707183405,0.10616819300607615,-0.24589264743488484,-0.30350438119890644,-0.8331348894572648,-1.0928721953651022,1.0993882225009601,-1.6790586179023936,-0.01868487980810039
-0.06411941971761062,-0.04692548409680026,0.6648668169614755,-0.370738442632069,0.6530012644426949,1.985877551704268,-0.15221170782375093,-2.031978699246294,-0.14254642426230846,-0.24075289776882683
0.4020168560509022,-1.9940690718175553,0.32449727634682685,-0.42142537798728524,0.8027359624182429,-0.5184551436517091,0.8679851442046382,-1.5107281852311332,0.017783115090346458,-0.971830683211097
-0.48811259675249313,2.720086598288863,-0.9495695633597119,-0.3725953928872516,-1.1437415022992623,-0.30699543179688815,-0.14996085153223804,-0.7345723429342548,1.5763656864358015,1.1551690765791778
-0.9468084008704982,0.8167078582916586,-0.48008910922192455,-1.2293112357587452,-0.7178544870924313,-1.2559655119670226,0.9411880325416506,-0.8763936386406288,1.288133047263473,0.1408725062943042
-0.4035753611764663,-0.5020973529076319,1.7526424507803633,0.010306591293944846,-0.5043372046289107,0.8534418133290073,0.5855480352014261,-0.9880925702582039,0.005246310760515716,-1.8086922244254355
-0.03345136575972994,0.31420442266360216,0.44786502607463274,-0.9994705666448169,-0.7385504280479689,0.24739437121288552,1.2504827273130865,0.09206457396964948,-0.5581072282470741,0.9702238083431928
0.12909071569908415,0.17873443113662746,0.797714079289219,-0.0963029662040723,-0.9334256828947927,-0.15458510169438958,1.1121373074430543,1.892673512207266,-1.2187371458928768,1.6372501518489124
-0.366904164271347,0.020457812386915922,1.6998694486231225,-0.409703788824716,-0.27439693288204997,-0.6427883604938198,0.03787288618345179,0.31176141524263806,-0.6870751846137111,1.4503605108197164
-0.7473276036746068,0.49839679844319446,0.026545346995496752,1.2437224171481982,-0.8039311236931916,0.5725328763768891,2.4210801667924406,-1.4416143789390645,-0.9005861402995533,2.0839726627859108
-0.13416561254665102,0.11359308772857044,-0.33226522313096807,1.654183795810096,-1.6135986178152968,1.2370336120335468,-1.4775075418434624,-1.5669488857888414,-1.0869726718857504,-0.12783703500295573
-0.7143186709608309,-0.7736227518725144,-0.927586768604408,-0.9102911333549544,-0.9328426175486353,0.23486142556885753,-0.635905241294184,-2.6651988214625453,-0.03729296189393236,0.7494175986620402
-0.2788148597504966,-1.2607899900733643,0.7450329840616141,-1.3725434769445408,-0.32117622985634586,-0.021859510558769845,1.079157637870048,0.5777349213908208,0.23843483391868106,0.9305955807056163
-1.1580026819719118,1.5799711625847521,-3.065036444779388,1.427769285347148,-0.8412565342354877,0.3801791741474608,1.448463428189413,0.5609445728736981,0.3724186341951547,0.8663276169294148
-1.4799396344973679,-1.329946400821136,0.2713572578613951,-0.19760779519113414,-0.31280989855856595,1.2382000725997186,1.151481009921166,-0.920735120690757,0.44242010821853633,-1.5643211520844769
-1.5883743492470637,-0.892847367890259,-0.05297120953790591,-0.6530579569523248,0.45121481062360363,-0.015332664290642723,1.1140890179781195,0.5456384912625513,-1.0385302190135643,0.9006245687427966
-0.8619538620312484,0.41146975344752623,-0.4922885020505513,1.324080429504549,0.7311852196893425,-0.6926204509853464,-0.38601396898902124,3.2693133224324153,-1.2609518162603692,-0.7199122143485893
-0.6710160966537677,-1.158932564690039,-1.0538536062319845,-0.1086652913527758,0.4765329787377568,-1.5931450123147564,-0.5014398871138236,-0.8039871714962179,-1.1704851022118954,0.9957871608903249
-0.7650145194776818,-1.3698928717685463,0.8801492744643392,1.2512406345887688,0.23765598182268302,-0.9408492867317241,-0.2776633008899532,-0.6550362714596644,-0.04939128976370518,0.7159101036206668
-0.02522771521626861,-0.003527503126433157,-0.51308444558751,0.6648651225990316,0.3682860706160152,-1.838189219791121,-1.781485249600219,-0.3316451932926325,0.9706724340919107,1.1666478607780042
0.7629487786676639,-0.15066764195066162,1.4649019536040142,-0.7224953999246588,-0.341022398644916,-1.420933656543927,-0.3453366286961678,-0.8617211386593013,1.5378708237574001,1.3410005829879865
0.06327967226694804,0.46694564450291604,-0.6042047976973888,-2.5366513064799348,-0.7624645210906408,0.7479627451835381,0.4381569411583113,-0.39207105158693284,0.7395025220591547,-0.47082710503979286
-1.141612055464194,0.7395919365761221,-0.6118216445042789,1.0266120738306292,-1.9976659014366633,-0.5695434839214046,0.597176473861197,0.49386497477491526,-0.22114199020323144,0.2873216830742473
0.14015908963466556,-1.4890366265556476,-0.36362120574888995,0.22739096911327225,0.5062182029575707,-0.06512189638219658,-0.5519607400453862,-1.3344971365719684,0.7527806704486529,0.6428477349322103
0.9872338472520408,,,,0.046448913117793623,2.906662220771007,0.9036461244925397,,-0.25262846870181405,-0.3620816058962684
0.12390818621222781,-1.5239471567936191,0.32370209993700805,-2.1176126796880363,-1.672704998733492,2.0016746044148173,-0.3607609503158849,1.4262457529635038,-0.8101632775482595,-2.1015068455886765
-1.0506803159917528,2.6879996952352054,-1.4106817780853493,1.7764864051539329,0.34521387817138677,0.11983512687698991,-0.7485970793312977,-0.9012127343389882,0.5640945202170824,1.3192757080071469
0.19629081093486817,0.7395686192622518,-0.42558980019052883,2.1730846910208736,0.2385867039998174,2.0332007299834873,-0.9652025410267887,-0.045010699210468644,1.0714954053065244,0.14201418986715508
0.5177368762941952,-0.9777788143579891,-0.4054935120965222,-0.8753226233850107,-0.08552718921014403,-0.18840012086685298,-0.5290409206635025,0.6323463828829528,-1.0651728385942545,-2.1491919423564814
-0.5715721723000533,2.1524031700638235,0.5098980824461267,-0.846241373918018,0.4450354234370191,-0.13414772773399267,0.3876263833942214,0.8807333643922226,0.19351344450974503,0.1205479665699581
1.4865017318473557,,0.194838424366892,,,-1.2455364178654478,,,,0.5659338866039808
-0.8870956967807423,-0.5961946201733479,-1.2818177011327947,-0.24951898845347023,0.9832044133193754,-0.6974263981975087,-0.07466246013469871,0.7024531630461215,1.2081237912677933,-1.6470334273177645
-0.4766868241157327,-0.7382787467151595,-0.8767007058811146,-0.3829604031049221,-1.9474828933043544,-0.3676003122349242,0.035010794782364525,-1.0431340372966333,-0.4817104225300736,0.019557370904344278
0.1198185072389712,-1.6344206832902508,0.7002558376310792,0.7243051189460233,-0.7424376161781805,1.6779481697703225,0.45582976124869834,0.3112730600346041,0.6830645664965893,-1.0329948968028224
-0.3534366070164205,0.6176004080710296,-0.7977847763556867,-0.352441030878302,0.6010222878886509,0.30985038751211214,0.020930430914556715,0.0625730705174499,-0.17488647129624493,0.8527754796043633
2.090063485607466,0.2926718159030017,,-0.4367068916403603,,,-0.9183439478585106,,,
-0.5096525268080135,-0.3239237019459824,-0.0020445298029402982,0.23409460629611503,0.5867088724616502,-0.39914596433258726,-0.20042363883297987,1.354686473920159,-0.2785863459062285,-0.5746130139988964
-0.08553408341221473,0.07814888572558755,-1.5408789264302,-0.44367984740766153,0.41996456324148945,2.0044986975958774,-0.5288855175435343,0.7648792577934114,0.17920620383995978,1.160012292248876
-0.6188503753079173,1.1031871762956056,1.402072438351583,1.4446102830727563,1.4274078295623107,0.19086755792851198,0.5849457897371251,-0.4195780550812235,-2.222930589554694,0.2558746018629494
-0.16099539456919834,0.9630635648821667,0.8619767270398342,-1.0621664774248691,2.339156323686124,0.388134518086016,-1.2841678770909357,-1.144125478703589,-2.1777568145839243,0.7636458311884199
-0.5268661757530396,-0.8403865262962075,-0.6439678781979861,-0.3006110830420182,0.5756566858015654,-1.644462913439678,-1.0698001775916945,0.4650338947735755,-0.5940769874991076,0.582284406056818
-0.4974635836722243,1.5748128175888503,0.20866994121193388,1.2262664102103422,0.5177624855382347,0.5782804456365884,-0.7524202684814725,1.1673815654118753,0.21576055217503265,-0.9537978146861505
-2.1099913619521247,0.13993974776441595,1.5078729615215,-0.9071470029026717,-0.9408070074806241,-0.3162597561480231,1.101237013365653,-1.836787746247678,-0.6501792857401786,-1.0057608348418454
0.5621012341767073,-0.14271538048292182,-0.3465798669282606,-0.18008046080966533,0.7848246689245527,1.1216022738659832,1.0246296352355495,0.575406388524965,1.3839050610274002,-0.931614126649405
0.387680235058893,2.3485884089331903,-1.836738557306588,-0.5342325597818879,-1.0358428368146468,0.28871923141458317,1.4378318328191724,0.5375069988801789,-0.21731755443938225,0.5456788476005354
-0.28971888290484343,0.1943417024595543,0.6186119010106601,1.7528224054668464,0.44943388461525713,0.2176957221868481,2.035401813888289,-1.955966354240797,-0.09201568633165089,-0.7412813500627995
-0.23840901235467146,0.6039747416711229,0.9806628682581127,-0.5204011467070342,0.6691317852457547,-0.8976447340256881,-1.2804874063043086,0.07085711820967254,-0.21853942890016587,1.4905337028916905
2.128450735489074,,,,,0.20730542320443268,-0.26119189275560223,-1.2585104274034966,,
1.759019375539234,-1.8010922147698547,1.2726778052766772,,,,,,,
1.497312881295411,,,0.9356135060366729,0.3638144136678127,-0.4799105192926661,,1.4995499821485025,-1.4790241255055563,
-1.410417641376749,0.48778763611404646,-0.0970458390146562,-1.2495203552532168,-0.8689983711271541,0.044408011472507704,0.28507597999190293,-1.9371702890158777,-0.705425311704304,0.16045294000314858
1.2098241026356091,0.8392606314455178,,0.9990938515495604,-0.31506691273558163,,,0.45765505402073003,,
0.3027166573164864,0.00730421213840408,-0.2891132337399961,-0.6531030853674477,0.0769519972452828,-0.8812741232476241,-1.142471823511304,0.2698002296871253,0.9799958256825317,-0.796195241764586
-0.6222458539532728,-1.6958554621930089,-1.3161751115984406,-1.2783678382905626,0.974266909094585,-1.7363703442227856,0.4591777874092967,-0.2652041802691754,0.605302698229561,1.166184730314604
-0.029939786844499605,1.133732814517092,1.5498546465363168,1.346345755658324,-0.6721871138402955,-1.9694400115269974,-0.12484556560144508,0.17839009215372437,-1.9534022322703648,0.06108426907194852
-2.5727387039699576,1.5458033584783053,0.477420317468995,-0.8179663254888573,0.1266993180382017,0.2501834353664847,0.48291454124959265,0.06939593670442677,0.9449845981276234,-1.2678527574999419
-0.12916863411415752,1.7866589648716575,-0.3517414673131487,0.24138684680758807,-0.9952464226936332,2.1568625326150705,0.2852828033333999,-1.2587134738537713,1.0903670627506024,-1.0732222162147196
0.6837983966563406,1.0299747784529545,2.026678451461039,0.22384331186404682,0.04884554943910911,-2.0269059642662017,-0.4566704309720826,-0.7142618958354358,-0.18075444449793954,-0.5200866749768567
0.7862079482826076,-0.5595621618409949,0.4755319226685277,-0.11552991385410424,-0.622740674325348,-0.7135911135126458,0.23298782830109718,1.3707310413802838,-0.7308383110856798,0.04753877810039993
0.48383849600188417,-0.019813892608741154,-1.7602009025884648,0.47902723126725805,-1.5064057318306443,-1.4925815757037821,-1.3047000727787106,-0.16179577531679373,-0.9636110356751593,-1.4354420884939656
0.37998227879152663,-0.0269552383890103,0.7576576435898108,-0.7295090521167317,-0.06357361321549791,0.8003266954732938,-1.3133607469026072,-0.6615891677306694,0.9927905923040538,0.019560916358555325
-0.15056189398369232,-0.03858908446800459,1.2230234492849463,-0.024070654848069653,0.045563466646875606,-0.01674433991060556,-1.6159300864975343,0.5026143069609111,-0.8211508145594804,-1.2622079307160994
-1.7464550367966574,-1.5387687296286146,-2.2693365649463413,-1.0250704467169234,-0.43464663080845994,1.0612564565659712,0.06072043153789826,0.25349673576710674,1.2793855099636195,-2.85122525667275
0.3916659335520949,0.3149007646231829,0.8236484600013854,-1.7962938014153906,-0.5740137447535384,-0.930984466730604,-1.2878926327996638,2.312647912223,-0.5660535878373897,0.9272317627023849
0.7056966485245443,-1.4402014807861419,-0.5251350685927921,0.06027177510439603,0.3954666261795146,0.33070261140562945,1.7531410578315467,0.9104038856941447,0.6569336033271285,0.9682905593855288
1.3527849569849988,-0.6230192445741248,-1.5795315415060192,,-1.3736341722638832,,0.09981051162335251,,0.6480730878164809,
0.3647458573837812,-1.264958625954475,-0.8775922401166206,-1.909973227242544,0.5680388015681598,1.922152941115204,0.17880382692027288,0.2676948983508678,-0.5315935458511262,-0.21656488477047905
1.2746563205650143,,,,1.1004483704253105,,,-0.38632119319793484,0.4989272291795832,
0.35011064931705377,1.0382907091654416,-1.6861167315323187,-1.8574778356073491,-0.04465956523723049,0.6688450827814667,0.2868822654947228,-1.2109117968652496,0.899709010068879,1.9082902800062505
-0.8686839259718465,-0.7250222556816054,0.025622800078271595,-0.12575646367383778,1.2030781072614116,0.2835902814611377,-0.29159928356380654,-0.5896932553681619,-1.5275757103680785,1.369506169470912
0.6276448324440519,-0.09048470146990369,0.1087370643527242,-0.10766211803197932,-1.765543868575206,-1.4212252729047368,-0.20424696256647928,-0.2211909819457805,-0.012125087859386477,1.6975442196799109
-0.2863392197492296,-0.762756808266069,0.05300892053320412,-1.3968528520294206,0.15556615946025568,-0.7248247307743947,0.22505355125044543,-0.18025076535020612,-0.14149395421502986,0.6265086982421221
0.7343877637028496,2.03313600430576,0.6943080979470269,-0.24497318425319103,-0.6326244011077953,0.3468586519818065,1.461436651931347,0.8562884096832917,-0.7122958364466924,0.4525884524700995
0.22201394148723358,1.0491107479575075,0.3014086389258541,0.26402013454208834,-1.1812575147846185,0.7920579778919794,-1.3905940937948238,0.08959752020998299,-0.5507714320044116,-0.6097653173012048
0.5825939703965826,-0.003222821937367941,-2.39342012414245,-0.1978464313387219,-0.3883244972421018,1.2574315665817517,-1.2424000656771716,1.916927505254441,0.8567199150450955,-0.27802921373578404
-0.41886866224531993,-0.6382700671642547,0.3193649999687971,-0.787855998753074,-0.1173380644519956,-1.0865995766859018,0.7127677568123909,0.16947395917619376,-0.46797479337595516,-0.2417508294396527
-0.6928832812293723,0.31329383663100946,-1.2550624870232872,0.9019534660406359,0.173295898040623,-0.44864716401007226,0.5876933375637926,0.3886164895469925,-1.0456289446982927,1.307371855491252
-2.4965525973865565,1.089541120344523,-0.1631451799454066,0.990548522903354,1.4404195886525595,-0.4274625856165198,-0.3804644581148217,0.3146301827950963,-1.1336417375560106,-0.33167854917067513
-0.41658527442291754,-1.186153725274161,-0.4691458151758188,0.7530460480579981,0.6808736495110637,-0.1772069637044816,0.06237456401483155,-0.3041964257724553,-1.761366089894247,-1.0166981839843838
0.9589898507360113,1.197232135751626,,1.1190879974775234,-1.2006942403390928,-0.5171405799706078,-0.11880646517733959,-0.2731748630200027,,0.12673925662060112
0.7764544361148441,-1.4537543608172472,0.12621912189801615,0.9649156349568496,-0.41273559812997407,-0.5468767618445933,-0.8508222197256994,2.0003541728667056,1.4931943049177405,-0.29488248640005543
1.1802812658184965,-0.5260999557316194,-0.15560906689277462,-1.0599524489014915,,-0.5801777908464929,,,,-0.1226980656392496
-0.9911374090446194,-0.6579431569561883,1.591101814616434,0.6291461228846872,1.4228426424573164,1.7769655671528723,-0.6574667795990415,0.8201760120444612,-0.9021905649513124,1.0333034249469861
0.8278301806934378,-2.1140731428623813,0.4027729672861455,-0.8565712906578228,-0.34040650136520195,-0.6596937042596343,0.9079446586756393,-0.6835045867541201,-1.2790314224186838,-0.8075642091458151
-0.2145203785221554,0.41023725749561735,1.1958676773021402,0.5135997734025776,0.5837929739643006,0.7384899161203657,0.8173470316923309,1.0333895226189052,2.5050843354624535,0.8008664540458547
0.2865084064081306,-0.46521322942402515,0.3099431438318159,1.1538768462061975,-1.2182697858910727,1.258584155872309,-0.42674182644469855,-0.23192715876774142,0.5217869708613839,-0.5267055731659985
0.4588129164212423,-1.1521613881030517,0.8759606360305577,0.19597423950218962,-0.0036740267549675307,0.2746967659073151,-0.020148049558211215,0.4415567260986065,-0.2072676503509133,-0.2908563867571511
-1.7679645040819967,1.3648695574021743,-1.163020824605047,1.615456151897259,-0.24233360355136394,1.2175227240667368,1.0422266080277587,0.9622292268563548,0.04643653079494706,-1.1946536592575285
-0.18202432482975742,-0.3144799429968164,-0.1021682862197029,-1.2276965477676614,-0.2862858825548893,-2.922657931077358,-0.30030531329717153,0.12579744300656043,-0.7819129290164767,-0.2701473036383135
0.1625741761484169,1.0128088889210025,1.0546314487250863,0.3053848147131249,-0.029388329062601946,0.35517471952839424,1.7999522735160576,0.5014834837361636,0.26062717832935495,1.0728879554613753
0.048044006069851285,-0.8533687772461419,0.45916097007367895,0.17034129142602342,-0.21859805472622376,0.5437352593665615,-1.8125505961572794,-0.5406579143610426,-0.8786885399046017,-0.7748526223208015
-0.15398051755042072,-0.9100168616722911,1.6769654094885191,0.4516666567781435,-0.7943709658251785,-1.7404347737364996,-0.5834429205062707,-0.32970961058337234,-0.6349500643138384,2.5424861651906556
-1.654198410464924,0.05103410945607671,-0.12993247420509166,-0.24913151421381724,-1.9393895693164394,-0.042773686197135966,0.1804044912086695,0.709693465476999,0.4832094298021328,1.2182505418742424
-2.046213730345027,-0.23497245373126688,2.504506101035116,1.0600924368101634,-1.453433599680258,0.08813685244332642,-1.0474093688882649,-0.4315375823100415,1.9996600801448337,0.9584943071032754
-1.5199468086639565,-0.7652212717954199,0.0008143695370829403,-0.2643311327181731,0.31322859923799184,-0.7743628280188788,-0.36622262863222266,-0.7860019295920405,-0.36762311911122303,0.7039028983094304
0.2967427658844149,-0.7013021610646626,1.1323003521082389,1.0637358594152597,-0.0011158784839983569,-0.25806627505130936,1.7625392210021793,1.6069191348137035,-1.5149617824764987,1.1942935903000504
1.7237889127638661,,,,1.7106167921082118,,0.5472529140067744,,,
0.1899978862078333,-0.21158676894003003,-1.8403644504070238,1.0038707699415985,-0.7512118636374616,-0.769132301136632,-0.35904944971630043,-0.23022924774561704,-0.121505471454313,0.9637110637295493
1.1688461474306049,,,,-0.8936624144333787,,,2.1272217384925685,0.12791676480758452,-0.5378288234282849
0.705861653053659,-1.2320572471298203,-0.7115605476414917,0.42379127599390604,0.13537865271087132,1.0487593404114277,-2.7295878961335984,0.8181265731067786,-0.5433642555219362,-1.170254975951409
-1.723145208650252,-0.5556729676199322,1.58997862030677,0.9691099560397883,1.6343675337409587,-0.11382779845242562,0.10678464348014137,-1.5792794115453417,-1.5794621278568046,-0.14655043945868892
-1.37618292761446,-0.8572104073771899,0.04326919512769884,1.2723406742986314,0.009843699361473777,-1.3603181295906328,-1.8218022794542652,0.11990874179965882,-0.6290830101731313,0.116155968948783
-0.2041728036663984,-0.07044376627068569,1.2015782151797512,1.0536309871707819,0.36884577882514225,-0.8951910807941491,-0.5512470909311628,0.7632485288750502,1.3013996848767804,-1.273721687951436
1.527527571466191,-0.7797455038253324,,,-1.589706405767488,0.5052041009806529,,0.4472426498117086,-0.6189732120300105,
-0.7538141090290272,0.3470036281990487,1.3492153708552124,0.40553925090020493,1.4727572942158473,-0.49343696600152454,-0.5747842411009989,0.3430773685491466,-0.37500588998044915,1.1225048064569485
-1.4055883794851927,0.8626987504666281,1.2080274859419105,0.3650880656872948,0.9127244849467597,-0.64919161192348,-0.8314153426363822,0.35219984460379505,-0.7222245856725529,0.3005113314046449
0.301598386562171,-0.06740719291966575,0.2822986100206237,0.6346945204478128,-0.10002629809526935,-0.47686733344993304,0.8226603538020507,0.2732748684339075,0.4510757458325127,0.5825789110271173
0.14854961275374415,-0.3441976278988182,-0.6168389887561244,-0.08844943925309046,0.48175201183160193,0.5284109817989334,0.14390287353435932,0.3521915865519622,-1.1046387517481917,-0.4644137984591768
0.6709047159993362,-0.8334493255072754,0.14127761587918655,0.051565912002473714,-0.11386719208629655,0.678793133671633,0.22718874390554003,-1.1974675612996601,0.5161570633552683,-0.5071092788115112
-1.3638805464459793,0.7422553676278082,-1.185840459985119,-0.35468008118831434,0.29350172462520285,-0.07330342074673321,-0.6242844498430523,-0.993722018450618,-0.7600820128014847,-1.077439833337144
-0.12648809974150033,-0.5453672895651077,-1.3787575580383717,-0.28921813414404157,-0.6432187131180491,0.26810635128311977,0.36211360588855457,1.341966594730879,0.6477813046560629,-1.0882497860764817
-2.1730671119192313,-1.5187454100471023,-0.5025324341383537,-1.6079671019769637,-0.6161193915995677,0.03225833730094144,-0.5631775701006253,0.27874726103061975,-0.6085032796299602,-0.7619568957622695
1.7080076916025864,,,,,,,,,
-0.3067398033829831,0.22259909328510732,0.36079302418380826,-0.8436055005602615,-1.6487601380789543,0.46030781354831934,-0.20669887981312235,-0.390749942347438,1.654402345283434,-0.29301120155945365
-0.5169289465942952,-1.8001311674616358,-1.0828010297615929,0.875818974966154,-0.72542492721088,0.6285092483190989,-1.2925022277906948,-0.8691966984659193,-0.8947117931859744,0.47676360963098874
-0.21190903276731543,-1.110634841123554,0.7144830312813538,0.49429852251238227,0.34043143099780476,0.2952434103197053,-0.8539653375067668,1.258579710328769,-0.10103840553686086,0.26800835009046853
0.3829187115832641,-0.944900239189392,1.8963913725982235,-0.02706580158269358,0.033396475577246475,-0.4125180725093667,1.1499726064843088,1.1921709774231364,0.15829352875659108,-1.4658262318637754
-0.1644627600631264,-0.06499036063423828,-0.4516452924035768,-0.9833304868935354,-1.5542383476750927,1.47114273733373,0.7415968445204782,0.03445092595964437,-0.6497729946755465,0.36011021817368594
0.20413053658129834,-0.4011506854158065,0.3896877438258788,0.5123847639553096,0.6873562401958694,-0.8881363839716425,0.4312588972431917,1.177569722514364,0.29636853587216316,2.2082098195383972
-0.18039392803634452,-1.7177223972891296,-0.8488948921075259,-0.6693026893684436,0.5585799283878374,0.8318315678830477,0.1361041248560714,0.2925953088894419,1.915075401783481,-0.8310884250616041
-0.0728737257412087,-0.45242154256083345,-1.1738697733582075,-2.0249228674344666,1.296513224962593,-0.7641994002699395,-0.25039350972957347,0.4305914118852299,-1.1899934837071675,-0.834414251694955
-0.02174539690697221,-0.43828116662751443,-1.275896096463832,0.6071863838634167,-0.4642352671778948,0.1367503122145924,0.05693271707242209,0.9696132381648841,0.35306870812702346,-0.8625975878498828
1.1622060379698909,-0.47328042904528106,-0.8138578127496232,,-2.3435049615579366,,0.3966583048908919,-1.3618677029820991,1.708601168760806,-2.240675519005243
-0.7831942935719857,-1.4875407741048596,0.9180731534227199,0.6524957851397762,-0.2660389717868062,-1.421775793364103,-1.198463349047084,0.2499876438658347,-0.6761393675264991,-0.5620419000006623
-0.07375533372491311,-0.4125763556930373,-1.7496578154291154,-1.330894303361902,-1.306676307748416,-0.7275403657682007,0.09009431651053236,0.04890729324330434,1.1865958898452293,-1.4070263108021823
0.30641559486331216,-0.786606825160681,1.9755192793247025,-0.10590405394101234,-0.5616012213966477,0.27430145559467634,0.19706385786854586,-0.3799449301973591,0.5939342352842044,1.5103809544191833
0.9181716885114134,,1.7766634972671878,,,0.054910919104841034,,,0.3143709567746663,-1.8790109323904858
1.6031214335054436,,-1.841393616578484,,,,,1.8925338022954,-0.2777894350359803,0.540815680511332
-0.48038143236200903,0.9784290754230038,-2.161447728287285,-1.275402300066712,-0.43387241320165576,-0.060212411622975456,0.1634748752155426,1.2743535635616734,-0.6500748246113683,-1.2921505238597586
-0.38754548138377504,-0.6060578777263901,0.5532101976580288,1.5250015903061744,1.4350073566506703,1.0894426764894316,-0.5695525479302068,-0.161741792551571,0.42461101644969873,-0.7706244766818058
-0.6774670736283376,0.37447261177865754,-1.364431893862398,1.0926046453914615,-0.40152346607857137,0.5405536740856597,0.206814555523201,1.254189753243537,-2.1281818203836043,1.2604413587153982
1.238108332917626,0.28122720210712,0.5213083612641695,,,,0.8900166581284256,,,
0.6273497710059502,-1.2719164286859932,-0.7436558731655992,-1.3961374154817554,-1.4068843298169598,0.8309054780950139,-0.5888821495614203,-0.6623719079759113,1.0906184358887092,-0.3434877115249097
0.9637257464805493,,,,,,0.7311226658556804,0.1528567019756137,,
-1.5354275402322224,0.34650386418835066,0.5551819574367003,0.6589081353291437,-0.12285815449953091,-1.6321036808276024,0.20958207816760036,0.40714433084322765,-0.18254462884904873,0.08548670329869529
-1.8879262886554897,0.06623217246755751,-0.10838645318769766,-1.212729017531468,0.5282708367976874,-0.49426670316430377,0.22911860234718873,0.4880408498806075,0.32880092843081626,-1.340783821483962
-0.38410426164437317,2.1294610224685155,1.3955348168614017,0.8345200005176288,0.27432503623454524,-0.9880543572429539,-0.16228597384028148,-0.4224393446981461,-0.08469333052710008,-1.4464812585479707
0.9544982631315936,,,,2.326837705166531,,,,,
-1.1830499815766844,0.5585321650842117,-0.0006572238285573211,-1.0081844909363036,-1.6248394636532817,2.4689165403200932,0.8320434988637799,0.5593834771832472,-0.11497632287168623,0.6899875376634151
-1.05228476038378,0.19939784864701673,0.24299539156590835,-1.0275370692390193,-0.10444517573424358,-0.41276358860534174,-0.7639516957833046,-0.5388509818243915,-1.7068536390794382,1.0628060708701799
1.5623223107814765,,,-0.03201189894606583,-0.010199746948810602,,-0.5577347937927865,0.5328106117694147,,
-0.5081122636230888,-3.40728078653662,0.3282755507692751,0.6369678867409054,0.36458988015649285,0.9428344839975419,-0.44402966791804277,1.8111875249886602,-0.844788907049562,-0.22447451560710555
-0.3232243878398473,0.18629404665487878,-0.2395723598696814,-0.10293443066700635,-0.6784725329933324,-0.4384925130747793,-2.2342754584124753,0.8024339482674788,-1.021982767828764,-0.490657365554219
-1.0597575284867489,0.56968175249805,-0.5433700235133335,-2.443227436802982,0.280752794067253,-0.7472406371899781,-0.02336942607945412,0.8321850811234004,-0.9875535520419713,-0.050879258900799404
-0.7716616344420026,0.9866732298806271,0.07895709331506641,-0.02308899743606456,-1.2409079205783953,0.7501957249704587,0.8770891397057345,-0.7661445097707453,0.15388305344141792,0.5879998446330561
2.2179726316043595,,-0.00040983759580083757,-0.1556548450102381,,0.7672982737067168,-0.8820348965089182,0.9326844076218945,-1.5412484384519622,
0.9448057132312124,0.8061755084736594,,0.39489190496700116,,,,,0.9236851224321617,
0.15895005082797212,0.2874227378023043,0.5723931011289216,0.9485963042229789,-0.953735043148215,0.7017038219442097,-0.18056903785845688,0.6426144529715311,1.4784724670060896,-2.10837819987546
1.2144511374479987,-0.11838218692573764,-0.855458930202359,-0.4375180227923819,,,,,,0.22715541251190988
-2.0361469168245963,-1.3225534487418806,-0.08015154398394361,-0.025675723676067956,0.9398085383225853,-2.9125445005455024,-0.7591708334554881,0.83708378122379,-0.3372220950361273,-0.46731801016675545
-1.6122362088780555,1.0585238590164971,-0.4849680453154377,1.0936964971437428,1.4657560030764933,1.3171317402815121,-0.032417349010861615,-0.4841768455921553,-0.552293598675011,1.9683420446650235
-0.21189947808710588,1.0531618507860876,0.4824002594933927,-0.41153000317079264,-0.2530431603787643,1.183398591112951,0.03126328234657535,-0.4538146945314275,-0.8068722371961865,0.32006773341235756
-0.5164614799069068,0.5938880272331626,2.544149909979666,0.5180938517511788,1.8041040392838716,-0.7148305883230109,0.6839784313921192,1.2556343827470473,1.3798232182194554,1.2792738398710581
0.016582594342199726,0.8899171531065175,-1.0175796471950218,1.6071234162861343,-0.9521526374729042,1.2541381096203554,1.0435511350126956,1.0371969632556683,2.065581917360165,1.052402333153135
-1.3265867435356897,0.5898549914328465,-1.8893558656496818,-0.09112942032994915,-0.4224102188115219,0.6378422573409775,-0.8230095109558814,-0.7929900614708391,0.5011946684137759,1.1747651243325008
0.0026235636472330044,2.3230495023626467,-0.34326927408858127,0.6797360257620172,0.34125228045851613,-0.3427546918385135,1.311393848154054,-0.890323605112762,-2.075837592653073,-0.12612630272562728
-0.25687131478744346,1.0628378078593048,-1.2497527964137338,0.5237061832911382,0.40265113745056563,0.3227992211704717,1.0440781652445514,-0.02345161295910428,0.05218319877619076,0.45027956792517787
-0.10196091376228655,-1.353273937801196,-0.41048215039882685,-0.2589586633981791,-0.5624045894629999,-0.31649595480406284,0.1796038418473832,-0.27393815769433033,0.8539751795498399,0.8695750778311454
-2.378780890763222,-1.4331501771430912,-2.404749776491524,-0.27381409688591096,-0.33600354832646084,0.15097600344668757,0.8425197107222183,-0.04274277184512737,-0.6028875760520219,-0.0043153046244917646
-0.493893345267143,-1.477345546532023,0.9578063423857539,0.4245675845006902,1.4489255889402606,-1.2370338807739187,-1.614767049586983,-0.9359595623326215,0.3988586377203888,0.8589523426921902
0.28627916297576217,0.14361851453214672,0.8545359345990088,-0.4594298518035994,1.0564468270659548,1.9850163829316152,-1.0627506361213819,-0.25405836835938966,-1.3898359083606724,-0.9651813141791711
0.3925430820499557,-1.6856176759523316,-0.7795860472236368,1.053629121272259,0.22344816113103055,0.7679995036574033,-1.2935507224330902,0.0677219561762784,1.8867205652508436,-0.6618981959936565
-0.48801849697758093,0.5816995408619641,-0.8998316015207564,0.7172562773889843,-1.7966500470751459,-2.4256458423093927,0.3144374530624978,-0.9798250266393206,-0.5657484392458432,0.8766286506014698
0.6242222784418968,-1.227310942953791,0.5197273135649371,-0.30021297045085327,0.4170914148586537,-0.020161266736911758,-1.5034634783153227,-0.7131289315364158,-2.412107228181528,0.18517380771283523
0.3968980860981343,-0.7044246772140829,-0.11570930761967456,-0.9740655653337925,1.2563994762972706,-1.2859547314954816,-0.3110329786443251,-1.2982730085396121,0.23482381297693672,1.0382005905451142
-2.0759837529011103,0.6540184389323956,1.6315493835696415,0.12896444937597235,-0.6747531614725396,-0.03807591600259683,-0.5456179206414459,1.964299240185925,0.8349974387265406,0.9004610140517312
2.15504076244809,1.3445437582793982,,,2.359782450958542,-0.7392879038562677,,,-1.81825257619649,
-0.8601320143408816,-0.6251024975193784,0.612266361578475,-0.011893800576683879,1.01100414286239,0.15096571393964317,0.1790574906926576,-0.2913520801241226,1.9469640701422488,-0.42338498351806936
0.9166847154995179,,-0.24345876354425708,,,,,1.6021349342895372,,-0.27524259999591666
-0.7790304296811371,-0.31740379431109944,1.4138880918523413,-0.7000227087534099,-0.6020036780890576,0.5995338598384822,-1.0396995584311048,-0.934970888010425,0.006293601259040452,0.031364652069357984
-0.8092283102900908,0.47317848512089766,0.21881302076233625,-1.9735130545911843,0.7804991759982821,-0.5695734449476385,0.8060587765618895,2.079690249311,-0.06708597543148889,-0.6448603286596378
1.378791713535989,,,-0.4635579107922007,-0.6269257563073906,2.3658897260258316,0.36301930612154976,1.6219658402857056,,-0.09736819625034175
-2.925198568810237,1.0117067906554496,0.385257057975872,-0.11180241915963098,0.5919062239706326,0.03828940831571651,-0.9433931649657151,0.3626386220076251,-0.19069557839494833,0.741055661911255
-0.28027802157208287,-0.4686621252146877,-0.544198122023336,-0.8839873551254054,-0.5225577899834599,0.4319011041081191,-0.7496855505604216,-1.175425702308483,0.7893954840880593,-0.13816209113285263
0.7680109656028834,-0.22028644942669406,-0.5717561403007138,-1.7432263996326904,-1.1299303255324313,-0.8726367009264386,0.28094474643509987,-0.10898874251944564,-1.0255043787566271,-2.780746233630448
0.46260859012572275,0.8773854287435688,0.9646841176525353,-0.9647995257074626,1.0268210142007563,0.5660137280417461,0.5612184178000044,-0.6093863227578304,-0.13273910612400466,1.8315175412204414
1.677349461524367,,0.19169497983561978,-2.1949920720521536,,0.7456299665607294,0.3450712953723599,,,
0.36195236482958265,2.63166768146794,0.811476570536227,-0.9187739286678264,-0.41080167183476823,-0.7098086600947164,0.8577045873396045,1.1535512155576928,1.7162874384536497,-0.332370445951579
0.4680086097043012,1.2804182387486458,1.5498335960071612,-1.2305266130755326,0.6201191329824757,-1.193035665338086,-0.601766847417003,-1.3067904157668777,-0.6209434142263559,-1.4497021678471758
-1.1819504083710326,-0.9045730046119703,0.30309753312736126,0.03389277504914565,-1.64401292515267,2.7413931882547065,-0.4885248146496178,-1.3292633707106833,0.582553987106004,-0.004575404467955981
-0.8126403762562265,0.390614965750771,-0.672414043272799,-0.2956917751476651,1.4656241950179412,0.12354508610942397,0.6141200249799378,-0.5221273740719918,0.15320158606952147,-0.7708138943182281
-0.8150827098741861,-0.41237495142703184,-0.6945079314661396,1.0380382743219712,0.5791371523415473,-2.2923006678233353,1.724182829731777,0.6411326262756685,1.1446044804816273,-0.1709452791945296
-1.4940502402620235,-1.3240497489713654,1.7072481404835576,-1.6272799291631779,-1.4456245482506964,-0.4328293271320238,-1.38477426661504,0.5331400615188037,0.6107965384154812,0.4136882716495793
-0.614154743821681,0.28876066964596253,1.7835722223889625,-1.4339930768028777,1.1166861402017758,0.80798644331373,-0.10526392178539414,0.16637032017560444,0.3567216251081686,-0.9765276064283732
-1.6322871384518696,0.90651991368009,-1.2449108710193915,-1.0931488955369217,-0.5155723813333055,0.28449309536856415,-0.4993560736531553,-0.723978248315589,0.9527613105103858,-0.3332101996305761
-0.7985031653419572,0.3946248677439788,0.05858580858827131,0.028719416220497035,0.443434415083289,-0.13744742421513156,0.844713261726172,-1.42840173842348,1.2412841104939119,-0.91319430656678
-1.6366436944627911,-0.7883157822509862,-0.3495250543078735,-0.7349851741485518,-0.9651627811586947,1.0105744597153437,-0.8706334083729601,-2.257790178819919,-0.3504416608110801,2.0453900365671482
-1.0640378019127186,-0.8996498508328955,-0.4036773712085458,1.544215780050473,-0.3595247327513725,-1.0233312052923542,0.3630747804992206,0.2886495884384836,0.4866504659576566,-1.062317324298516
-0.5644846991398693,1.1256681781974056,0.40901404696999605,0.8086712615258876,-0.05410732526943938,1.0563769139604655,0.2931509211083364,-0.523537647189473,0.7454654544538413,-0.8750599941584762
1.5435504817310723,,-0.29270657294699093,,,,,-0.5387640942600078,,
0.7525417119980153,1.014671255892262,0.11381199836643874,-0.6338434124861047,-0.04408584821510727,-0.6551600081712865,-2.305273241098768,-0.852049402055539,0.5103930989008063,-0.2706617763479033
-0.3085495851392888,1.1068333231220617,-0.9639777679771367,-0.8662130276326259,0.3309396970687232,-0.7118437974869426,-0.7168299045813835,1.5492358338552097,-1.0720421584664008,-0.7324990985575707
0.4388917276241662,-0.048903857106884,-1.3734650855171833,1.784017148998403,-0.7942672960981131,-0.24552900917541126,0.4368231032916142,2.1623634721582663,-0.4097406909660068,-0.9194112972308638
0.4977209150618762,2.0881404853903947,0.13595691387759926,-0.2854697262025915,0.39129879181452126,-2.0753719870355374,-0.6150198176883717,-1.825310223800698,-0.3600070205736342,-0.5129854578932171
-2.6375310856523897,0.17924788333802197,0.6181061491824275,-0.1934087243471634,-1.5284018470242657,1.2652314332221104,1.897156939334272,0.4001900204390528,-0.35414701078190647,-0.3410921851750492
0.43333854804297595,0.09000016099309568,0.43552918115454053,0.4499447034885341,-0.738182714704024,-0.8228644913691234,-0.28038743263263266,0.4675252367171941,-1.559406886692656,-0.2286609642799214
-0.03599013362472946,-0.4867687899486783,1.402718957547593,1.23203188367924,0.4155595572963239,1.7704024045917217,0.8783494748740923,0.13411249191330954,-0.4769314301850181,-0.3952498732361311
0.3805135243533646,-0.371792551406981,-1.5169474251402995,-0.3806867627114516,1.0276036100757069,-2.5740703826595337,1.4030516621223792,0.574056897631656,-0.23441789404081834,0.2876545047974056
0.961105059664983,,0.9486477074206422,,,-1.110712315210411,,,,
-0.6152792850627306,0.6555071438245703,-1.2704203289737819,0.11211433764774739,-0.3398041832951,-0.18041321121966308,0.28428621147332067,1.8234365898931275,0.3984918372062728,1.358271388149668
1.3954759605363918,,,,-1.0906361368524866,,,-1.497243998415787,,
0.12284732376770709,1.0872482965982302,-1.0701724639915422,1.1714756040105232,-0.06369107483294434,-0.48541462453432205,0.17283860713515653,1.4175720071453664,0.051108209260786054,-1.1082616209804854
0.4241415862542253,0.4081416255548026,-0.19027587075235186,1.0215444760351657,-2.2891449840734333,0.3570730777461572,0.7843487866238195,-1.448816590864702,-1.483260585332334,0.9981284289141609
1.1744541255247658,,,,,-1.7072076681445458,,,0.7453106377047315,-0.5715668865499346
1.250437351844711,0.08033801813550065,,0.7466089029153714,0.2776974778625625,-1.1818961800008803,-1.3200015670298078,,,
-0.41680602863479177,0.22188416181577342,-1.3451885901880278,-0.467678662576772,0.612538072856861,0.7463063683441424,-0.3680905455649605,1.6002482818339736,1.0449854145002533,-0.7687644745489716
-1.2758135363988738,0.5945680638941084,-0.45007077841426335,-0.6400397240731458,0.22289068526529146,0.7193817185084529,0.7919252249733381,0.05518377917020491,-2.293909641813536,0.9544204852781218
-0.8060773479120154,0.3083785608986112,-0.12215887142922689,2.244055897103593,2.057895657684633,-0.4594728972740517,-1.34463776740858,-1.2664218350533225,0.2715659240351998,-0.5397487605313493
-1.111124697714487,-0.5236727866292819,0.451190713223203,-0.07826398909607504,-0.48238854423274574,-0.3568830167041988,-0.16193024185874286,0.2226279284341267,0.2812837135068311,-1.6483959886428123
0.16669792697399952,-0.36205438401081574,-1.0137951465180306,-0.37271169978502255,1.1561363413101466,0.8086234860244456,0.09720709943064737,-0.8970981811847177,-1.359628568079155,-0.9418156781476349
0.012209551399191979,0.03328371733681947,-0.6513608535030657,0.8778003129460692,0.38449010656428706,-2.65127840172118,0.10917184912976488,0.7554750854988721,0.202434559192613,0.581507387689821
-0.26347470405574364,-0.06525479175696265,-0.044350590444016146,0.18408067959736604,-0.5791066858680506,1.0924845778635033,1.4227811305844078,-0.5310204299157237,-1.1687039360172153,-1.3452524259974092
0.4049665299512461,0.587836980809054,0.4091709093622783,0.49515702931496464,-0.5683735939268862,-1.990150269994386,-0.4972871592408856,1.6538647797719737,0.26479772205799973,0.42453826870583167
0.9047427785285799,-0.840085439851138,,0.5122042384210769,,,,,,0.17259411185858547
-0.6565473562369273,0.18108540267406342,-0.8421493857166502,0.06097189777221315,1.2272255103975005,-0.02780029952586016,-1.6491511081875612,0.3757271514135572,0.019906862715163787,0.21322683891022784
0.9731964909554085,-0.5250686042619158,,,0.19335905652974966,0.1671378689684229,-0.2597268988755703,,,0.1269509683381323
0.601111112474366,-0.5420562398909117,-1.3735332490014294,-1.695359341858512,0.1553146755654557,1.6940265437974062,-0.609720433403927,0.4513216436823933,-2.4253328085340438,0.3732741314051483
-1.088404519248958,-0.3933224460190142,0.07886753561900425,-1.6607845368257794,3.14564142623903,-0.6053135678550786,0.6070067510281453,1.4926673153060535,0.29319313224375587,-1.2277203315136718
0.1027039062437274,-1.837641244299191,-0.33098869047020507,1.6768932039488016,-1.4111998915141488,-0.8241712407364029,1.853605976497603,-0.17423658473633136,-0.8937010731325713,0.38920629337202906
-0.4687986953378895,-2.715971008936289,-1.360457373543297,2.056991679892026,0.3281472275075472,1.4636872630647566,-1.0291967914936326,-0.05503504005330146,-0.16889631108679026,-0.5472923722492531
0.21023411720780175,-1.1147662614171479,1.2094848154857163,0.46725586649730777,-0.1741035292399436,0.13327766533268132,-0.30235413316224746,-1.7235340919019413,-0.9906765908705302,-0.18007290316640068
-0.35280642076633345,0.6475848379233681,0.5603645801609176,-0.5598442337649643,-0.9569856454104889,0.7548256013980935,0.18929195764100232,-0.6215916553049572,-1.1419698381179093,-0.6758348617693668
0.3919520010158455,1.686806031953513,-0.21191008207132675,-0.8329948999734649,2.1572063989153243,-0.37189140083496364,-0.7941092890854844,-0.40730769818897655,-0.45711381711955534,1.2705511560380573
-1.673732739714028,0.5945123629703348,-0.01095762141012586,-0.5566942490994766,-0.33591819689178637,-0.2506803519982443,0.08807927355205417,-0.4513264035785728,-0.06550841091307659,-0.7773439718922585
2.181923581696874,,0.4885615887898901,-0.4438174189558981,0.8214642482306366,,,,,
0.0806730984014273,-0.2636822457169123,0.09923449075921899,0.04378808853136693,-0.5471301682515666,-0.7412097290864259,0.7932621906477206,1.2053428078524027,2.265833023451146,0.45826162921650265
0.11670900354497149,0.9017842047881088,-0.9080111044646927,0.6425777006278076,1.0387683844773723,1.0242231683798357,1.6672792683318247,-0.5984102000791458,-0.4923430707006257,-0.21515560341821105
-1.1155574954763807,0.5384022270151514,0.6751502718066696,0.5615552961632795,0.1493834845852554,1.0058103863672918,0.5751776865227616,-0.6025143676242354,-2.9499445280498082,-0.3308349893039998
0.03905223321798413,0.0473546986079935,-0.17921645863727426,-0.5368187102245695,-0.8468019619699305,-1.0329654837843012,0.4349571985984544,1.0882871565038081,-1.2512337253003811,-0.0612905316847124
0.7887244364163589,-0.18888589533538172,0.7160064162802143,1.0783473816471452,0.3944004389142464,-0.4956772736367223,1.3150592634308313,-0.26746087216305203,-0.2674320767667588,0.5148879959654585
-0.30147676236021986,-0.22381227038962048,-0.3737372756036043,-0.18066223943877205,0.19696541888147795,-1.9726950892824424,-0.09792108789318207,-1.764959642750889,-0.4065974927124736,0.3381113792631067
-0.3274689910743947,0.7029519173855014,0.34762258400774604,-2.156073935380736,1.1979447980409859,0.24969013221268965,-0.569226001271603,-0.4697992157685653,-2.084656387547494,0.2177960080753799
0.6512039036399468,-0.680009853896914,-0.9049575604110686,0.14052785451258828,1.1946647661117076,1.0908184053504364,0.8289248780245121,2.0201325027533295,0.9243449984427249,1.15666570182918
0.08708223039642776,-0.3466854936712372,1.1346762503343317,-0.9810418418436007,0.42378771215543576,-0.6079228403026804,0.3392524393443374,0.2679015874683299,0.16297848742441068,-0.017717916189516684
0.5325334959817545,0.6928017582719487,-1.3989009767853766,-0.045366796971691895,-0.4180836044670704,0.19412904092657024,-0.4161238503292055,1.2750952399431155,-0.06826418099813568,0.9865468860251876
-0.952168783429437,-0.2807330599839491,-0.6147024175157606,0.3936810458047396,-1.1849792027392545,-1.708831353796136,-0.6256025480721121,0.5611043446604479,-0.8097457915802514,0.26557714374375174
-0.6473188572640002,-1.7528368033629245,0.8519471843816063,0.6493647687328938,-0.039828139584407056,0.04289219125028169,-0.20752939933337816,-1.0325759481235122,1.3060060243934681,-0.10061045862402446
0.36164144414287713,-0.4988219569084565,0.4428741224377611,1.1451604514677702,0.16662418704724893,0.36056462973101516,0.878003072672497,0.7073462863965246,1.0441432222065374,0.3208686901886905
0.32032506276121775,0.23936867553920121,0.8647532423096118,-0.431749661508009,0.5305507703456351,2.2974369107739863,0.3589537585187403,-1.1971567222909982,-0.2901557606241919,0.620791277333935
-0.6705930568271244,-0.9778972556022323,-1.3792661248006926,-0.20828615128878455,1.6117094129331142,-0.5311910340085308,0.87583207283217,-0.2790481322366947,-0.3872725495363106,0.5169525670344051
-1.5337007707287764,1.6693679082082915,0.5373172508618734,1.0514152942434776,-0.257878047688042,0.4963872643319044,0.9328052563460377,-0.09070917830008383,-0.8732034182437295,-0.9431249077374019
-0.42281710814646123,0.2269834108066458,-0.16282724819539415,-0.48941409206653796,0.6780244752552578,-0.4610638609729502,-0.5976021308088011,0.9393794317023285,0.5505597313243774,-1.2250273134643936
-1.3308410633463568,-1.107734661100707,-0.03062553799429245,1.178445636940987,1.4473786001227245,0.7504911298968014,1.9128837143358668,0.20162501670592312,1.1090277735207956,-0.5712053591808328
-1.5561042288947102,-0.30865179485480393,-0.12514245542931582,2.5848673394485315,-0.00043313125828342076,-1.0178092544030373,0.9646480538342892,-0.7595866596587432,0.1435401735334102,0.8772858911092155
-0.9316382186916708,1.5174599085935798,1.1268026995684406,0.3532798441148633,1.7516814314254754,-0.3822486455637723,0.794167224213821,0.2788184652339598,-0.6378448770996514,-0.6077812765513816
2.031070945853824,,,,,-0.36803314959791344,,1.2129058680806746,,0.8177705854237526
-0.08778622559842843,0.48717707370682684,1.5413349538581198,0.46665856844960196,-0.8407233173586931,1.2549468525320382,-0.6794279157288088,-0.029561067042161455,-0.4736735928929464,-2.6089834752135115
0.1752742961211131,2.172774174623061,0.3199854276635004,2.9633019680833694,-0.15321780564853227,0.22144821532981818,-0.10423043474983172,0.060332759337807886,0.36999963118123214,1.5102994426490552
-0.8388490955660998,0.008715336594526606,0.6157424349776088,1.2800819932020115,-2.157781255621874,-1.398372020913712,0.04061615385511236,1.1192961502818304,-0.4806556834091623,0.6689628485443888
1.9778690756597717,0.01034766018761196,-0.22815917519940726,0.47185714290869624,0.18002632284761752,,-0.18086231529477206,,-1.004429817298913,
-1.0397526499463405,-0.8171355944084819,-1.1978576171729969,-0.3261517178047442,0.02592933161546646,-1.099703099396888,-0.26632222538408296,0.16172955378527137,-1.5693205713805987,-0.7594468323434619
1.8046495867789072,,,-0.5075025696386168,,,-1.9017540205651637,-0.44098905858993376,0.44183039207287134,
0.14303072747250853,-0.7773938833102817,0.9202505591163391,-0.7219705139813848,-0.6607185013010676,-0.9802320574202271,-0.42304011723600843,-0.29558131083424155,0.2933173622161358,-1.3529001116634665
-0.46036170866661474,-0.8005858577793072,0.4275679924264065,0.30253806880739154,-1.0295004754976993,0.49224206538150433,-0.05235573698234099,0.793177502212698,-0.6461341690723112,0.5904446401721566
0.8649849993960431,,2.0978408324740685,0.4914771603340631,,2.521849425880484,,1.1516536034972484,0.5163401720549688,
-0.660859633347391,-0.8913061561978538,-1.0531374652828582,2.2232982349767934,0.48738265677754944,-1.3591777478953553,-1.0526148260885075,-2.0251182318174132,1.1910604585807048,0.04528627094349839
0.5091787238928831,0.002432046646482409,0.9478028988400171,-0.39684827238353576,0.2954437996014579,0.2740498194350942,-1.1602973946950947,-0.7230373953924949,-0.30290190628468433,0.3209994115351384
1.3884233521955076,0.11573736700224152,,,-0.1570656603879645,,1.5159086093493546,,,-0.6449562459407798
1.2608422799267303,-0.9113965034158962,,,-0.8659850947498721,,,-1.0919335107980834,,
0.14546877900706517,0.1667690728211997,1.1477246883093162,-1.0863521202725308,-3.0333225395618677,1.7338517487007752,0.6046583040661958,-0.4452743860822934,0.05735822015104426,1.0521359484178776
-0.1292657003672692,0.14488619024439223,2.035336460040027,-1.2435525614248084,0.5172117619525288,-1.2220171080882392,1.5632174735840783,0.2931061198349051,-0.6868274021118236,-1.500572749977828
-0.35019408155804344,0.18562769206918392,1.1584311145055184,-1.0936113516696917,-0.8246209570080489,-0.4970383994931448,-0.7751852816154944,-0.5145532453540471,-0.9451719619580813,0.4171397067800564
-0.4829386974567333,0.010807184868536952,0.30430422873931384,-1.3794055403787957,0.5936263405870146,0.2094536170333622,0.21048588739232127,-0.13330500503882656,-0.2695777979205712,0.05380815208866671
0.09570360208670846,-1.1801796603607182,1.5752994760654753,-0.6957597962861782,0.06670720569016556,1.1652033536277409,-0.3417778769095555,0.23697500488136317,-2.191235193657745,-1.9818045158109496
-0.025584067765498774,0.189467109239046,1.1061262322790206,0.8011576140991274,-1.5920480574430858,1.2682661362855776,-1.1905652334621433,0.8627802673856108,-0.4517123101428008,2.7157979317139467
-0.5903490009132318,-0.074030480226039,0.15830308477954755,-0.2425149330731635,-0.9971681521222151,2.204102260045832,-0.6106644105329312,-0.6464936650191085,-0.10939924426260765,0.1932489092849125
-0.6848613638860898,0.953489115389417,0.15272707538629648,0.0200959305677249,0.5580981012614882,-0.8485991343589062,-0.5850347771296356,-0.02204828195900784,0.9299212335630636,-0.2438802901854504
-0.3171000816595695,-2.1084082508337008,-0.6935166352109403,-1.6505453825578904,-1.4014672280804816,0.36577079710804733,3.318855545990336,0.19423343256304082,0.3327549753731444,-0.7605050672566314
-1.048400014412045,2.0561422710448274,-0.8053702858442999,-1.9998803336814706,0.2455580793698632,-0.4297647306037558,0.5958539122367021,1.5676222372184498,0.3689963436293742,0.22691634936854196
0.6596165123255295,2.7047035014982908,2.278504285156988,-0.3159615230332722,0.9498018568200682,1.7860866198828458,0.6934314800853043,-0.06633060100804636,-0.4978325527867471,0.098623318176485
-1.13982224477118,0.8953341603936169,1.3909237307260784,-0.3969460387982755,-0.4505373313934226,-1.0561305919762447,0.4669402063701969,-0.01087440074526885,-1.443391144509824,2.9149146864972746
-1.7782993312575994,-1.4397905667999746,0.9395212635537968,0.6570995373626132,-0.7143032131705362,-0.778723764870829,0.4578860085840791,0.37812323093647315,-0.703903259618254,0.9938642101293125
0.5718594414999987,1.3364816277147196,-0.04982341019630916,0.8101913638825895,-0.22827277445247768,0.5410806337440687,0.35782125742969234,0.8480968959682771,0.519497052493208,-1.8888465305315143
-0.6265311375675261,0.08317293366437134,0.4663718102246344,0.8248614129154906,0.5486872688677047,-0.7046916427577242,0.9181170063860598,-0.8090442244116479,1.2632556298997812,1.3299708162861252
-0.010101514563261908,-0.6480286957771786,-0.6960471895266999,-1.0939952938696875,-0.9226222825868898,-0.18045556713982516,-0.55942299250844,-1.6099069096704037,-0.48357057259707437,0.09289002318110952
-0.339112181561985,-0.8949170296027587,-2.391189532260785,1.145438481401603,-0.039614616679566166,0.3207003327495327,0.18082057163447277,0.49736851645274455,0.24058433834554538,0.09860957355019571
0.763295723165494,0.9778814678518719,1.3832961172754874,-0.8319141655987736,0.24943107072322354,-1.6053787465269087,-0.48140856888474776,-0.1969799729786815,0.7409086129327338,-0.1177938968212293
0.6728072702353803,-0.3450980793232655,-0.5777039625557666,-0.802148482398209,0.6907243483189625,-0.37839339628969537,-2.4264914222887155,0.635742075699092,-0.9292689325880711,0.19319082544407012
-1.1291115793518132,0.01473168454252736,-2.8704109213313016,-0.03368601118240653,-0.8751688195804783,-1.267735248462339,0.7641812407417456,-0.11867461829232444,-0.24410991151173894,-0.7243064663302564
0.8945687224157738,-0.43473589740204094,,,,,-0.6062675284868323,,,
-0.010596006234642822,-0.24324317369474868,1.6580288461171544,-0.32742251161617997,-0.6244381625691323,-0.40194747813039705,1.0712335995322726,0.187784395637664,0.45845420923055763,0.23599620955605996
-2.192898396222023,-1.0688104694681984,-0.2787681031764756,0.31474732454379134,-0.9843057598309986,-1.0151410640653658,-0.3122985488997688,1.326280986100399,-2.152866574729072,-2.6515511645812126
1.7353455782773228,-1.5303831353329767,,-1.5007602401808562,,-0.13612592764526388,,,,-1.9079714007219015
0.49967931507062285,-0.5196122768536289,-0.7231031824951387,1.1847832643915015,-1.7564419297368812,-0.36631303261169945,0.6307771759473684,-1.1803045462127508,1.2981052223257403,-1.011657467845605
-0.07041690663145542,-0.6933089317057484,-2.740110722188789,-0.4205873755575361,0.7922724066493315,-1.0345374439354875,-0.6282078596160798,-0.5164575231569214,0.5360643326847705,-0.3597477050407579
0.023167734165851554,0.03623487818701224,-0.523429403130929,1.6896228503310262,-1.0252956040128745,0.7029677134044597,1.27580350088607,-0.13830130595387866,0.06084325492492156,0.5303654202061111
-0.37125669795598387,-1.8960948735030612,-0.2493731564619217,1.6458019363699625,0.5688466592695524,0.0771387933465697,0.7562462114118705,-0.14439570033572455,0.02947516000059385,-0.4312227651151132
0.47750564591099015,-0.5361352207664056,-0.3152812516198586,0.878971740046592,-0.19430808077817335,0.5652551377581719,0.6479410407660021,-0.07670670598879285,-0.34951467161576993,-1.319756317369488
-1.0963899284520287,0.6091046462146604,0.5906167056253543,-0.9898557520725189,0.39640881122860083,0.21634442772988388,0.9355119348116503,2.1654907190931563,0.5748261574277337,-0.6907947788627051
0.7433894901198868,-1.0419390189113267,2.2213920567268346,-1.2263898316559032,0.43851762312110737,0.0018696879643846278,-0.4136802637948095,-0.47660372080961294,1.3617962549932183,0.5664508627877602
-0.15235326262597743,1.732199685175923,-0.11868101040030149,0.7348764114848922,-1.3404019229390574,-1.2869778839352741,0.7097521996874183,0.3080601537490004,2.1467335606625646,-0.7053205076562178
0.6757175703486441,-0.24573750585166065,0.8482284818112438,0.7688039772424038,-0.02752536617508916,-0.7405372796313231,-0.3392141058661843,-1.1127827501968877,0.3647876947456845,-2.8088871200475087
-0.5811196603160029,0.9041037649981309,0.8801828880100164,-1.6120947792172087,0.5828991206464234,-1.1411807813476924,-0.37831374853674793,0.7659602131495162,-0.9751402706734739,1.4269325964590969
0.25690999230560124,0.4627083782615041,1.077224771686763,0.8904752907084028,0.803229074310436,-0.6577342003898191,-1.1109275233224478,-0.2822795061162788,0.47440794040620865,-1.2855907059017913
0.5828557842804658,0.3744698141504799,-0.18180777042976015,0.06152306290051249,0.06511054665954766,0.441613136455473,0.7464181042192428,2.871434338464683,0.169079346870965,-0.6441100295820993
-1.9061846209275244,-1.4079631289935364,-0.7573694546611085,0.6894406117758143,-0.39487396979987965,0.4067280809968231,-0.7320504056174498,0.455441390269558,0.8724151452909702,-0.4022076339773935
0.4349806436244827,-0.4404045740072571,-1.2318720308654003,0.5536956940575944,0.41274806295557503,0.5934582842705965,0.955532554809528,-0.2488087519123311,-0.1751484839171833,-0.2848822982662347
0.34528823598537856,-0.138747469203037,0.12591382234300583,-0.7206437866371053,-1.0275951334626687,-0.9087266912781516,0.41659084487799103,-0.04286188162497545,-0.4935377617979124,0.6633377005745282
1.4578282158388005,,-1.083993813001282,0.9451247674213678,0.015429039088336899,,1.0177528504422817,,0.39706145432084056,0.1602651810189277
3.2445003933962475,,0.9368166285096069,-0.2506575237582941,0.4500424961782439,,0.7954026456653244,,,
-0.7966380716987197,-1.882070987604117,0.36580207129675946,-0.6489927022278745,2.1954962382260375,-0.4723210943282198,1.2464016967879086,1.144364813703005,-0.24601154934786912,-0.7367348705734786
-0.13469125449987626,1.1348977797797064,2.285487060294093,-1.2348335700333508,0.014277674636155986,-0.6045220878766814,-0.36171967148138734,1.706863593512147,-0.7695716955531401,-1.607400075874547
0.2020242664210281,0.37957992965695975,-0.42107544960451787,-0.6813587410159364,0.16033918696249552,-1.3499035803460437,0.4217670657503792,-0.3477137977234248,1.3870058328385966,0.31841400275060483
-0.15346990096027865,-0.2296979020517158,-1.9337141396264728,-0.12411159609133722,-0.2032465363783258,0.05141729488593878,-0.1902977627842813,1.4283087877121416,-0.2689286200946944,-0.8439065739990039
-1.66471275572863,-0.44592082508331893,-1.0470366207333,-1.2979223571646905,-0.3117532579396062,1.1382862665391238,0.9350236692961759,-1.2819943588095852,0.03668771359751644,0.4231391234163024
0.584691066986343,1.6036629433138485,-1.1696772924014918,-0.8858246485474413,-0.6626068926833613,0.3663567208964694,-2.7218458907540803,-0.22866605748086805,-1.782393074960576,-0.002327030413696162
2.0700790035354664,0.9010035751722633,-1.226230812064581,,,1.2945717966713015,,-0.4392312630404701,-0.6965553151223695,
1.6585360198029684,,,,-0.09958971640956714,,-0.625344854107897,-0.002182615021257252,-0.4291611855989887,
-1.4014178536709736,0.04025041873519496,-0.5970483364310808,-0.4691264298079711,0.6596641922006923,-0.5057164013083475,-0.10990072395211514,1.6736949201491027,0.3836376392676047,-0.5397579138600339
-1.0971541194316292,-0.13262424983124269,0.7877138608600027,-0.5901048316708418,-0.04330959845205095,-0.6155835503369224,-0.4077355417123434,-1.2773743204323667,0.2103914499381364,0.08368757702738748
1.4140375185154257,,,,,0.12350532766579832,,0.08502749615579794,,
-0.29054154827346984,0.2854678254216802,1.0452634612923455,0.8948080025896524,0.4400204899421841,-1.7947122640425788,-0.5060400987827232,-1.893224490941653,1.0109565748474871,-0.19161144283249043
-0.21834797544726778,-0.7568405540097789,1.192923595571511,0.030590988170252013,-0.18539771965516852,0.05425144490909357,0.13100601435424025,-0.20570229027123507,1.1916111867377246,1.1813380414641423
0.022948397553627643,-0.8486530367234911,0.2560445820911267,-0.6660945358992156,1.3561881142954921,1.500022479071501,0.6498406126316052,-1.2309918492005665,-0.5362242017112054,-0.2705835176522586
-0.910677720096619,-0.37283709671162435,0.16290962760840766,0.45757819997336724,1.2183479706851341,-0.09093962802225372,-0.36925416917501214,-1.357147214608347,0.27839858477611656,-0.5215211756593863
-0.27705316477106084,-0.6340431020985999,-0.6057376549730813,0.6498504110094099,-0.12466581854336742,1.4943355237774956,-1.1856484776060425,1.182919337031571,-0.5605942425694395,-0.12270973751668784
0.42701712990884144,0.9591704756176404,0.9985790289245269,0.9791718610920901,-0.2751249662513794,1.7457449943905037,0.5480510330206155,-3.009512960795204,-0.007527235290827454,-0.4215965093348092
-0.35362847042397727,0.5962850136219087,0.2667683437943147,-0.7163385918014362,1.4630249202523802,-1.3251012029505702,-1.39264255567544,-1.126069344308715,0.40429002749393395,0.3273924101969528
-0.8523394183230028,-0.6351841952792238,-0.044091717398431256,-1.1084970160482928,0.7586476852605528,1.526277206256855,-0.21751704459127094,0.3067494140255743,0.06860814492770533,1.327622130489318
1.9010770901963154,,,0.8184587783647519,0.30523520087895,,-1.8487424314896714,-0.6369245397559422,0.28824179139672174,-0.43368314976718647
-1.0943573158523772,-0.619880459563903,1.7911922388251362,-1.1681117501835314,-0.3543296049764843,-0.5556873537598468,1.9166499329276314,-1.5120129895166696,-0.8247895094225505,0.02526933947789459
0.12963512280407102,1.083300579531902,0.9799976658104794,-0.7422130859668566,0.27527930095016,-0.21127336898052765,-0.4958784650889695,0.9780242739089143,0.21629812948757374,1.5564207762393805
0.43790544067145604,0.8891655000955601,-2.7522007606788486,0.05247964224343963,0.3959534643449278,0.4882893171373982,1.5106294367442774,0.5839771377259994,-1.2462983964992498,0.5053363785571431
0.8042607446247375,-0.6426636816663966,-0.443923405017491,0.7553327688316059,-0.027608825376169942,1.0641280655928622,0.15660445176083368,-2.2109021393063006,0.030394845241169907,-0.4250292717343654
0.5891519523954601,0.3969716533350172,-0.9685454806477485,0.17249748964769637,0.5102522103858791,0.4183966871035575,0.9514532913721923,-1.0479152926319053,-0.18162461905224625,-2.2534651294691437
1.1545311987937508,0.09659000211372919,,,0.48024504010948665,,-0.2911831026016498,,0.39786134078876184,
-0.7080082617548857,0.4354964211128919,1.2338511224046005,1.3590729266772663,-1.2246691908505225,0.9994144331242584,1.0331558544203134,0.4127319671015408,-2.0198403085067786,-0.5371295589778669
0.10831308516931025,-0.23592670218785816,-2.168597524939047,-0.2612844050682531,-0.9306664059482218,0.5908302218120475,0.47992962721144894,0.523080437815764,-0.3693746213892167,0.020282782072862732
-0.08390995156119124,0.9136311877605825,-0.5333277243216311,-0.7571936240971148,0.9615321616776126,0.8208635950006038,0.46593369612477437,1.5793478846754518,2.0884086766669894,1.2306511520047299
-0.7473424938670077,0.8310968054160647,0.1102335594457942,-0.5623023512956606,-0.741125694534429,0.2692731813348139,0.8168428022151512,1.3793225231066775,0.6741140972107382,0.5739311926672516
-0.20586736059185198,0.21652480091887621,-1.4948924572349152,0.5652507464429132,0.43171664924262254,1.9142200203559603,-0.039699117955623316,1.1912721200746774,-0.4743764138742344,1.697032870407157
1.449482897314093,,,,,,0.46764289942410014,-0.24836864351646887,0.3826797165966518,
-1.073751306605258,1.0612798905947742,0.09609206182877394,0.8622019481622997,-1.1653823557033236,-0.7639143363929289,-0.39236279680946845,0.24290620262183985,-0.10357002220792093,1.3643497957551483
1.0346187660889905,,2.9462658035279197,-0.08482170309429836,1.2912232813096387,,,0.9498907133767323,-1.5042821189962903,
-0.7813046234584502,-0.34910079568934893,-0.6051710847183015,-0.5672269565535791,-0.5201142271395998,-1.1939828629251221,0.7612377370860438,0.11524879370683482,-0.1382934056735838,1.0160883697046112
1.7664261386001554,-1.5600475378099126,1.6235571590785605,,,0.41270693086215665,,,,0.3568022215171708
-0.4352153741275942,-1.0284313659884006,0.7417612028623165,-0.5249590905561802,0.4023871072582797,1.4858530391812628,-0.15979282958662647,0.7000808154235166,-0.030594017205318357,-0.3646514925314062
-1.562349390414828,-0.039398541898290416,-0.16423135814927448,-0.8707989884113733,-2.035087077651893,-1.6701609846830308,1.785246308566795,0.03781014259769507,-1.4362133509996866,-0.6021186517059951
0.010137692098982593,0.4488451441442259,-0.23322508130304043,2.0212134152921175,2.068359218343567,0.38298248856267403,-0.3662425593666166,0.38259142012172803,-1.3289041453618677,0.9994770938339768
0.1717244633761049,-1.2070205010915604,-0.5842630580975755,0.5734568073441602,-1.6651938088654936,-0.8935129868178928,-0.4658664077065305,0.9752169178186813,1.7143640140520087,0.37873330028550345
-3.1601878456780823,-1.1167689490934174,3.4956454377015693,0.15741182606162116,-2.606401041515778,2.372771474118424,-1.3360066159147244,0.5734790969904561,-1.1462955195630582,2.2021766411514543
-1.4168935763108157,-0.5853070988092668,1.0489947624821414,-0.5531252668450157,0.48634947763650827,0.8306967706240187,0.17712153407743442,-1.1110869362350813,-0.7870111124447783,-0.38342692498267206
0.5873597678972885,0.8116963858835149,0.20511312762916345,0.7021640474422888,-1.591638735499434,0.29770368196405494,-0.06488669297781322,0.49522494700488445,0.7522719302442342,-1.0510979350642171
-0.10999871545460964,1.334477047042099,0.30395634223929235,-0.10025093957074485,-1.2178639953460626,0.5428303531628983,-1.3902609188655621,-0.17840051439503746,-0.4912228446309006,0.39343263900682285
-0.5986912910368712,-0.32845660054312587,-0.9107091668901725,-0.24843495572292498,0.21473284995983447,-0.3473858630298595,-0.3135192050727077,0.16453058171926302,1.0010980591693706,0.7446107634451882
-1.2937813002753336,0.7673907594842019,1.3678524163565393,0.7056911028056553,-2.4135090727426487,0.26475498975573863,1.383483095637823,-0.4486174009359387,2.900146678911977,-2.1802639302952045
0.14614782589167083,0.723387633282862,0.17208444396776734,0.15399818976823176,-1.0401325809756041,-0.5753183893296775,0.5736642038046607,-2.113737658378999,0.9053165195172485,-0.11404631383304532
0.5522746459740985,0.8463853071208362,3.7302572998651278,1.398713215015208,-1.2017409926862965,2.1617148551275616,-2.7133313764475635,-0.4437399457370502,0.1736032245882926,-0.3240016562522001
0.2817578400123884,-0.16875107617524235,1.2847513150026562,-0.4822459147517415,-0.11563971925702814,1.7715005114781164,0.9681260821220823,-0.1698837798577309,0.4723163508806683,1.8726538621412572
-1.3845710724929696,-1.08747759312749,-0.5746054693542183,0.21719184774606892,0.9683843074534482,-0.7648690585937136,-0.9416412097997027,-1.3116469990467408,-0.9422625207700746,-0.6557502832797037
-2.1634550489128284,-0.561324445314256,-1.0495134836488964,-0.1638952615057596,1.698063503383289,-1.5934505287433216,1.0139366742429397,1.6676916211179889,0.964870395367575,0.3424025913247134
1.3139802974480508,0.6328987520264548,,0.11867436619504051,,,,,0.02258074091693957,
-1.469026596732074,-0.8482705659159722,0.3045219143626509,-0.09388484479330475,0.016716846322655216,0.0265154518309578,-0.11621283172292902,-0.7657212445075287,0.43492517671356223,0.32851721210006024
-0.8802557785367795,0.41473596207046853,-0.6234386931106066,0.6530890081010402,-0.04316995243895821,0.39419940344211785,0.17602029866761285,-0.056322346590655235,0.32706571904320275,0.8421173158052832
0.12049851341005871,0.10426399463655577,-0.3538749362958613,-1.818685152923131,0.03374799669726227,-1.2663284462866384,-0.5659481359668764,-0.8660172043704706,-0.7175711853433931,-0.6551825078887691
0.4855330307440651,0.3327467252567571,0.11095598554332578,1.2094510113287822,3.0584894622994114,0.5074473568635575,0.9080624793837772,0.2803359700780972,0.6479376748100132,-1.6243460641680314
-2.704604076339722,-2.1140195750388253,-0.6245887594638151,1.3668670517166295,0.2553589075779069,-0.39065958053245703,0.5694411298568934,0.35311812952250415,-1.355153931133576,0.4688919671564955
0.8323297698417305,2.100812830734582,-0.07954057179592104,1.6937690933116993,-0.4047916192398185,2.326462759411539,-0.5949910547083358,0.6426574167512876,0.28663479440780687,1.4897814129419864
1.3548136359879093,,,2.1263302836199,,,,-0.24589726548587215,,0.925992600157995
0.7376036958116322,1.2236064777811704,-1.0852787888356292,0.548668971399354,0.02018394030549906,-2.4446873129983544,0.4631955583936358,1.2920094917366078,1.5707443467947908,-0.03534837687178882
0.8295532685789356,0.5453737972621792,-0.7601350359593335,-0.8966637031640252,-0.04787381633071384,-0.23575964327084287,0.08821264607421303,-0.4177346885456176,0.21246477983309575,-1.066392841761924
1.5235303301719814,-1.8199096833963961,,-0.20359081436448634,,-0.8439596943990083,,0.24035044653631296,,
-1.6499746578756975,1.7165763741310407,-0.0798519708579707,-3.0416643868799413,0.18877898583921862,-0.47192001965018215,-1.1332162978617768,1.2320247697791753,0.9297146095911587,0.3417686830588942
0.07701395119289928,0.5048524924741954,-1.5779197865560617,0.1916841410618354,1.2375924473936775,1.0400636400986623,-1.0505903497375442,0.1855602829946325,-1.1227932898748219,0.15705200951933665
-0.7521922937647522,-0.8700080081705638,0.3581124690113472,-0.7257541792545885,-0.7946842115381062,0.3516369434745213,-1.4814974920078092,-0.3220114032646439,-1.5370386730786259,-1.355021864038198
1.1707057151411837,-0.4163520454894816,,0.8509437524805515,,,,-0.5516234564923309,,
0.3238471209201353,0.9646348037484562,-1.4695268192570634,-0.890122985179981,-0.48527737584860314,-0.9701585181153071,0.22980368406367546,0.21735490768410898,0.05860783928509837,-0.4026924807986779
1.3477665806345376,0.21661876247901163,-0.15021182681756057,0.06654335625831007,0.7443317399250103,,-0.8641955160862201,1.7628409235538514,,
-1.8158765190785355,0.6888121500815183,1.2925691958432581,0.451996161765598,0.61268339873304,0.6378682130312241,0.004756562814498546,-1.6814789407296111,-0.6988798535895642,0.7945687772254154
0.5860506513819459,-0.195631950175388,-0.5481481389322148,0.1738612123177549,-0.3431300698916636,-0.07952639934485431,0.13223492997529104,-0.7772074249745697,0.8000544722921743,-0.16469815381667233
0.4875808865040644,0.06347759678847358,1.5422668464210092,0.5429091004365368,0.4075951198933437,0.3712831663809742,2.083979536329032,-0.044132381977403316,0.1639080241154436,0.10480118210695501
-1.9659893369097599,0.0930134658092085,1.01627404246139,0.5147815808043595,1.51106695218004,0.7855619316220314,0.5020384178042634,0.8888428201820843,0.364759093886982,-0.28062815793143614
-0.12852682427434653,-2.3830378035144473,1.5950654163191325,-0.19827809176906958,-1.0434559743701857,-0.36632015706428284,1.7571512515188357,0.07184526772603335,0.256961846478325,2.0861931377006897
0.8354321558816553,-0.28818095916818615,-1.6998339683195465,0.639015832863665,-0.6782263623010214,0.6599160153368638,-0.04821227774528038,0.4087678991036313,0.8958511265725563,-1.729257511721042
0.12872387175124458,-0.018189023576365267,0.2879255927620843,0.5043916778164922,0.15200067141866827,-0.6478523250314994,-1.1294035148152455,-1.5877056450008706,0.11967373440267781,0.5267137590426877
-0.34201570842484574,0.8307409110210114,-0.11447588076645873,-0.08563043839590243,-1.4382279009878287,-0.4433665349035819,0.9206782520709578,1.3975493299904649,-0.1903049703885619,0.8671350812178503
1.4144346308362223,,,0.1903321008237475,,-0.8351185427566729,0.31570843476104254,,0.42497181263615075,
1.477296274352077,,-0.99025961177299,,,0.6048266994521769,,,-3.9067876095644034,
-0.3054692267868688,-0.2902814794066669,0.41107723532552326,0.6016352409340214,2.2590256866741276,-0.7698186198420467,-1.9511749162167007,-0.9289000120512602,1.676734999805928,0.012887223807694945
1.012375176178918,,,,,0.01086859763400715,,,1.9870947399892784,-0.15382553100283777
0.24251324415583403,-0.015600232933590813,-0.6950983359855111,0.4096633775978062,-0.2757097607394564,1.6631884934825345,-0.7894400419415184,-0.33981727887126373,-1.2437505913635314,0.33837600649481014
-1.3275198082136146,-0.008109443623311143,-1.1689491024212353,-0.9836199837920455,-0.7649289985396395,0.7295003537330356,-0.09456186458474473,-0.12275686861746661,0.5624335829327516,-0.6600782601080311
-1.965744192948182,-1.0989221331269972,-0.28592357958893344,-0.04895202357035742,0.5587483847851581,-0.14523911041812523,1.0169225727193927,0.3615272481888916,-1.408119083661882,-2.547290168501925
-1.0074119096142902,0.13783785819129454,0.3710457998299951,-0.10544445411240344,0.1202328393555721,1.3205546607635452,0.014017732428547952,0.3498687796083437,1.596503700327345,-1.8113356080982281
1.7096861665376126,-2.559131706881443,,,,,,,,0.17355377640648723
1.1184167160695602,,-0.3249307001232422,,,-1.2254853153931986,,,-0.18744850309954833,
0.07097903675068935,-0.7269774303687718,0.5681989204350799,-0.22247147961212854,-0.12758500612105445,0.05218840958595302,-0.6114553672785532,-0.5665548956772501,-0.5661183778560063,-0.12516901887255014
-0.5569528509295522,0.45045975501870633,-1.769747296179603,-1.499146142450943,1.8885812039141934,-0.434143153006862,-1.014699753773329,-0.025495847389755476,0.7670980799468328,0.641020404680168
-0.7481988146975717,-0.512671535052886,-0.33373487728474494,0.3113803740373505,0.04547861746354466,-0.9170113529791248,-0.5095174610461023,-0.26530130304230576,1.482044551846788,-0.177360566077033
3.3087087341385515,-0.2692169050072579,-1.6831460341678401,,1.0471988833862227,,0.19668282778712573,,,
0.8590524304135656,,,,,,,,-1.8711403876211452,
0.7011270681207006,-0.6984242699122661,0.07375187415003698,0.2074279831459249,0.25617377570237615,-1.0557373534602095,1.0228567978630347,-0.524451413785872,0.5898623133823995,-0.20717663459885813
1.920854663412329,,2.131603948112456,1.6527941266485846,,-0.5339451269108927,-1.1354255159219164,,0.0243459455067748,
-0.829080808039791,0.36098987442724123,-0.381875302857869,-0.48253085090885367,0.163887941063233,-0.07787018956165025,-1.4261800452431217,-0.7877122056205963,0.5326095327360209,-0.04773054020265671
-1.942545627046904,0.6988011884631257,-0.04943954756534448,-1.0617346208466132,-0.6689215452588284,0.16522476224802277,-2.2086263726204503,0.4205216958575982,0.98673792480649,0.8905696590974445
1.1542462516328456,,,0.27231203066885445,,,,,1.1971737097553523,-0.6905760892108015
0.34067198869308557,0.329959226297421,0.25130493612403504,-0.30484296405853195,1.7546826954659678,-0.6231143950882339,1.666386157761053,-1.4248061217846757,-0.3814194075534374,0.7645715658839513
-1.052831624001815,-0.7349997693721922,0.534960302871282,-1.7283827821721895,1.1047839540095132,1.4785618022151295,1.5214785708467178,0.32553041721518367,-0.42779485694285885,-0.36243150565621757
0.2873552138324717,0.12958475430373484,-0.3802207210848386,1.583954377372958,-0.24618355068739578,1.437282999369575,0.09992437598006058,0.03789804807820669,0.5180444221843263,0.5050609444434088
-0.1445585345841188,0.5646844501257602,0.6875552398663924,1.6532353442013972,0.07132009182820834,-0.7808352474929683,-0.6776309590610009,2.36792171543864,-1.879772771688713,-1.189927800920442
0.025965953461419826,-0.6151350517582599,0.818860289601416,0.7314111756593584,-0.5346509496106533,1.5037423676053145,-1.1033291665084741,-0.7372510153003439,1.5724514175082442,-1.3054205841479083
0.34687331897704593,1.5682476069091233,-2.599246180239687,-0.33768656537637476,0.9475721135628542,-0.270049048876233,0.059306736757161645,0.18802971563728907,0.312736312281794,-0.8058704657809892
0.7662391721827613,0.25500349262622013,-1.1460834888551914,-0.4656537949201528,-1.413153535642155,0.21384276689022397,0.4906516031963012,0.21215170374453926,0.5498275330730216,0.1334754432773725
0.7621146257900367,-0.12790448671761193,0.701803906623625,-1.2858735702586086,-1.3972530958253697,0.08661484338524705,0.6844626076719375,-0.27676791654475125,0.6381110050209989,0.3098771266817697
-2.048842674148222,2.3233749775217807,-1.2586765060998983,-0.9447319130529653,1.1495680345511883,0.019746482380467504,-0.7678073782625929,-0.4696053846112489,-0.8804473841406705,-0.8002974511437569
0.7893006167743093,-0.49812280110678026,-1.0684388065169708,-0.7600101123432496,-0.15534477013300374,-0.7490860739575425,-0.3079877758311949,0.3481191951681248,-0.4808185808341719,-0.8597221156396521
-0.6968089714907754,1.3921360872278457,2.174943265355438,0.046113150466653416,0.7248964809178194,-0.9398996484170947,-0.5901610396314754,0.44994996256409,-2.3636359292907363,0.7726229729289201
-0.5645762567006182,-1.0778765871417968,0.3881728136515335,1.442437129361527,-0.31301551283152373,0.29213898343268857,0.4536817981586998,0.2400035737208693,-0.9966948704126989,0.22352062790311145
0.18416438236400728,-2.7296972189382664,0.857572906824664,-1.5036571013986362,0.12824420671898773,1.5177590346918741,-0.2438199593241112,-1.0461127693073904,0.5591491486936006,1.401896564342216
-1.1086055968926338,-2.35961585485195,1.1826726615275138,0.8541834728856925,0.38488701913905843,-1.7998207346565798,0.5976761021673466,1.0335549874979024,2.156396481308848,-0.2814497229781376
0.1590501530933925,-2.152667523568198,0.9683544240117145,0.9442046098471116,0.4038470129109865,1.1876264453118504,-0.7817763411611117,-0.21813886527725998,-0.17908100618231734,1.099209880648887
1.121651008243241,0.3177047432210645,,0.5509257607665183,-0.33649975752636774,,,,-0.5962764293124061,
-0.09959763684744097,2.0665645105043584,-0.12645554561684866,0.9373673167954857,-0.6304944572184992,-0.3072388527465428,-0.042048184105551153,0.35137952788775006,-0.7465048591175034,-0.5707976825823516
0.08928075910818682,0.3986974440914,-0.03630177128161446,-0.17942085906182284,-1.3273749087409978,0.500391029644267,0.8428631794839142,0.9611947630129831,0.15013353237561464,-0.6033340822270687
-0.32178704629227034,0.15429138519618607,-0.018759348192808827,-0.8451778953456232,-1.6823463237042684,-0.5556084098640375,-0.2768962368961542,0.30915180979905793,-0.4096835109310985,-0.2515000555860833
0.11161605047328098,1.5666642277805407,-0.1663684661768776,-1.5486754291019094,-0.6845199161816258,1.8079917994123835,1.4341268962628515,0.9396022568631478,0.7015240259258584,0.7129616264822719
-0.238968558163235,0.8672969331972605,0.9062122224703094,0.844466240479286,-0.5986301810464458,-0.32471100776891026,-0.6417626015144684,0.9969384404722939,0.3031316215089708,0.39214021747271566
0.5755622110058808,-1.4120257537208445,0.881859478923464,-0.5408758207214132,-0.4499621118818066,-0.8357201681453265,0.08000630215066655,-0.06682402264653682,-1.3910592451092578,-1.789108227145732
-0.20250778063841696,0.8139610026188228,0.7174633117009312,1.0006306474812083,-0.1977656487910549,-0.35368801081763135,-0.11105563978300775,0.8044813938960694,1.6125982992496608,-0.46036070215464225
-0.265807077229293,0.03090808549242647,-0.26525661036240694,-0.5806910697879913,-0.12565641263904473,-0.7906674345878786,0.7255701554179826,1.4738503234055702,-0.28395082491061685,1.6630692947849017
-0.10793463035702167,-0.6974249968557983,0.6863401583466751,-0.9242027365454579,0.6239458731833002,0.2539217959151191,-0.4036735445387408,-0.5093988922094178,-0.8727747387458679,1.0315940283153995
-0.2227270582370542,0.3112187967462574,-0.011004153374648355,-0.2121080474276569,0.3263891061913936,0.5119993812925773,0.1385114047538876,-0.18889468952109012,-1.086658896294339,-0.6035194961549537
-0.30608555191089565,0.01605021485026627,-1.739094194380256,0.6194648868435468,0.32108782044338985,-0.5819460266398686,-0.9162802425133771,-0.6866372816952921,-1.323683170557691,-0.3393278900182051
-0.1794930824183479,0.9184647232487061,0.47429585252622786,1.2471213851169212,0.11221800060757951,-0.9111133632502064,1.7406959686371384,-0.3185507341510817,-1.5456116709757477,0.2202853915664969
-1.589853094705079,-0.0846325586802107,-0.4752976510696586,0.5236902905031205,0.9535363045416235,-0.32476863027233815,-0.39614279264437063,0.7581475352676534,-0.7667687412356051,0.06446861722743959
0.5414922457980256,-0.7905975244587431,-0.30064359712579236,0.10090452109715053,1.3307285002334521,-1.2094739898134685,-0.14919281346589744,1.3537456392488656,0.9713485939375328,-0.27556959114135615
-0.07131653561335331,0.45942828780969486,0.48012791715007025,1.378140792785401,1.1314593499630727,-1.3822904769476865,-1.5950502742376182,-0.5436728952292709,-1.8525083289384088,1.3124376290528812
-1.495892066537684,-0.29917289002952113,-0.8711745580583602,-1.587088798124451,1.180754308377488,-0.5767351022968878,1.907047717649508,1.4054045878712556,-0.0031684704843579783,-2.0952172641975677
-0.34020058419476945,2.285899976414174,0.42819537041788575,-0.16730397633214356,-0.6114552420220555,0.8871930607273474,0.3697049983086837,0.2838926252591013,1.1361056670301102,1.0823916802557525
0.43723964559235123,-1.586867167417441,-0.9823023079278116,-0.6165846876836756,-0.03726965100557309,1.4990093275886098,2.0526054076397577,0.39167664344968606,0.5502030302193905,-1.5112152056011283
-0.42277783709208544,-0.5531343781846225,-0.6366498799887439,0.5797164814095424,-0.4509632130065545,-1.8951390649316227,0.8425966673639188,1.2034935720944044,0.28826928405256136,-0.16821516580672197
-0.8993882695660569,-0.8372995204580426,1.0709624027459634,-0.7483757085371804,2.0126538494883097,0.9496158803677833,0.3396519551280977,2.7145541882013666,1.2757299869202878,-0.43042570220365683
-1.0236480208000573,-0.423992933913417,-0.10269413758607655,-0.7583368075312543,-1.1244521556236866,0.23543116620945576,0.8882098205477346,1.8577003460319341,0.07669485509288454,0.6025008406374331
-1.8511809835319293,0.8586228472554598,-1.0088393902943351,0.30480357503454314,-0.04312612232345735,-0.24186445092924155,-1.483723056859064,-0.7570045654878808,-0.9545294819639374,-0.5940893786718875
1.182435071934734,,-0.6729054237331393,0.6495559779425526,0.32658214328145857,,1.011124965019643,,,
1.6594921602800565,-0.19848535876689266,1.0963786428033062,-0.3546209279856182,0.29043108657810657,,,,,
0.8145132355821455,-2.7356188584402212,-0.8098810782739784,-1.6607308391542195,1.1991764716364968,-0.4335572542651655,0.07890497812193847,0.30420907075900344,0.8085866706043422,0.6953239971001797
0.8012431895710226,-0.2655013098526906,0.8531136147220719,-0.6554072040606584,-0.4019960082772369,-1.5367772157488022,1.6763873868855674,-0.9936459939015374,1.4108209567056331,0.537301703252858
0.19927103442093758,0.36699651709017284,-1.0652526044787896,1.6055587610744624,-0.3616936007084568,1.0129031123688,-0.5432630452464607,-1.4313984282914962,1.9834174359506658,-0.6034722412287774
0.4618404553070526,-3.0277716947052697,-0.07092630413176004,0.6040589885347704,0.14251862720005576,-0.09801218513560729,-0.21103731827050376,0.8705718735909425,-1.2936679181047734,-0.23672400764039245
1.434690322203079,,-0.10648997062440217,,,0.03303493592359093,-0.9439899278307515,,0.06574950888133992,-0.609267116069022
-0.41656955638831716,-0.6480316042799962,-2.2804821152423753,0.9269161203575224,1.194836149400697,-1.7502156127889075,1.20804085145785,0.40148333155207333,-1.1021595297427174,-0.20922215488914575
-0.7055823689521401,0.9233229780941291,-0.9175849849668282,2.122921851769146,1.158549021421981,-1.2249469389193919,1.6384275823729268,0.7298401056367484,-0.15062341865919976,0.675738730316507
0.924654000830791,,,,,-0.136415356043664,,0.6302184250424917,-0.37870613919773843,
0.4088605201626286,1.4692662471634144,-0.43578509366304946,-0.848113025324117,1.645802489055523,0.0031830194546066636,-0.5451459786355045,0.3623063841117514,-0.3436228138358273,-0.26775908676521887
2.5736731148352257,,-1.4380666448409165,1.2255321209365808,-0.3792022091651815,0.319098240036938,,-1.7498201872387298,,-0.5613636163662619
1.898867367873289,,,,,,-0.3140480644750329,1.519644886164501,0.1794231707664025,
-0.14352193461146714,0.4721087115348243,0.5371672437370313,-0.5967908451763992,1.7724731291386195,-0.20370358188847748,1.0299954855499358,-1.261764870279438,0.684006849452033,1.0648696119096495
0.26589796929084575,1.0758981091174606,-0.7072801615477873,0.47252610645035154,-1.5207313358925463,0.14856401636092711,-0.792900478711353,-0.06875982682960331,1.3792414049681627,1.7378352925576575
-1.282397745912756,1.2452742424817556,1.399122519362083,0.3246534695688573,1.3579502847092044,-0.4149774036625981,-0.5139129080045233,-0.5095897214057037,0.7139458501836136,-0.09725614504144647
-0.7158180058134892,-0.6678988756030151,0.0012137785127158557,-0.8491987547661296,0.6683691988016075,1.195086517898015,0.973848027928725,2.9111017727669393,0.41082902698931667,1.6952254243597469
0.18380527207591565,-0.2784216868110171,0.11912547439533051,0.1663760099119975,-0.12361449181231317,-1.0825158607693193,-0.979435122439415,1.1331802982849402,0.8341297218456774,1.778744210761901
-0.39276204023191363,-0.4860394464174578,-1.149186484760195,1.0559475806987009,-0.8921296694243065,-0.030853495326057852,0.31322339273398947,-1.5634722382965311,0.7769382201244142,1.0100631773167834
0.27678475760595816,-0.0867998008621701,-0.03227479930744325,1.4002116388504822,0.05333272233347644,-0.02017986623155356,-0.686637122309759,-2.7991151585322323,1.0963048126707897,-0.0028909580351163837
-0.875376977079386,2.110303173569065,0.439408965321041,-0.2060129665523473,1.0181915416582907,0.36794447171963574,0.34851871207189083,-0.6086747414348623,0.6963319901258938,0.9402813402982928
-0.6032632179856086,-1.8948926442059668,0.9500569491607053,0.6284580498504534,0.842097024923946,0.04618226607602561,0.9627084148366836,-0.6528690022585564,-0.18660129428186742,-1.046930428777193
1.1574785736901194,,0.23184068146918282,,,0.822417967128503,1.6580120524905428,,,
0.1552185537166829,1.242254780719653,-0.5490877436785265,-1.0404254458711633,0.8356046816677322,-0.019227976853465407,-0.6237629089371698,-0.2601118311848466,-1.4110920398051958,0.1701198890838409
-0.30378914337301066,0.5329826726549096,-0.20494608695259398,0.03549855971912524,-0.45530572743625564,-0.2546214012029018,-1.1297600124176386,1.0322153005343175,-0.04168208502790002,-1.989134050398713
-1.585369069699904,1.0375467783775505,-0.043233584873109875,-0.019917613774378604,-0.0026949428087797043,0.48737319014627656,1.5305830171742396,0.44511977049863943,0.30736669484478885,-0.5712794996003375
-1.5426322756316377,0.4744731034911947,0.5552512337136236,1.099659152473755,1.7121408475013573,-1.1598876707054728,-0.6140043839933403,0.6682638567362033,0.0011877466678250415,1.4433899149930733
-0.19358089869678713,2.00100700166693,0.05598423956327255,1.6276690155063047,-2.4068566469001254,0.48634990583687837,0.023307325464330828,-2.093634282339176,-0.015315358238282705,-1.2377578456804932
-0.5196539665866405,0.30518438045282914,-0.12289706481032665,0.3563137745685731,0.15717159637399716,2.354378200117697,0.25924883537432647,0.11250652503293312,0.42091481655573243,-0.026242892206599797
-1.5839728125457846,0.6918391231752477,1.2907125848053584,1.5552351277506442,0.6893722917726547,-0.2688669289079238,0.26293623803080496,1.7863648120159845,-0.22396044274435134,-1.1935045028068314
2.2093475414781065,-1.0181126199985076,,,,,,-0.16167672206738867,-0.14726882139724254,-0.5732085178868273
0.13679794385700428,0.5419269021807298,0.9067755597596568,-0.8978017455193491,-1.2462345875328003,0.8849876475288697,-0.529013526739338,-0.9851601592300667,-1.8501332520240226,1.4073952354369237
0.2756640918398377,0.5454901326207244,0.4374182492640803,0.21253630650834213,-0.02321762066191882,-0.07028722160248702,-0.9769076632946155,-1.7653843474921431,2.245628467089738,0.037977806359301605
-0.43754853645100933,-0.8009608496227545,1.049582521042133,0.144725409712538,-0.8634054452273069,-0.30357721517845065,0.31130563295532887,-0.38663028411672895,0.8150821941804328,2.124091802715821
-0.4219614793309822,-0.28494824824284576,-0.8299287691486696,-0.1534955736362975,-1.9603755233483622,1.0993394278170008,-1.3341653079862996,-0.8063066134761522,0.08381432710003561,1.3774338400602548
-0.8542575368748816,-0.18667170297056468,0.293523191586342,-0.671577052731192,-0.12048631335877827,-1.5904969377690825,-0.5276907488972843,1.2304554107844097,0.8156643687422888,-0.44376456864528335
-1.0130747715627195,-0.21236215086019916,-1.4636601782167147,-0.19676905415227255,-0.41003598927906043,-0.446604253863869,-0.14115567298423423,0.5367776674602259,-1.0386448250760205,0.9576500458920508
1.125248129519697,2.1997360360870544,,,0.9764452284600914,,,,0.239733611729655,1.787353505817221
0.7402078660729283,1.0558202538897306,-0.5783074565285793,0.24458950566392385,-1.9236021045116378,0.5545039209835515,1.2177689423282727,1.391924525809819,-0.3549275370744406,-1.8137431887343451
-0.5376045541173536,-0.07783810538941278,0.4088099569746374,-2.029438505276566,-0.10455118444260046,-1.0374947372984213,1.4465130814038694,-2.334925039619181,1.0126946855850698,-0.15952772656540312
-2.046895598299002,1.677424828648377,1.3502187942749044,1.2499952200322517,0.09311875386756513,-0.6715571483901327,0.06510614027903984,0.5460483656961688,-0.5424297001309901,-0.8578079535268498
0.4931459325574735,0.19542063918308178,0.9259472937749136,1.5230371281683863,0.8563408581126924,-1.1522967128618162,-0.012995052438249406,0.3869789004307918,0.8091942801007588,0.8580983497799217
-0.058041084088596075,-0.4904272489497637,1.0086873670717298,0.37762592746599627,0.28149019405294695,-0.7046562838266341,2.09981668227673,0.24904247438456056,-0.0868181937738925,0.24910522687694195
-0.13163508615551553,-1.2887613962209783,0.29867723674370317,-1.451600620187331,0.10309594463146732,-1.5931957092430027,-2.1543118752331853,0.6130036861056019,-1.1036442753270013,0.4342106994202829
0.16932412514756737,0.1468716563958944,-0.6270631619340498,-0.13101315159743618,-0.6563102182387863,0.9448191662992733,-0.48301484337168465,-0.2483937143078544,0.74471459169367,-0.6215247828658231
-1.7912327704256457,-1.060952150641759,1.0557691656660295,0.08260149571095445,0.29215215266313577,0.29572250303018444,1.7882553862009187,-2.0751638911968286,-0.12780556726474487,0.030062786387154053
-0.02027677283943853,0.7995059664317792,0.8248750822622705,-0.21616586935697943,-1.6895084538292828,2.5084514436567296,-0.006236146164885971,0.0874791527116882,1.2622891450217002,-0.393281342596678
1.2917139358733059,-0.30655850339150714,1.8291030937249215,0.45532094983596727,,,,,,
1.3840727470150944,,,1.5586150420092597,0.5983350455163285,-0.6578964196151953,,0.5555727596322929,,1.0879535741622497
0.36862165785804396,0.6798671886662608,0.348113940468926,0.9642474027941762,0.7458468046041954,-0.2583459396034727,-0.18837011944478046,0.32390941292211983,0.11207079366454975,1.3142376238945055
0.21191997010923774,-1.4234092409803376,-1.1819768790781193,-0.2391215667434102,0.72178960809105,-0.7252534858940779,0.651327643633641,-0.7670414084926368,0.15877550326828077,0.41453054642278075
-1.143284204792848,0.39563507279526616,1.615552003918602,-0.19754883636183582,0.07644323261698764,0.25338080010898567,0.09063158860012624,0.02404917607143242,-0.05322478018484039,-1.5674350081967239
0.45293747202570256,-1.074974505290898,0.37648735532138233,0.7011776188771882,0.40689813417866816,-0.8836679795522323,0.31540793828291097,-0.21364783181777477,-0.5898664043645255,2.063588884488496
-0.898189458035209,0.49473162902055307,1.5257678425826773,0.38278854357237807,-0.6151298084662854,-0.5512502389341757,-1.396962774247117,0.09347159033910857,0.13024989806551115,-0.25069230145733634
1.4238107076886586,-0.03733223308459449,,,,0.5475581318511424,0.6786923352923833,-0.03829848047229602,,0.11898171660110614
-0.3172883014800386,-2.042344778516456,-1.6892689540787131,2.796469974047418,0.7783566648455947,1.2995171379096206,2.559317057717604,-0.3145059340724929,-0.09273782393043198,-1.6016176792979004
-0.241148718296897,-0.26738852431354054,-0.34226634489478397,1.1001107708089328,0.7643424157455361,0.9692844625369746,-1.1708582334664697,0.07755198944144914,0.39229029224639334,1.916700756933656
0.16538257456207636,-0.11505259744817961,1.1352559801381772,-0.2096267503026414,0.5186886416568679,0.4890500145036176,-0.4714719443096376,-0.6427548736970685,-0.03156596656591521,-0.4328170518668143
-1.4983179639469602,0.7215098933892203,0.5703490990672365,-0.7427815345139754,-0.839793574280862,0.4886146969340173,1.7520894562051588,1.020776020439936,1.2006369248522226,-0.304471875763148
0.4154579667571434,-0.13240006579788843,-0.726074129959947,0.19566207399099445,-0.8677536269240878,-0.7451382511687127,-0.44509556850522425,-0.3384820169524215,-0.029476568944944454,-2.066283003928247
-0.9323498775054938,1.5708737468850111,-0.008849883945670508,0.5613895636927303,0.4161550907283592,-0.10827528734391959,-0.8829346478622455,-0.549878473809949,1.9584080260256655,-0.5332711806791188
1.7216712787122765,,,0.07643161456492603,-0.17609481583171777,-0.938548946656272,,,,
0.7284205114957495,-0.49684686672957745,0.7382958235485948,0.4306646379714877,0.12751945065772533,1.97710316519107,0.4708172556897108,-0.4638709788566501,1.5362807131220928,0.5102134209531715
1.7788317856623437,,,-0.29811196621975394,,0.16589365036722648,-0.37172758706808423,-1.9989128057418561,,1.3863858239444944
0.9087305424744704,-0.7117243231313078,,,-1.9655764413279508,,-1.8317549707427534,1.6419965777020993,,
-0.3804892883877135,0.3172930307619462,-1.9868934435466523,-0.04353868484486378,0.48160237220277696,-2.068520033384246,0.7461198660817001,-0.12473202820740804,0.9168108640744523,-0.2344865791644833
-1.0570812572904311,-1.1547141239914522,-0.31209267681125,-0.18874311532740654,1.0640586875366063,-0.27930058689610704,-1.5603217623856713,-0.4578264057717345,-1.5241940645530174,0.34993939582289263
0.5798706862994035,0.7502903234155383,-0.3025124650177566,-0.6998263530853988,-0.5107309771743267,-0.09133045606046769,-0.5091734324844391,1.6096110628428073,-0.36605427637339805,-0.10230875175650368
-0.751392904244213,-0.7288121740983593,-1.2730401560601647,-1.0285146756985875,1.8721652408837792,0.5438600175915962,-0.3388822399102263,-0.6565620721178704,1.2353041859281257,-0.8356723392573737
-1.7032107861183425,0.4751973253037011,-0.9267343102774099,-1.283479280971702,-1.0924147455116522,0.415011795835931,-0.10423999975265985,-0.9844618384986055,0.46953753587676167,-0.8275308452183113
-1.63564339426823,-1.3078505126548743,0.02199990989292169,-0.7835697327560749,0.10526204863457722,1.1123937650561073,-0.6300052875643131,2.6663095850208736,0.2762223579061465,-0.17629214137605032
-1.3347021489832076,-0.3485235189483505,-0.2485380707269635,0.7597392759985083,-0.5957693935387804,0.43237987848511644,0.04202151175084841,0.9747682813053347,1.0536193081488876,0.3335911430277209
0.7649858205440566,1.1235647330734662,0.5373311978636264,0.2777859437604319,0.4092124503738573,1.6116709444255233,0.11262401749622725,0.7289483189473849,-0.6762926487508738,1.5009062001101163
0.449524658331644,-0.3453467695525659,-0.07008678155192491,-0.21839142704077474,0.004972434192936272,0.20976421468162168,-0.19677113394280737,-1.588034875446127,1.7744132816355558,0.2662959139318504
0.2712295017428384,-0.04802574463344416,0.9080482198882172,0.048212406815787305,-0.3109372665193002,-0.24700578539744975,1.2513106693327742,0.20238828560848943,-0.03512596655565118,-0.4354515887218646
-0.32052537530942593,1.0806365295814016,-0.9163310667684601,0.6696973353118709,0.7066179408680205,0.21562936233872831,-0.18989093343797206,-1.4820271408301036,0.6641408493279548,-1.5950578487548095
0.16683408276588202,0.05209122355606782,0.7680283286927517,-0.8957144886613957,-0.9451557614578632,0.5345870803379797,-0.17080610354131703,-2.0171110358379276,-0.006204539411671131,1.8077477483638889
0.5486189266580116,-1.18559328300066,0.4696794417430725,0.9827960657153713,-1.7250261294203597,-0.287447675074626,1.2995404816953326,-1.5242098890463303,-0.2799423464032697,-0.21517060445679037
-0.4155369065733496,1.3758505138181019,1.2222843373433696,-0.30246210840706345,-1.0171169583737447,1.2729592728071801,0.7749181351063663,-0.016806607567493068,0.6549052679593875,0.6475278755680655
-0.8745483306895904,-0.5939858636290496,0.005636847884532721,-1.9333498937391187,-0.34267389577474616,-0.7923455505213144,0.17140061988330105,-1.126155312889804,0.4293990719124522,0.22252944819299603
-0.10184040956877086,0.46919409071521984,0.5923492798370363,-0.237907722197195,0.03540428449590133,-0.6786650347920505,-0.6903285912683245,1.580542166559326,-0.20226997722064546,-0.011726171328417015
-0.07720819773672252,0.3715190335465424,-0.5439677975630034,-0.4477852656730563,0.9370003215150156,-1.487316194941439,0.18691260482944472,-0.8209248322961239,-2.009025232447882,-0.08118681881680835
-1.1544473152245207,-1.333341868828446,2.5957900791398747,0.5420828634036681,0.5666209800478933,-0.05325291754741593,-1.194144946352968,-0.16549763204782517,-0.3552159116845199,-1.9242737446749556
1.7912945490443515,,-0.8327961698074329,,,-0.9378598669187043,1.536465622149302,,,
-0.17408564439459914,-0.5386729620969952,2.2690972804217564,-0.7410197466287533,-0.8938959506406968,0.4906372833755263,-1.284901855355077,1.0212272296620415,-0.20108260221804328,0.12902807306563302
0.29552662571168187,-0.33955078249602993,0.9156925644667361,0.6497505032524006,0.5164439244969585,-1.5143062420938989,-0.34865209913225637,-0.11129502153889623,1.7376839761871885,-1.4140140631164841
-0.6381844824652341,1.0815844877366538,-0.9387736007782158,-0.6576795505634353,1.6739750147531869,0.36577650706944353,0.8579608240814021,0.7225382916123185,0.11708429674990836,0.09145746404935777
0.8866554521020101,,1.7340183568815726,,,0.5059039973021688,,,,
-0.08674094793693442,-1.2487218852843585,0.5074881864670914,-0.14152740136940095,0.8774312017195829,-0.6967719777769242,-1.2958915724111022,-1.076202120606186,2.020107924978828,3.0290021522231045
2.0013277040679163,,,-1.0651097508963658,,2.107865515848297,0.9047957719305253,0.18996147746322783,,
0.08863675165390346,0.882669876010862,-0.4990624457081819,0.40118840596829347,0.2750854499234987,0.10033896755686353,-0.3954555021517405,0.12096092643883476,-0.0958948655748281,-0.7818428336184551
0.8845183607642999,,0.17011071000718267,-0.04599687863013896,0.7587627181500263,,,0.10634480225539207,0.5861642969690517,
1.2676924057688308,,,-1.0678078637542954,,,1.5297853055580244,,,
-0.09219287991270385,-1.2161874807999458,0.5007314435096298,-1.2756077233322887,1.1377864222327836,1.349798333737791,-0.6385015323191318,-1.2690917393656693,-0.03219842213212441,-0.5199247736215237
-0.20968104934549125,0.09156216688860747,-0.9302548965880194,1.6590520263858297,-0.6411750176670855,0.9354228907083809,-0.8898589017881148,0.0613628254824543,0.4503096189240613,0.1356356760042706
-0.2539349370227819,-0.4929985025213459,-0.4067924180360721,-0.6751629209225567,0.3330297631808173,1.8312561050679006,0.3592944302937959,0.5957873690127149,1.0822573533490871,-0.45103006901186804
-1.8043396426887517,0.0029358664687471362,0.8549629756018599,2.0103011082672535,-0.9802153082340569,1.0997880391223802,0.261017978677608,-0.3888234692535179,-1.0459863273096224,-0.5838985338779228
0.5732789821652162,1.2227661755975563,-2.7242402331477344,0.5124726312475278,-0.5735430988345036,-0.48019156735272517,0.4165037320541443,1.921096573173474,-0.7178504233006001,-0.09562055503049333
-1.5754770594969076,0.4384989717449033,-0.690002762330898,1.5760525934597287,0.36031978980664536,-0.28323801638597185,-0.2762834873507013,0.36472584051712703,0.6910968250999829,-1.1688362890827073
-0.14860295924749314,-0.0026567667955214634,0.2117022147252802,1.3058384042058488,-1.4255241174299815,0.9559268374876113,0.3643951941306301,-0.49780133825738104,0.8062885690991716,-0.3831183232737436
-1.812356243905951,-3.43381393519938,-1.21641135489541,-0.5441817778959661,0.1716983692665356,0.5973023284267752,-0.2580520802808653,-1.4101010549161548,-0.38051181660826067,-0.21826261992260024
1.7375550342714317,0.5568426345991586,-1.6564638110424295,,,,-1.6237843180257128,0.8183993183212992,,
-0.8063635734533648,1.0133297781231343,-1.813995700013669,-1.5542776454224125,-0.734828190417615,0.30223751217788536,-1.3640886787240274,-0.5447275162089081,-0.34136272325493766,0.34317732131863715
-0.2768081824565587,-0.2730657869813841,-0.7058105464827993,1.0890277036725295,0.6597492606987704,0.6237943704146467,-0.778022304782369,-0.5125972388742973,0.4764104485403452,-0.5875011169378458
-0.9265136312665252,0.2887058912490441,-1.307881431481834,-0.20941914840018863,0.8922718421334336,0.14527846125321903,-1.0471136337467468,0.472637895101329,-0.6009987908067438,0.8456412057401044
0.5091443780004749,-0.34713730560970046,-0.7498913885274316,-0.8492855310948914,2.589666886517709,-2.2913774814573205,-1.7602759857746093,1.1024804686585572,0.8866235860716762,0.3603418555864819
-1.9919224026329132,0.5388217644898892,-0.9796605118334494,-0.09882376195185757,0.40687459018546185,0.5065871217540084,-0.6506894669758614,1.2849288511608015,0.8129002561789295,-0.960151755498666
-0.4797690019609236,-0.7586637957939627,-0.06263023723811685,0.6291759962188506,-1.8507009505909304,-1.9841729215590218,-0.832065951495169,1.3526951701313332,0.2375588121752813,1.577173449642151
-0.15575087325078985,-0.8420376690564789,-1.6764349227677953,-0.8291644628279555,-0.6201638854655975,-2.4252025224970097,-0.8410817757246354,-0.8498625145780585,0.02174805625845236,-0.042147706234156306
0.3200232945649422,-1.622697895254784,-1.1350149883278902,0.9259364752264356,-0.2590653513803649,0.8469347849021993,-0.14120790599462696,0.18717192601392832,0.5286897986413099,-0.5564815930927068
-0.6671180699265645,-0.6799779773160194,-0.07795966663120116,0.5741947785423871,-0.4066242815059705,1.1550784668690468,1.7496265860163103,-0.8784885207392155,1.188437755124256,-0.01789582829198694
0.38075225516416356,-0.13392515495590418,1.2191210410429891,0.34737609903870986,-0.3477016323348927,-0.4173981293173111,-1.2012763002107465,-0.5716093097164193,1.2203230774023122,1.0829985001696978
-0.640079534894491,-1.098012857063154,0.9517743011993139,0.42913322634090995,-1.9760518211071232,2.8797272640470353,0.011653442240383543,1.701664592130477,0.17419779053414977,-1.0407393400140397
0.1940429129452851,-1.4675616162980791,-0.1259259630016874,-1.0880294993906308,-0.20441689621289413,0.24800557672994325,0.29551685707697284,-1.4598178302280738,-0.644807855476837,-1.975256905737559
0.62085557207943,0.20281051772032502,-1.1748689772065493,1.405898420242545,0.46656492405092714,-0.10523257523401572,-0.4733132181361004,-0.6375506146013242,-0.7892289246838197,1.1739586571004408
0.27446751654406276,-1.048969835586966,1.2968661748415244,-0.09039359732095999,-0.9190105008552217,1.9754700990176577,-1.0949952360083894,-0.8252365803452116,0.00020769949953070734,0.32222687038973563
-0.7528654787513601,-2.2108393218261964,0.03248050141151345,-1.0459760547731207,-0.35906080317030814,-0.8102375314024528,-1.083618934819947,-0.26646221684727145,-0.6321074529138935,-0.84005675068558
0.9656145652920533,,-0.25249784676399256,,,,-0.039553016939021246,,-0.7881645704320107,
0.26769280099442166,0.5868290039067353,0.6664403258313729,1.2090757804051617,0.10763895873811133,-1.388951607830351,-0.29573864292396623,-1.2690585704678021,0.8450424639157045,1.37311735476495
-0.006124408454207065,1.1623273716741098,1.0940043855527113,0.30367337716839204,0.5266681953994095,0.9487177431046032,-1.3960089884741138,0.24781965927873092,0.5540873413506152,-1.4344987655347903
1.9122212373922745,1.0925178118710512,1.1007136350340554,0.40889448060144346,,-1.2684757672252749,-0.09922003433426052,0.6968232305429287,,
-0.31071076183590507,-0.36002541989847203,0.00776862738431922,-1.1561977248019493,1.501883831871424,-0.25004737253670034,0.2532384093517021,0.8143140719370461,-0.7526340088883788,0.27738408247636104
-0.0076707710130198324,0.975386452303476,0.00841558265142677,-2.8568901686731767,-0.9344485818612497,-1.4997472190375742,1.9271964587643122,1.4145781216710902,-2.150383158935198,-1.0105417661915652
-1.3849337800590147,0.21644109936854988,-0.9558974056883764,-0.2654838441877799,-1.3771935411164837,0.4303170697209091,-1.6792702263835741,2.503085372193362,1.5043426682662548,2.4816758698492785
0.6063895740561334,1.556991565950399,0.8927859050393163,-1.004479341341139,-0.37225949241221135,0.4240479028495152,1.1522203872279186,-0.006594117745214877,0.5545986278644771,-0.33265600565805337
-0.41240026167333954,-1.4715394319789261,0.4426983390910839,-0.4921672961077594,-1.2848868330732035,-0.5929195096630172,0.2852890868983735,0.6680986781063193,-0.1844573395842115,1.068183645328265
1.4902510693222295,,,,,,,,,
-0.37644427961726235,0.1536102318472874,-1.3206943728151561,0.14591063369519597,0.6567077271864569,1.4825953385179402,1.313850857449262,0.36310777176287184,-0.223364351461142,-0.1655376793017358
0.4075170565249579,-0.04662435575079014,-0.09073488876676201,-0.9345310729077908,0.6706698252444255,0.29775244158264813,-0.7562895038598393,1.48901748445103,0.20853553869663205,-1.424089752137009
0.9448937053968096,,,,,,,-1.573589511028292,,
-0.7251669394794412,-0.2043518144548146,0.7458881333865092,-0.803163991952889,-0.7353428249366305,0.10972228357825697,-2.12632092192001,1.0075764367314093,0.13013744858526533,0.09305780044258335
-0.5393184044997201,0.6890642183839784,-0.16141909009261313,1.2261347347048115,-1.7109118781939066,0.06326411399311566,0.0423821808472616,0.311272916377226,1.40365685587738,-1.363799921524756
-1.3945672438526346,-0.3530671728219862,-1.8925136110296519,2.3065494941403335,0.9334184394994771,0.5172533207266827,0.7828924283227234,1.2710228075210268,-0.6146521056019749,-0.36101539107515235
0.3422734762860909,-0.5042336179704382,-0.9275442999749831,-0.5295190492853608,0.38171234122825864,0.9114567658661025,-1.2708021463886876,-0.18975287963120194,-0.054024761176266756,-1.3906771949650913
0.4488393256694553,-0.1070789425119352,-0.9385458358269538,-0.4823353015532037,0.5352590993532244,0.9778706809715438,0.33957894316616855,1.9061021356855798,1.1153853013109787,0.5513446715299299
-0.7027475717323197,1.1311585716139563,-0.7686161242561466,0.7468003559170574,-2.4440210584500424,-0.49379160061329336,-1.397721433728895,-0.2862478779611988,-1.5391653375269758,0.02855982044155895
0.46707564898716014,-0.6501036584138827,-0.3200375173707788,0.21948223527369656,-0.047097246054623475,1.347922418319707,-0.6853875543603224,0.5372326695825819,0.2602276734199832,-1.5887454307373456
0.08727080278283408,-0.08686923841788535,-0.4923965225914421,1.7743319806701199,1.285006041499966,-0.7626280708677123,0.6353139701827966,0.7438771857366997,0.14587858172492776,-1.0981082465046068
-0.9523560143815504,0.5278790741737267,0.5068467136909331,-0.28536990784163646,1.3157764159321699,1.4934203447974088,1.4816168691324052,1.4858729854735322,-0.01583363381018918,-1.3348497513248874
-0.3224049191538611,-0.11482445894963497,-0.62973689811008,-0.38082149589199366,-1.1554629157890148,0.7144411277431123,1.6283006946322267,2.3819956998425584,0.24823385098886885,-0.17161128269744136
-0.03695534186284033,1.3611896532990133,1.3442926186853155,-0.24059082181048425,1.2034469256165965,0.16161539295829339,-0.7355249296488585,-0.15462478933504473,1.7030851531898876,0.7216929237576377
-0.5067629118770056,0.9373292837015498,0.7139215855936475,-0.30995773419708156,-0.7466134311244466,-1.1112764360961032,-1.6442767111134826,-0.6542614332431048,-0.1776899686041748,1.2601580918391937
0.8242718027094419,0.19650795460489576,-1.8738077143727394,0.2952694151655172,-1.6454453446697348,0.8731977048161239,0.9014720980926193,0.050900850243608006,0.816849354719304,1.0142067744819194
0.10956992055001706,-0.14488837303870677,-1.3287428809438258,-0.3550656965958645,-0.9965906338791322,-1.0066577184900236,-0.7329229340398355,-1.9615376205113593,0.979350174154531,0.21900186741660116
1.1608770804662447,,,0.7942247559066897,,,,,,2.0170525614504
-0.6318421023820686,1.2877496191111226,-1.363349529392643,0.10027564591500158,-0.18159289209357987,-1.0208754695210083,-0.6644563851121598,0.5030672500067622,-0.33646425377873096,-0.9651792139497046
0.8977754296295897,-0.021187087458981544,0.33121394549649064,1.0931793248086068,,,,,2.7260577781706714,
0.9731610843624884,,,,0.5151053980364041,,,,,0.6656859382871182
0.4192779201045105,-1.323120031644576,-0.9426387364192506,0.3416138705193393,-1.5433288413907764,-0.8860324644215001,0.03732166841660838,-0.7760927505873799,0.2292822374177034,-0.08960758647325388
-0.7881703468898389,-0.7644967998728455,1.2778902470907554,0.38412444561265435,0.24732541986849274,0.05486122760949,-0.9074252625940308,-0.5643699620960807,-2.400722822474881,-0.636507207008837
-0.619665935787242,0.5486001536548316,-0.6031332230490194,0.7858967992908762,-0.2597312418410177,0.1485362983545386,-0.031184535052155207,0.6997881518123149,1.2062084487406783,-0.9870091157145151
1.7594307241346376,,-0.18426277242175537,,,-1.0608695561855914,0.7175420224976745,,,
-0.3744886494128442,-0.6917066602628846,-0.0665974181041381,-0.35496133998661267,-1.4908986405431364,-0.784871081993842,0.798412418603624,-0.4026660613714458,-0.7905844754783213,0.04650191847489702
0.48860019142785377,0.6501413487309606,0.3378934538470157,1.208958101859333,0.04917297149963415,-0.23610312761251506,0.8734491866848283,-0.7085244876186336,-0.4041751678972856,-1.5930855012884966
1.8138846579657926,,,,0.6995560252808791,0.18939979322042708,1.2154811830227654,-1.2648260931825006,-0.1848446633928521,
-1.0110334906770675,-1.6256828049514973,-1.837825829267515,-0.49540074635046344,0.3648846538912173,-0.6652491743796309,-0.5450969012372725,-0.7347237382225736,0.14039683254205645,-0.6045214848414798
-1.0065566932802925,0.9323229513356612,-0.872329596716791,-1.2718293690071971,0.7399142631927356,-1.6837929971887475,1.2293506237125995,-1.0260030914493832,0.0801683720214553,-0.9945847488928002
0.012948098298570855,-0.5210013835221271,-0.9825207053048832,-1.6036212824583735,-0.5407654876202782,0.4750498927363167,0.6743666713833926,-0.7185982831193327,-0.7162263414781038,-0.1743276318137181
0.0013774416709270748,-0.003262645251357071,-0.4338850739060866,-0.36553688919855676,-0.28725568207887664,-2.4151740724221558,-0.405596436864479,0.7821311181287635,1.3932474992221031,1.176429353187366
0.09008017032777776,-1.1888791471932196,-0.5476876036111407,-0.7618287549454609,-1.4090430475352038,-0.9420778122661738,-0.7288776019463695,-1.3947636008548228,0.9327787942354054,0.6090778973061292
-0.049193607457954654,0.381693503561109,0.30590356407944047,-0.7334888527468546,1.798918323295285,-0.7686348690802561,-1.6680008149651462,0.16130504435253892,0.5642589367191001,-0.3018886164149901
1.2446880111809149,,,,,,,0.8347925741493177,-1.5676603669878781,
-1.242892466238739,1.4585937557848092,-0.9734888482451727,0.20208887162702302,-0.6978369904732978,-1.9785587870166683,-1.2553203737528975,-0.24940579167337693,0.568569595761981,0.5309901263355717
-1.3307335961316715,0.31330066240757815,0.9497893980933343,0.5127020199839046,-0.36171421142498994,0.0480811509911357,0.152434419233778,1.3970333860812818,1.7013329672690491,0.6448897318179614
0.053420114718973004,-0.031069567071301832,0.07262123287132008,0.2053837524752147,-0.5162458540361469,1.968132479772804,-0.7919403497601909,1.2955518588900534,-2.197887303831586,-0.27535938379222374
-0.33883182636071596,0.22871525881168328,-0.3643272627512536,1.3859969130129701,-0.24231107871543664,-1.0292931080071015,-0.9659669878616483,-0.4729449659433398,0.7243360019084878,0.9055090425892351
-1.202292263970275,-0.8001144973129926,-1.06554583345176,-0.2854484434830811,0.9619903155538818,0.1714242113882683,0.5501387319666005,0.7468851343883225,-0.5867690424066236,-1.2809465908323652
-0.5873692430259043,0.8213629586394475,0.6028708092197752,0.07910558237965366,0.9488811883715361,0.14564181788122943,-0.33184614307269295,-1.5688027807964875,1.271309188943451,-0.09606772746176537
-0.45140192461641426,-0.10266884177976182,1.4987465430272748,0.9926483736223625,-0.3600048812019189,0.4697539848411934,1.2270882497055493,0.3474278368215454,0.12072537207259877,-2.0902985922702966
1.2457594905649194,,-1.87071475441216,-1.8042991974665323,,0.48596615992544484,,,1.7355128757793374,
-0.23207173353730456,-1.8667598388268511,-0.5758049084650988,-2.042027277883196,-1.3417233029943496,0.6301231167891814,-1.6870748206141364,-1.5881927964294493,-1.7578063644286057,0.7763683806166385
1.6389028482768133,,,,,-0.715682838472889,,-0.027222741974330632,,-0.8851592912472325
0.17109571422987177,-1.8496489222154344,0.29655516472582194,-1.4162724534620885,0.5406273162563798,-1.3605981007289187,0.44318239736813614,0.8166077668581645,-0.16806554881832048,-0.08012963521470037
1.485542976799824,,,,,,-1.2150261637310187,,,2.2782062490843464
-1.1955350622491006,-1.1052393898046315,0.34174383749117404,0.5491204150886333,-0.9739615401853876,1.69242841023919,0.32973007011921457,-0.24790627293673967,0.38600349817673196,1.2106765622520255
1.6092294378365213,,-1.2740816170526568,,-1.4149220880875186,,0.03778670762459913,0.2139379710317644,1.12666933991247,-2.073341981550695
-0.01075975681163869,0.460810736843104,-2.8079967549810263,0.4535488902961466,2.730082603496777,0.7733617321919838,0.3078850925390801,-0.27360034724974963,0.23279169659573243,1.5371315038642626
-0.3467439614122179,1.1935784809372312,0.46412401184273133,1.6265899337296288,1.0890492410395476,0.18953724208962117,0.12506546433163498,-0.31327200613384193,0.976919778344713,-0.5902091461831888
0.11374621538415189,-0.19341767077034797,-1.3412249106879308,0.22040830745677675,-1.5253413277378671,-0.4482031439091809,0.6671423518778608,0.16890617101871314,0.15295220730121753,-0.8647167719244965
1.0488674498469517,,,1.2988585211203156,-1.5305487664822734,,-0.4984145126614426,,,-1.1654162866596414
-0.05359238100419675,-0.5611239399075424,-0.14595993162204593,0.8926979979160855,-1.6173970403567437,-0.11377230770809989,-0.5909720622866154,0.02366159086785671,-0.5870080726210718,-1.1801826846185797
0.39305726799877083,2.7714356939562226,-0.10058489851057731,-0.7261360153388945,-0.7291828641095581,0.93471236783868,-0.8769595967280468,1.2996295093152634,-1.636801683628976,0.19232714303938125
0.6633532702715518,0.7624494063541071,0.6922752353031796,0.2660253387622757,1.1535864506328726,-0.990968778121181,-0.6441351046336631,-0.4030427985451546,1.4835162059714568,0.4661984310039747
0.6819308398810489,-0.1790950537971642,0.8168075137594076,-1.552012338562245,-0.4089083568905338,-0.21738439807194013,-0.4743216064119753,-0.3212679636816645,0.5468567994900576,0.2383599682364907
1.193677978089979,-2.086278911098006,,,,,0.36952294943453207,-1.076812109435623,,
-2.664054537311322,-1.2151743672912187,0.7666850414161349,-0.41437411168589827,-0.8821996974665731,1.5227977317441779,1.874378878822408,0.0004176254455073045,1.273737476175183,1.5170364757028798
-0.01631515453763686,-0.5122134946212117,0.08871869503158658,-1.4545009690407282,0.5679459656693198,-0.3294458613434071,0.05648301129432678,0.04200878936708931,-0.8475229534901816,-0.03581961603998717
-1.3593939888007271,-0.4823618893776754,-1.11332025355264,-0.8766376683883731,-2.2575861044702923,-0.4292546410937763,0.48554152468189865,0.17779390092073977,1.0839024037770828,-0.9527026018450849
-0.4786954597356536,0.9171410180386687,-0.08659151021482223,0.1849999478323477,2.1141802628434547,-0.2542058347988428,-0.484140672496889,-0.9929742521186096,-0.2892129317242352,1.0217687776423836
0.5735780944545402,1.432573823812566,0.36084258829651805,-2.240833397907387,0.6290842945095094,0.10425520092360041,0.0017106268444243024,1.218230122108138,-0.2743629198918241,0.5796698301493961
-1.0767429348171582,-1.5182665047389667,-0.5988040273346248,-0.31367975715538426,0.5480318339078621,-1.097451929659185,1.5069607784943906,-0.9655976647577664,-0.08813075885810562,0.011630205152752043
0.29925194163142926,0.4507870463651752,2.26208273103159,-0.6026348299386012,0.31273778511064515,-0.08354983274371545,0.9829161682165104,0.448873514470963,0.21976256918774806,-1.4938169152305143
-0.45312605476768286,-0.976578584609009,-0.4471799388671159,-0.8258921735665155,-0.5181827980818421,-0.4109928310381363,-0.39354249357382254,-0.29424621926511063,-0.9280492502009726,0.03703044139404713
-0.9018854240460652,-0.598854496074789,-0.05018834494683434,-2.581584057068358,2.4915559699582763,0.5247628998099219,0.31983308417285927,-0.5218399686697337,0.09397165908893301,-1.2098818869278534
0.4902276428604271,-1.6837881081950001,-1.2688887076760027,-0.7099307641712943,1.5099040750485768,-1.1018691663327127,0.33368191508053013,-2.0627986109667207,0.02480880540427642,1.73517633604314
0.5002528587296271,-2.0730880113659347,0.04350919045305036,-0.4640161505297119,1.22637645131362,-0.10017128930172217,-1.440126178916638,-0.13633673012759742,-0.6961867536485695,-2.160213495142144
-0.17424589894040501,0.00445745731711497,0.3813287055912753,1.0175077278356441,-0.28074776791547756,-1.5012710440548547,-0.8366876599627502,-0.018616553448281618,1.215221643361968,0.003952871864332472
-0.13219876632938488,-0.23640549210637024,-0.008188601877340246,1.91044597524374,-0.0843743474860911,-0.263583406437385,0.03826434088691315,-0.6763438849464823,-1.5612913999349918,-1.7400028953056634
-0.7267820546910277,1.181229088205748,1.167091635075595,-1.1159843478626772,-0.15815962718998308,0.13152979907994491,-0.7249295104137091,1.3086858719611416,0.7620290804325777,0.36085860167473705
0.06851364438535887,-1.5630228033763702,1.3569683880752719,0.5805135145503216,0.40925987186608065,-0.7379512122294998,-0.6512136768165443,0.4945540202880128,1.1022393910824442,1.7248417904995217
-0.7353655287663066,-0.15887606979294475,-2.0943323346323566,-2.461124030956005,0.5243881739916734,-0.8533031789138125,-1.9732277342983393,-1.1629623586928464,0.34282529508915066,0.3839091798978945
-1.637254755969471,1.2364191535029045,-0.6956988080835841,0.2749098108599311,0.03762734978372417,-0.011557989556112246,-0.9369383105732452,-0.024317409955636853,0.2693694761502921,-0.19931606938517377
0.10092424998536643,1.1018168563923816,-0.47125578334828583,0.6533580078705068,-0.2104113119695607,1.4245426101450793,-1.4059780680254823,1.3038041219572785,-0.5316453279190084,2.111785894346193
0.43527855732961906,0.8502484390497431,-0.16091767826691167,0.6807180417407,0.6803108198059075,-0.14241475786281982,0.7642963708827499,-3.3608762605522857,-0.6441414424290812,0.021402107430714582
0.5018929819463995,0.9720141396125207,-0.252696431856895,-0.39044756287891635,0.8715229961482297,1.151547184712632,0.7398624714709977,-0.15303976690421306,2.5485680824274857,0.07935350691370759
0.21643214716068734,1.6329400575014972,1.528054110313229,0.707512175230873,-0.90167217336871,0.11266099709314571,0.5174394542250943,1.9520644703373995,2.94975374866402,-0.5990150305775506
0.8526620573799846,-0.8149883441315093,-0.12486753468411864,-0.8674998969878466,1.6692339505141627,0.23783299713532327,0.29344202741416187,0.049258752886093216,0.3762985920991297,0.41046849049486944
-0.685197172483122,-1.6878138232255493,-1.3274193000072418,-1.6107030836217278,0.19491201004373337,-0.8164781475070998,0.9801003599600824,0.24066267770646785,-1.8354209039763458,-0.41048237439527774
-2.1228473536407058,-1.144203915799459,-0.4902686887874227,-0.9453651654162283,1.884916539228098,0.7487955828193449,-0.3278225885515924,1.4268837194125548,-0.9744672192935074,-0.33218119350419906
0.8539048999651582,-1.1156255277205283,0.6850348732339488,0.2927835136721499,0.5880765425001512,1.7974041845296511,0.45553551007459053,0.1260403053352138,-1.497355143720506,0.2102852074651042
-0.4799450823564,-0.12312804479279871,-0.4734329284239675,0.4915126344562138,-0.9906179391704492,0.21205079222969253,-1.041573638009627,-1.7987365019274377,-0.34173436376146477,0.4638927994642017
-0.776995206284484,0.13659065738347748,-0.3629802198492082,-1.0354217784152602,0.5572963043266528,-0.651325688670557,0.37462232656203664,-1.4601865763492086,0.13681035692688015,0.6238597524131497
0.3517725744237818,0.8925409640929802,0.6454939782577054,0.29921645507832884,0.846011193004826,-0.3737577333386782,0.5212783629086029,0.021780329419136008,1.8506147117184686,0.27349515953148784
-1.2854601679548243,0.25303330814371094,-0.9512177121262017,0.7284893108241628,0.7464958884538402,-0.6090705568320194,-1.0378329311183239,0.1327651948971695,-0.9039627550539076,-0.8384519862052147
-0.5060628307076832,0.6243109641748374,-1.4839368538526674,-0.7544839708547121,2.398737319971406,1.9538039845740631,1.209798713395228,0.043790467126317824,0.751994322003794,-0.38471491271920294
-2.7047548681439983,-0.570212726066982,-0.47397995106108026,0.028228246725600106,0.48297294654165235,1.6509270567859955,0.031779984887798665,-1.0035211660897645,-0.1959276168627735,0.6441057588635584
-0.11221699052771744,-0.8035194297340285,0.5245734194442179,-1.1427978941370596,-0.8785722484568578,0.41609245153218055,-0.7852118115327202,-0.3525502058247694,0.015906006213724247,-0.04191924502785127
-0.9676790570352942,0.3288810746640522,-0.9175552201805669,1.6506462489242406,-0.40139590985967155,0.6078942513111387,0.7331448508951408,-0.35487332104328206,-0.9670825301846969,0.7296605153429779
-1.4225973678191446,-1.2697865063754097,0.6069822314068645,-0.20078200448713673,-0.706891664691977,-0.498670542111211,-0.7954949911072309,2.181144339245849,1.018391077866141,-0.8243144776931571
-0.31264880443368576,0.5968158982621374,-0.9758051796532312,-0.5587242547328182,-0.29811803909580137,-0.8813825383446244,1.0964047781579453,-0.7143597049315414,-0.11643582293792956,0.11667950954994817
1.5861448512270269,,,,,0.9369673171306064,1.9200771243311154,,1.2361579170472705,0.8474186135134909
-0.7607775382912675,-0.018097512340583172,-0.040678981025980304,-1.0315200079600817,0.16418071467719048,0.080012098497911,0.3747315131471392,0.0698377043910831,-0.667266934407043,2.4461619042021683
0.21695808618662502,1.2999005381396826,0.4380691833107535,1.5069838558591355,-0.7760256220477657,-0.08891250670118372,-0.44806935217844157,-0.5719652506216915,0.26751417899558255,-0.24621551372217793
-1.4271552762215938,-0.3027258684824314,-0.3859991024888022,0.8807373428851709,-1.4469251311016225,-0.5128976668110197,-0.7503919923503538,0.7449583325804315,-0.5454549554964686,1.0460609633082907
-0.0470815273800292,0.489773937589716,1.1057023342193553,-1.2021378110374266,-0.2471772000554513,0.42109859438392516,0.1978823236268405,-1.2969960823046716,0.6965148853241776,0.04772313331451542
0.12822769359178326,-0.22135390604089347,-3.1817914857803538,0.5454577998516912,0.5880231499413437,-0.42143615096421516,-1.4845207178108837,-0.5354141787835878,0.994994518308789,-0.40784669464406464
0.022520090203147627,-0.33356580609727976,0.3153833105171062,-1.3168463132899055,-0.20225110304009894,1.0962780854656842,-0.917070840449761,-0.27480719137550963,1.0529280220603778,0.7467015047653103
0.4523877258458661,0.38885205557093794,0.37301993642716746,-0.23046672421996653,1.102123801364712,-0.46852812851082465,-0.9942888301890382,-1.3839116788550805,-0.6166358311351051,-0.6293760812210955
-0.7113888097670068,-1.1756097197965372,0.3740262852960465,-0.9464825243621325,0.5484551207022819,0.7210048738477712,2.57300125020818,-0.4546007076749748,-0.15967664274057025,-0.746330789106159
-1.1715551134835014,-0.4202483992617147,-0.7760042342882447,-1.1840320595627185,0.23667055962785308,-1.072021394145774,0.5658837140876194,0.8558314925299056,-0.8647223859278594,1.398513753478098
0.40118867408506087,-0.07288374232232618,-1.7786373453750888,-1.7131895801750467,1.5726647157677118,1.319638853871118,1.5996264659973094,1.8572838619563254,1.3747102954670356,0.23838043871844133
0.5598074909201354,-0.6843274348347499,0.23859859169381054,0.7456079771234959,0.764828419754534,-0.1254507492073383,-2.0296183473251346,-1.5132458892954275,0.4760024866494189,-0.5053618993990342
0.6652187391372348,-1.2172300718256768,1.3615860700986886,-0.9376206460311378,1.4765198822349388,-1.5515031222938886,0.6033438162368997,-0.9314711124076094,-0.008866321863910624,1.0763404920194308
0.9017691570268586,,-0.6125675298877831,-1.5727727330741736,-1.7919848535947176,,-0.8547271244567274,,,
-0.013283204286834913,-0.7989768542927262,-0.5790679980578368,-0.3168115504073573,0.8170485974509102,-0.6767798169523324,-1.6787025822851112,-0.3211646406015199,-0.4361957871654843,-1.61506601571925
-0.39928713362340074,-0.8849094070881184,-0.07789958144499239,0.4198047913200096,-0.5365669095911685,0.5110614473249323,-0.30610159090256733,-0.2645217818989873,-0.30914223812492464,-0.19392925829712027
-1.3765014292856708,-1.8290546921834239,1.117945820328341,0.21156035382787872,-0.5426273060986888,1.0632589646269992,2.8644028246466022,-1.5000569799847534,-0.038951886768265116,0.6671386322562701
-1.6301688817284856,-1.5265988836914908,0.952792425663043,-0.054214324261836935,-0.693684621553158,-1.6406936665546124,0.32629109216929797,-1.4015074203379683,-1.0189468650995803,-0.9557337048921944
-0.3388635856587084,-1.1011016981249406,-0.9498930267369289,0.944984285012677,0.16788460679608716,0.015377973815702464,0.43619817446764897,-1.059007456747406,0.36347055465013944,0.42681450083176753
-1.0236724378532376,0.5966961750388141,0.2356867829577817,0.26232444792006043,1.6662368765975082,0.12235891014348668,-0.923412192576948,0.13030384259615738,0.013272526751289926,-1.1087357322233182
-2.0239734426812506,-0.0651497972855996,0.9431143637310617,0.9525324696853882,0.28251627729929213,1.5700451646282374,0.17450443658862408,-0.1971999037526472,0.20407477898010537,-0.7330299197433363
-1.2672796585173216,-0.9787191673074207,-0.4793664493787138,0.8661694487879381,-1.4470607827192887,-0.9740733100723978,0.8052934158090957,-0.356837318445546,-0.199330892754327,-0.37478280417729704
1.9326077779082462,,,,0.4094765678721072,,,,0.029130919265334173,0.9034161651198717
1.7048739275993452,-0.5882542871407686,0.4531197833754836,,,,1.5634066393832184,0.8197067449705626,-0.6320965203987297,-1.356741672190811
0.6410957771721304,-1.0794315970438593,-0.9798018793870016,0.20933230860836885,0.7358383440097176,-0.33614621105885395,-0.20665598558598589,-0.11190481152730149,-0.9160598027710465,-0.38011885499635056
-1.6174794969208364,0.7354483333380192,2.78825184053095,0.06008225785940558,1.1910593447119353,-0.2616439624581925,-1.346446473068915,2.2511907888421416,-0.8456550197076587,0.947075198972577
0.2160584065341528,1.1871757644368144,-0.06708042434806492,-1.16384355194108,-0.6646990553523159,2.352230751988188,0.3196786327648434,2.1774123127939706,-0.3675643545958923,0.7138210863726437
-1.2839118785489834,0.029774107289188556,2.2230993485351553,-0.7838153981842765,-0.6903765529270471,0.8275933075068992,0.11461268235328387,1.896128144375353,-0.24093813541866996,0.06879125059059289
0.31685241288484756,-1.0757642710940682,-1.298615304642219,-1.3897656979625617,-3.307850852887823,-0.08503132794675758,-1.3007023742432604,-0.5390105088754992,1.0200779087766982,-0.9458917213210264
0.6898124841696627,-1.5801995768488197,-0.6850035752150924,1.7410639551078013,-0.427825271018663,1.2878109987513489,2.3554094512710435,-0.41885272961799164,-0.6657303669529443,-2.160255489869734
0.29180323872768527,0.37926169810853605,0.7707333488585691,1.3913503082725476,-1.0259140924808305,1.8711044997878366,-0.281776657340225,0.3636690769833679,-0.06740254587653477,-0.771355857691397
-1.1988294077452473,0.21030438449002398,-0.9641691968873137,-0.22041451211494936,-0.41214918686464097,-0.36225627570781177,-1.7993179479926247,-3.16710864314183,0.8390461088933242,1.1254946980164986
-2.5616884289239796,0.4181871328896189,0.21723886731022346,-1.3240625433150877,0.8978586077958688,1.1381939620998778,1.0593720580793637,1.7448369291411787,1.0000932107672904,-0.8314602133535285
0.017372021067188475,0.38543827085989735,1.5189604717480572,-0.25110225048423696,-0.6323202913942065,-1.6539443669087222,0.8730966679121278,0.20916650688451405,-0.8665299718285723,0.7705364482812889
-0.34016278984627624,-1.324739663251206,1.33080978520575,-2.06309627662126,0.1437971183587321,-0.11082017349536909,-1.6387561564950028,0.32541588371814634,-0.6934639878263786,1.6835830797997433
1.0040264521606284,0.22115526630199087,,,,,0.1779721571696101,,1.0173692179045144,
1.4588219367999502,0.5461977114714917,,,,,-0.5677783628871693,,,
-1.196270645192858,-0.27361773011128776,0.44652668519052496,-0.18229362988213801,-2.3467956868160993,-1.2340394281862046,0.3418151788807418,1.504280992466368,-0.2325886466367955,-0.48893186295209606
1.0522568100956737,0.01089567152989358,,-0.295718084943623,,0.8219582970911616,,,-1.1242172575144826,-1.6691818381721724
-1.5374588505459392,-0.6332358691346561,0.31659364157196085,-1.6656377033480156,-1.600377011931655,0.3775610672846318,1.5687284724163362,1.0887837473687365,-1.8416352085617738,0.3917332872019545
0.9557980729338641,,-0.23687355762733805,,,0.3771232772801487,,,,
-0.7791713085890488,-0.4610594875786095,0.5617245579865665,-0.7727641308923403,1.0699571652087585,-0.9883193953176692,0.2032406713405398,0.8358230782704577,0.44880019910468294,-1.8474789977876567
0.13325732150691552,-0.7377954982535077,-1.3222276093412735,0.22288060386954794,-1.2489270931703234,0.24480979313991397,1.4559752967878972,0.3022389474160398,-0.23281057449143938,-0.16070402977639955
0.9139859709475409,,,,,,,,0.6360022434829327,
-0.7950811998666973,0.5772641933608365,0.14045926639251413,-0.17884034345429448,0.4617196392962892,1.012446797131206,-0.03893271999695636,-0.5688776591664253,0.11724005392408,-0.8047128691219128
0.1427288978591079,0.0019145196790065634,-0.8158580999798323,-0.40476643581111155,-0.3242269668109214,0.733183776091841,-0.8751201219115735,-0.8094397144260922,-0.37360509259113406,0.5639561334882836
0.7273172600551361,0.26187713191458684,0.7148376201547083,1.162236938638048,0.15750776623716572,-0.8016333576576609,-0.07741536752637063,-1.3616971896145151,0.3947218131574738,-0.49166437897935256
0.1120730360502564,-0.08493079025735352,-0.38301012853069855,0.22539092253472667,-0.12481398433275723,-0.6304815310058278,-1.0979165769042694,0.3559581149020428,-1.2063776657885892,1.7948128869190876
1.2871529812519351,-1.5898344116531133,,,-0.5861025501325359,0.35110950137736974,,0.6818479646807007,,
-0.14340122419811496,-0.31707907605657437,0.6484720409602244,0.9007143085409961,-2.3363179073599603,-2.904060290461307,0.34167284705593737,-0.6620038881779251,-1.3210177309792255,-0.3739641003316752
2.911118795351723,,0.8856528581889671,,,-0.6119517030994756,,,-0.7249087844308005,-1.0902477424822934
-0.14603995569921474,0.16859918597360865,-0.789051555103142,0.6295653796533058,-0.664153176526435,-0.153556743087568,-2.1692570996888243,0.08211541605078693,2.2520687749275172,0.7949811603009204
-0.1725587173334295,-1.1580779285162508,1.6320981396661185,-0.16099577638573592,-0.6734485169265529,-0.6483858553760706,2.0729886782129654,-0.1181682268940847,0.4505704131246417,-0.20311498374745413
-0.06521845450967148,-0.4249046344677931,1.4223235072377156,0.04405377977329857,-1.4078328534777147,0.39412060314730457,-0.11475713654587721,0.38112595637786967,-0.33159113339612306,-0.5410605855351781
0.894147759360734,,-1.8588881433688922,,,,-2.15652054619645,0.36078893725626554,-0.4834542443670329,
1.2027025300174468,,-0.48182205100441583,,,1.4664184262608775,,,-0.8405809077222934,
1.047821143126687,,1.5803249806330264,,-0.0018331858134594283,,,,,-0.7945684095751315
-0.033578665525603214,-1.5900048117020882,-1.6131972572570192,0.5129650866898622,1.2665324823920494,1.3016042954009313,0.43846651175886303,2.0459657866846337,-0.3925062131208006,0.8982458284674755
-1.3178615041240023,-3.1434819814616057,-0.4813626646146596,-0.12064085363379894,0.2345587126025391,-0.1861612351695902,0.3613715779599107,1.7403053134854247,0.737874952440479,-0.7656302226595095
-2.5125706703025537,-1.0753079360094497,1.3430060612890802,-0.5035837633032556,0.6786546994300671,0.640299202783381,-0.05567790265350718,-0.08679519004781686,-0.6643095610407399,2.2272074388951584
-0.9559717850964833,1.1209503057997374,0.8307830645149513,0.6151302003383775,-0.11987713936049774,-1.479785916291801,-1.1480539474069686,-0.7747738297905458,0.36975589791122104,0.8906214553439958
0.3140056621668123,0.25970943611327124,1.0424466147478604,-2.089952929211149,-2.2069243770250746,-1.547706150364999,0.9255409518376508,-2.009347317938729,-0.009849246119019007,-0.9103867098391281
0.15518809071404527,-0.1416614803316271,0.2503273448092126,-0.3991647303816722,0.7073842400095255,1.4634822809673034,1.2647292463105286,-0.36240178243208276,-0.8650496164062285,0.19560901043557954
1.9753950716405335,,,,0.772039971136297,1.2728477410007633,,,,1.2303608489807387
1.2280639032540723,,,,,-1.328999210988026,,,,0.5628049208664946
0.054230467814300805,0.05827763978191669,-0.41915491600738036,-1.7791486572268747,-1.1824066012699088,0.7866812504339296,-0.1384683927919061,-1.3118636580623961,1.367067683821879,1.698177281154446
1.204511653314953,0.42398917676053044,,,,0.6287122239089249,0.7074297585550935,,,1.1511864703245658
0.19949430463270737,-1.3574557176635575,0.19803312593348252,0.3024966806046033,-1.57081185013565,-0.6425719905512489,-1.1058885734460215,-0.9735148892561961,0.5703715012832302,-0.6221875423926146
0.09327922446929107,0.7376185823967417,-0.43389168888989604,0.7775303134451184,1.355131384110735,0.8462222819683162,0.5999006689880396,0.8544626796545433,0.39495074198973146,0.8488513505341346
-1.1737450947115666,-0.07450029516860732,0.3921370013298016,-0.0749477420107817,2.5023867349000697,-0.1914257064127371,-1.78251532287942,0.05511440383031866,0.8283097608125447,-0.8728656397495119
-0.03669786588800705,-0.07320540133722261,-0.05959441064360441,-0.5982402058400076,1.096939550501043,2.1674245160167,-0.8395134692865456,-1.306931696577412,-0.4375093214438943,1.4070201012720518
-0.2580162569303618,0.36624504474397584,-0.9123222353883399,1.7838079134159077,-0.29539244676105697,0.24940874567098553,-0.7959639057500085,-0.8921817930234519,-0.0036220692172850163,0.10407249132510771
0.862776648152154,,-0.950958108909895,,,,,,,-0.7746636216123939
-1.0115700249860688,0.2850755695850322,1.1129814573984813,0.8134274824093872,1.1126964433301185,1.2300322662575431,-0.16056383290312531,1.8709163088799827,0.7561233442479551,-0.9498665525810409
-0.668666591611617,0.1508931174899716,0.8805346747229948,-0.22885327659926136,-0.971079938517235,0.7904818851020895,-1.1168809104602337,0.3038857549970196,0.04314831241280252,-1.342453574842523
1.7772951627912814,,,0.048549481981286245,,0.3610903015499405,,,,
0.20670949498233246,1.440348954332699,0.5009058448005881,0.8326792743699296,0.7600554578170122,0.5063314767953999,-1.4018414582174374,-1.456306793652809,-1.579312411046117,-1.1974911417163498
-1.0823652263794403,1.8597242530805358,-0.706854253124565,0.09986020994178824,-0.24389262471545894,0.1935026556608213,0.07006389266403154,-1.2559742473248945,0.5977421177346991,-0.6798267622380462
-0.7133725934426456,-0.3064668095282799,0.8089655980628515,-0.6245599749397764,0.0917811700913213,0.402847114108229,0.2568301929026069,0.2020747478909537,-1.403573078563407,0.12686927438524687
-0.9147198969709699,-1.7599740468442302,-0.4626499213344136,-0.5188472026613036,2.9601937756388415,0.9761998622866537,0.7843019155953124,-0.4077289207624661,-0.1852638027750075,2.57156811944433
-0.6359296981461565,0.25492418420359286,1.841304163071483,-0.7236904093165974,0.1497901927134171,-0.018147124856238907,-0.8887827780138762,0.7749525396688342,-1.1153199465905714,0.7758624173503843
0.42954802162658057,0.8979395742393331,-0.1942026758651111,0.38945280701320917,1.0261802497518318,-1.4089044169371137,-1.2084544802277246,0.581753942326771,0.8229840999534334,0.1355047931292254
0.919955830975614,-0.3622016308814018,1.2671398894769175,,-0.7787336314043916,,0.8268683184757102,,-0.43027293980278913,0.6008769722658813
-1.0005489352293921,0.32052887224710586,-0.16872416416363772,0.2147613214972822,-2.021318970191764,-0.9070257750570427,0.25366969616524965,1.05261612133409,-0.13115303536925554,0.7225552402566603
-1.4815681553385491,-0.44859445027592076,0.2798560399941681,-0.0623656620963558,0.7626174208449308,-0.2568715806246498,-0.24712042149238433,0.653627986859375,-0.5373922886352449,-0.9076611674343967
0.4648529526462699,-0.9637049514114275,1.4185400275120914,-1.8420907944871068,-0.2982520617213713,1.6266269563566098,1.975838383396804,-0.09124739342293264,1.103972967198019,0.7751157964301485
-0.4915396054135687,0.4672068702829544,-0.8615861417834485,-1.562021348142946,0.5042665716080401,0.5631497511513658,-1.1854738180151096,-0.14273363308151357,-1.1861120326303645,-0.46131720867978243
-0.43647088334166195,0.7408614112269752,-0.5000906660635585,-1.2617912228375203,1.7157282436034162,0.49490792317626703,0.8960265153017518,0.6081913338074124,0.941047363861052,0.43654676535837184
0.46512707405795767,0.12732346967587993,-0.4391030294575855,0.886671097317808,-0.2646033458163561,0.11773510561814236,0.37008101291544754,0.4545449308094452,-1.014344802802696,0.20119772627575205
-1.0207960177774387,0.1785870858182013,0.7797795825134332,1.7998624841953468,0.5776914825780256,0.863956355932219,-1.0877540389798668,0.5381726181253557,-1.1154373883041109,1.2024440831759975
-1.0662268989249728,-0.9771371446322669,0.7547326471803029,1.6797709308114277,1.0578507052164925,-0.3539803438403067,-0.9893490261630331,-0.4278429467269822,0.12572166025444315,-0.07739701214176639
-1.0288730776819557,1.2861648864460555,1.3079247194084092,1.8849505405281481,-1.660478640357728,-0.8086287892986667,0.2508476805841803,0.004836404797000675,-0.44955720513539427,-0.8561933130943917
-0.997724678960544,2.0261519280797424,-1.4269893704205385,-1.5575102674758199,-1.188189492545653,0.19220711688577014,-0.27303419978476556,0.4136289266072342,-0.7066757850604004,0.08807569425961505
0.0847616305759462,1.5747785874157991,1.7790073639635493,-0.15094533386785206,0.8549343964944568,0.1623680287353813,0.7707569070489346,0.38485880194717254,0.735926610991839,0.853071988111288
0.42457595243859153,0.13677816213235833,1.0428203374255733,-0.13464766390665905,-0.5760975148570706,-1.5542000224677628,0.42530041546354713,0.6923022559773127,-1.7239089276447015,-0.6137772840067285
0.7510078138604369,-0.14367553455429985,0.05524937540412052,0.9126424648048524,-0.10812598379397974,0.384302227276359,-1.0809109369807177,0.35154854745244657,-1.3388403433131437,-1.2967565130545522
-0.5034330125105555,0.5488288854075267,0.05248067603411939,-0.78926745681569,0.8774830476158924,0.31875068804146023,1.0450553103672038,-0.8907401356560385,1.4342877362658477,1.5819203450068648
0.9116304324357624,,,,,,-0.10403349723886272,-1.0303818191019445,,0.5003519062383162
1.782348147410963,0.790140297174954,,,,,,1.351690833833452,,
-0.010323112225840102,1.885098910188601,0.2723808225089138,-0.38527996733600006,0.4419142258058296,1.14883210394953,1.1120109965892573,-1.0860999482637972,1.0803076994699703,0.689337771973413
-0.3454691678216306,-0.8244357657138278,1.4300868687304003,1.528835694201829,1.5697715017269385,-1.3079208208263988,-0.20961624901322062,0.056959829729213256,1.502478588827632,0.8075877668201531
-0.2238417232294341,0.1619922639308136,0.7137949577895684,0.7476839322769929,1.6805183926851577,1.456523254465916,1.2470678602801908,-0.764203689229537,-0.7028834414379249,-0.9907482018248068
0.42315700400090267,-0.46956914956304413,0.5956833732566263,0.7400407039883019,0.24644514649756355,0.9070516761986791,-0.6156967680253781,-1.4481199091890382,-0.6758971635984056,0.8679000615859852
1.870714139757675,,-0.16704015861809626,,-1.352353937562167,1.5843848429388734,0.5634079276784496,0.8301471609083767,,0.5048375404143162
1.8880752418793092,,-0.044701170136997766,,,0.13836765845823917,-1.1675589692223822,0.49969393216917796,1.1595871065105738,-0.37986945671451033
0.4335762227067822,-0.01390618399128862,0.44491470704838443,0.9603518798934934,0.46464517899714064,0.9103988022894414,0.5717880311239169,0.9132519911431505,0.3662949902262457,0.38131228681822654
0.7417112134611599,-0.022372574139199665,0.49990083614174124,-0.8413745190377081,-1.7626354777968172,0.1419238995755515,-0.7493951756468394,1.9795201755651237,-0.7522980466550232,0.811422946410371
-0.6647458438016333,0.021359466906960105,-1.0724120223445546,-1.165380363459687,0.3298222848497111,-0.353172624462915,0.7862689557416553,1.291484826831891,-1.5506646672617748,1.0927430541663545
-0.9613089581135092,-0.3330616480631838,-1.401872218627614,-1.371994074277938,-1.9451938286996862,-0.4044838433257016,0.06122944764863261,-0.3714772871102915,-1.790639763668586,-1.9569578783665165
0.01011548795156573,0.7890280349763741,0.2477879997901978,1.8679063014576522,-0.038118001409139124,0.31543192723935076,-0.021011828382882545,-0.781528032725456,-0.16423969468165162,0.8385062906446334
0.8775686153588428,,,0.45748688962871975,,,-0.7150302528151681,1.4280316034895049,-0.9739456715535877,-0.26602199722757813
-1.836414689410412,0.2512418069274512,1.3256076342611405,-0.9378081496273637,-0.28281526084350167,-0.22165033319382704,-0.21508817147438905,-1.0478555781001888,0.037504584426662775,1.5700086137263065
-0.5008910391753524,0.2302184122497797,0.22220837402447913,-0.395648559616014,0.2782642483313889,-0.38083978822536213,0.41763055665131155,-0.07050527256824447,-1.4057614907258396,-1.799054073192593
-2.13795186799206,-0.41015336990135304,0.830682881932054,-0.7300629959283629,-0.2469059315818295,-0.6538326506142736,-0.8349735827811585,2.202601811362576,-0.7980669543536006,-1.3522301427638748
-0.8949477747426591,0.07475771212841531,-0.5734686128548594,0.2859263566306655,-0.7302938816215541,-0.5879731064065497,-0.7073541114531405,-0.09140060957243062,0.7135482468863605,0.8191872042385034
1.407531698032948,-1.3125221181797517,,-0.9186303616469521,,-1.0771365704468636,-0.6890629988189229,,,0.6930208567448592
0.3205203343690817,-0.6626105143563445,0.021266214582276392,1.1407019624876413,0.661555743411683,0.8846474075845674,0.9506527938342542,-0.3279687887951422,0.6337402819147832,-0.37976525583212856
0.595167486022256,1.2267198589109545,1.5538270982770708,0.5947029971033605,0.3939106746627221,1.3877450670275917,-0.864568482838196,1.4458356186637915,0.13070841802808864,0.13801326446943132
-0.45090836129571515,-1.1732091497765154,1.47157892874459,0.40400883427368345,-0.36917531981727764,0.35000451198790056,-0.3366665762416692,-1.7047962834277133,-0.17808864725306836,-1.4069632797837368
0.23783993799107553,1.5858992088900286,-0.6413423513819618,0.7909253524986144,-0.6399093571401754,-0.02042286689736829,-0.8779599333728128,0.6193234228136374,1.346474633054084,0.1924456797138609
0.5355386808325489,0.5336714971860664,-0.24858382136279197,1.3073840693911012,-0.5176793714639933,-1.5723872847517568,-0.9213928123227721,0.6157395905572093,-0.38693819401023777,0.09280797059588
-0.23854618631111443,0.180890107711168,1.0933523691025242,1.5255355680427654,-0.9693336324265671,0.9320279385735484,0.19671723395822718,-1.2231972220418819,0.49424281290965444,1.848477484682769
-0.738073690016625,-0.2287128601669128,-1.6059106906908993,-0.11676817961173329,0.1601886974100083,1.9738171413341759,-0.9343023981381183,0.9639216181407626,0.30067193152789223,2.2340809723237434
0.1752216971168211,-0.051435149866715525,0.8466114458084257,0.4888861564949068,0.9356807530729156,0.5612531958872884,-1.4754677496048274,0.5221291042337319,0.49886443643425255,-0.7396739473404748
0.2895785886139068,-1.8358708881296637,0.2553028917490595,0.6847598726229006,0.9595030012394474,0.7007525302440661,-0.8862358306694338,-1.4653805063883565,0.9411957335704173,0.4049153595423857
0.49317401252884996,1.6812718282083954,-1.6072268477654348,1.8030690169505341,-0.5621679789148174,0.8249311307053913,-0.013160927061854675,-0.3456662464345698,-1.5089176151393349,-0.6724179180809056
0.4670195691476948,0.35503562612889544,0.9520227071531645,-0.6916200101296766,0.7467871317492729,0.0661565231238223,0.6328053656827912,0.5131731454416103,-0.47149942692620966,0.25219935628248324
0.46090621498236806,0.786483369954483,1.5051483947294444,-0.6343876164492784,-1.1663851978138595,1.2866563528636092,-1.2863516847423329,1.033584477573456,-0.9091816052567173,-0.629641655918166
-0.07907361744527186,-1.4513767134926674,-0.9700217210638182,-1.6732096455159946,0.6692194078731897,-0.011593307726498877,0.014424165287834646,-0.06109187583390735,-0.01767803527309515,-0.48202735901282223
0.956361009743425,,,,,,0.3194134369391415,,1.3003947258912096,
2.097253414062165,-0.29897786519615605,,,-0.5176808018478448,0.3855426764760907,-1.8315564790815362,,-1.0144420575330262,-0.5129697442953574
1.382987404055926,,,,-0.26445213354347524,,-1.5725752197192389,,,
0.6897540007295295,-0.04969891379002528,-0.2975589183886633,-0.606855267477257,0.450768878325642,0.6778200708087829,-0.8802476302358615,-0.5243806203034944,-0.1882205997963408,0.32097967291888824
0.30828187394327844,-0.10222175605518193,0.708198077734051,-0.1357663078121997,-1.3966639961728595,1.3371997677917247,0.9799581052771835,-1.377083225388691,0.17851416536313316,1.3005721363188745
-0.30423341811410004,0.7716358115294886,1.110552613751737,0.26819276653507995,2.1430449131270475,0.6498581238723055,0.10206252268631509,-0.16705194922168695,-0.04724484413383193,-0.5644564568345468
-1.1134866001980146,-0.8991553677300981,-0.1424965860931004,0.803308037672862,0.3265267236341954,0.1690360612011986,2.1203567343241128,1.6828571666245489,-0.9125341065075632,0.7044183371290732
-1.1872737496789443,0.2677731105616148,-1.3730865390202207,-0.6069692711358521,0.6238888908475223,-0.4544580724525977,-1.0788849127375595,-0.6875380762251992,-0.9437659845362592,0.4124251188456264
1.2027410710598834,-0.19700983203009287,1.0295082778465323,-0.573262937209992,,,,,,
-0.8581904695730771,0.06647119240717825,0.23946238082817095,0.7566491687695291,-0.5791618851594128,-0.1672346746794699,1.188678645930326,-1.2089637162764213,-2.4751819111604036,-0.6534576856807959
0.6101413745386323,0.08288958102050623,-0.9561929291771404,0.07140808805951276,-0.36667492962245396,-1.5655672803496283,-0.34034474720304786,0.7446895018391573,-0.2778928728435052,-1.5129856942352802
1.7258202405846867,,0.37286204973678616,0.8351244117609281,0.42172846801460023,,-1.8163613523135758,,,0.9721146996355642
1.110890433345537,,-1.2364354197199219,,0.9196265052399513,,0.09387951944976461,,,
-0.7207803071439085,-1.0324556916594914,-1.0633084051629862,1.0640290767429434,-0.3578111412046214,-0.9509890631197224,-1.671047028914449,-0.2704687669652695,-0.8208418978808248,-1.0106021757593504
-0.7741226285833095,0.12177986331430998,-1.1609460147249662,-0.30617725080893154,0.8855967427424334,-0.553414868722205,-1.0640957266966167,1.0552585566394281,-0.08810918347794174,-0.17463765698665545
0.5210803482702776,-0.08642932247036282,0.06989001246450695,-1.5709828859569552,-0.8394799468480347,1.8624428861444817,-1.0402666144211892,0.06866386307601723,1.7419407838328864,0.6867929211802372
0.29041080842545947,-0.8016234591227208,-0.6233101014084507,-0.30916939776859576,0.3371252889090511,1.272567510262786,0.11755594941701317,-0.5708607610342106,-0.0966307081547545,0.5206583306114959
0.33685002500732186,-0.24874382469189082,-1.120277464753466,1.0770277469562184,-0.261838507120198,0.24536439653622322,-0.6766655912612658,-0.702254763251149,0.4973720502754377,-1.2664194622290357
-1.163501308518608,1.5087100539753278,0.8261719087276637,0.4167818932428667,-1.0725033811814486,0.22063333382083072,-0.07367610567694605,-0.4422861687727547,-0.08963209884655332,-1.4309049106120495
-2.0693570481870123,0.29695525061603795,0.16159109073128627,0.2518764651347032,0.7695939777888281,0.5115568327416677,1.4847770443737716,1.1794385467342292,0.058464962128184424,0.15821714878736054
0.22456995380302808,-1.5338134120863574,0.9200012109880302,0.5853424314384722,-1.657539547737349,1.549555293207401,-0.42812998714496764,-0.12423222494936208,-0.143389383679593,-0.1718729748551894
2.394685020185538,-0.2611343949965539,-0.3244423742368331,,,,-0.821164311614993,,,-0.5871871545703184
-1.004930742320734,-0.5320559016067984,-1.7866145166305736,-2.445228175365594,-0.32207211509930417,-1.5359949082398971,1.733833193870985,-0.3589961081253434,0.7085848887782867,0.3091042670462882
-1.062679627702088,-0.4206432378287881,0.7406726277413024,0.6755134076964983,0.8663742113155919,-0.6564534461244866,0.5841314224877044,-0.6048799057651033,1.0108829510313166,0.9800004073148957
-1.37404355550114,0.27595793016343323,-1.0953851680011588,0.827864153825161,-1.1282459937713691,0.32257787598296694,0.7387310056443361,0.06726126550059934,0.8616317701223339,0.2932145066312523
1.5666254516350822,,,,-0.2965947101769403,,-1.3868549378287087,,-0.4730866194971563,0.2538798910618605
0.4780355401493534,1.0019363982549911,0.9442095576506193,-1.128666743258449,-0.7425946109909549,0.19281027235263296,0.2085221615048759,1.3800913336985572,-0.28794011656871243,0.7676252329683183
-0.14286789122981117,0.35774301025858396,0.38833731246019565,-0.022312468543210263,-0.9760068949065037,0.2766733585531977,0.6431997912804683,0.10700172792093364,-2.762845881615743,-0.1766011614729122
0.6785301547020868,-0.9798014924227758,1.066026250584499,-0.6127198821166313,-0.3197458235001064,0.2061674566206439,-0.9212949477831146,0.9118690293948667,1.264310127584366,-1.1001002504231558
-0.1855152395628035,1.893304577985984,1.0994101418973319,-1.6135051663632887,1.1670321499952292,-3.4210220016115005,0.6146336460274762,-0.85678581424698,0.45994163917808584,0.24686337980397982
0.13385392210282024,0.5856814719060405,-0.4959749084016518,-0.598890896714276,0.9305537351720983,0.005708263833087448,-0.5695769054371482,-0.17807713959781518,-0.26475397274719376,-0.3458543447592896
0.443117074192023,-0.8702595241801627,1.5207523481485674,0.2238411935349406,-1.8361500923049414,0.27505942307464337,-0.9303290950670535,-0.02751844996652937,-0.15247368371185996,0.6777813016726602
0.6663847385507213,0.22136893873847838,1.9095994798725093,-0.7247998977483342,1.3656636950390018,1.3934005256239355,0.33733823192876616,0.45876975438731904,0.9507197991528124,-0.3157874000631167
-0.5061330636871421,-0.4540440078289368,0.2924257748280846,-0.4690899033901131,-0.7222058689903554,-1.0358216208500086,-0.9838284513231912,-0.6397040079012901,-0.6169130773925057,0.10727767663309737
-0.7762389081258313,0.4916810258328148,1.967780733182051,1.2495381033666004,-1.061028082917453,-0.29915195636979025,-1.2706660345386576,0.1950710418465117,0.25300255385546483,0.17396352965192927
-1.0493819574939975,-0.6495142465246571,0.9557889235831903,0.3968678639168731,-0.8680831434953445,-1.283940582344116,-0.07275086562428691,-0.12256059697994935,-1.286238606794347,-0.30826844731021114
-0.4845993548655827,-0.5873411103323716,-0.42797298457667987,0.2743140661296901,0.08955774547623539,1.2552197948058097,0.19781748771971053,0.8048121818974096,-1.3235315985277145,0.15181266764674564
-0.37241400793574664,0.7238919852011385,0.25410529215410543,1.5750993677085035,-0.9318506793563096,-0.7113034842524302,0.3412228184513451,-0.1297684073931059,-0.9435523342618771,0.3732649344074224
-0.49526910277498626,0.45053966073986773,-1.6998908215680726,-0.29339584057582463,0.1569190640550196,0.16931038136907353,0.6990296418544293,-0.24446949772633003,0.44764188060254945,-0.06946010647580811
0.7332931042314196,-1.5377413686667074,-2.604312685162955,1.2536639870602642,-0.5685409779610576,-1.703373340705421,-0.1607672948681172,-0.5185863948517488,0.36907345159353955,0.4922455478828501
-0.4174470878254727,0.9289704132547237,-1.2109260213869248,-2.350510767327889,0.14761334353074673,-0.25795503086067073,-1.8945311382272605,0.6093237143124532,-1.6983581136385808,-0.11246714178199194
0.7669405774597836,0.2568012019909327,0.20046282333469606,-0.4742042988575517,0.16849646488536538,0.5085444127193045,-0.6445921588027925,-1.1308467803502575,0.7882994884910923,1.851705659423848
1.4947189365308833,-2.6264054353700437,1.2513901793102373,,1.8006609319492655,,,-0.05005871508666964,,
0.9431165281142663,1.2365935149501401,-0.9438713492762599,1.6403190705067108,-1.2306272888868204,,,,,
0.7055698837715816,0.3373554711123934,1.2804319431463969,-0.8652152502775257,-0.6538210990330074,-0.8901901656678461,-0.8306647445180438,0.04243124778473009,-1.0637399105462064,0.29064738834742476
0.6327497914715964,-1.2226147680882735,-0.6300343300190808,-0.5104576095422144,-0.21930530242780388,-0.16462766797052256,0.9053401945138532,0.9797160960547615,-0.8084239139850876,0.6916852233282069
1.3749291972851758,,,-0.054342242792216264,-1.4036181757759936,,,1.140118332253322,-0.2637495576423936,
-0.617452442640042,-1.4102920454505565,0.7125343790189266,0.5020169403654593,0.9335894113694828,-1.7522238550172744,1.3187764694562678,-0.12561798726405615,0.7773499726447831,-2.6355710576238223
0.4102087260307405,-0.07351153815507513,-0.22066667749401453,-0.0982812496477633,-0.5961047651643187,-1.4122819506228135,-1.2643472752150489,0.026819389519629484,1.3114078829176967,1.1068576834753643
0.23032846667218027,-0.488715164767575,2.0630616201896608,0.6808975239547881,0.5946427717070673,-1.332466035670401,0.2555342091757932,-1.237839131512955,2.081648487544681,-0.8409879278392045
-0.606781454044486,-0.6492722770320117,-0.3701650125506638,0.6704066776268017,0.0030303311187476006,0.042332093170749846,0.7191093149968261,-1.5173681707172382,0.7481438424194141,0.13465258269091576
-0.7027814151115287,0.13176851194395064,0.11330711001527426,-2.6238848186864745,1.3748046218122671,1.2087427356020604,-1.306075700152466,-0.7558080808280465,1.3536143238570777,0.6644697172529611
0.3888262200940834,0.4358736822560711,0.3739803823980428,-1.0648230343647105,-0.5646386894624883,0.9973863238829411,0.6562556832326419,0.2840004092570158,-0.6479431852751998,0.9892256555233488
-0.9666236127385675,1.4808428692760403,-0.7253597827798178,-0.8715440084786494,0.03018643177997336,0.21261930947920676,0.09705333822679708,-1.3228006078288546,0.42154736390375924,0.9793514936968661
-0.08108413845230361,-1.5461553002318977,-0.2113075561201507,-1.132869792413194,-1.9316964181430427,-0.5482119174304628,1.624131858561709,-0.08254245229223763,-0.2730495620043055,0.7100151888700216
0.6111051166021667,-1.4658172665758917,1.8690739567660106,0.1977765183919129,0.9066776249450026,-0.5950292038733397,-1.95519601608075,-0.11687969104617985,-1.1023045340934612,1.1711367571548013
-1.4169974410193946,0.02656225925718919,0.5993948382401431,0.4251581899799077,-0.5009588564907144,-1.7800839592937934,-1.5070032656078298,-0.7572373502321142,-1.4101346103859302,-0.07545653708962011
-0.7625237518863254,-1.2927927224962297,-1.4226738821761045,-1.5919442675346573,-0.05642339991857103,-0.7338905373805105,0.025737743163468964,-0.0773772425968196,-0.20331100432003069,0.6472912408873199
-1.4733170876787136,0.652688095520522,0.39255793726626215,-0.19777663723985245,-0.8079776084474367,0.039524075593200224,0.44860422863064786,-1.4000838567381544,0.6098358844943518,1.7388206202380565
-0.06497892872239662,1.303236672844798,0.47495365705903325,0.2634894244436245,-0.7007182790075698,-0.3410412448497369,-0.980819397205032,0.9432465060343397,-0.7445429272127003,1.7620222215482124
0.43834504726480356,0.39404761221127504,-1.3235333440382568,0.6654854295750184,-0.2203259217519931,-0.5640886183523702,-0.6559194302651453,-1.2412056727971832,0.00989239905433463,-0.16697334546188614
-1.3136030156225722,0.5147608918450232,2.128482996336079,-1.4240183639317638,-0.11323789795598464,1.6583162133759626,-0.7773740510215086,0.43967673089554343,0.39250467390314936,0.6582536239982114
1.832638280111049,,0.19087870370113805,,,,-0.29413911019830047,,-1.0191752501914062,
-1.3815724520277721,1.2266432143457882,-1.0350357499207434,0.09538358643190631,1.9681789217388879,0.7948345734947875,-1.438114983445292,-0.33702669855643524,-0.025868227359599746,1.0305699976462181
0.04725992094928853,-0.15886885680270726,1.7199698999788988,1.580335712160615,0.6986640448279855,-0.6261143666787912,-2.651263362349077,-1.2790644435750935,-1.5438057541089059,-0.06118591791191894
0.937917299333589,1.97582005916,,,,0.40231910917165215,-1.5594705764320915,,-0.4307418292047453,
0.38645431452314866,-1.3145935375463658,-0.424837148523913,0.4488013516107985,-0.25112975360679185,-0.3561585538260002,0.7319943144634298,1.401477322792297,1.216158651296875,-0.3002423941187598
-0.16506315675764566,-0.3091283569285852,1.0559921127362077,-0.3889104426257895,-1.9234411899789057,0.4824949672640696,0.5293101376789987,-0.40531780570515025,1.8531696987374806,-0.5422427839859336
1.4176920815509362,-1.339020668801905,,,,,,-0.6979024907029618,-0.2225849391307482,3.7596148136002747
0.2022644576952114,0.1431009900759573,0.4348682465444446,-1.716065910803657,0.9208732986157927,0.7113498985488044,-1.7838727930506282,2.4044119947215616,0.0030378921235324815,-1.1167749100162045
0.3136189909999504,-0.9088490006989512,-1.6103810950467594,-0.2725501434703166,-0.22754752233162043,-1.5745590645550742,-0.7802885695522332,-1.033059806602878,-0.3573508156104309,0.6476872494297932
0.14136055238474882,-0.03268086935540846,-1.8251281083472566,-0.02808453045951728,-1.087907396840845,-1.7178647013410677,0.8775979775688618,-1.3309695903368775,0.09410882621760719,-0.48718488018845485
-0.9535317206660168,1.2198725923017002,-0.6004573761703499,-0.5325310903505416,-0.7350086593401824,0.1758899248260186,-0.15951304174333047,-0.7018011812648643,-0.9226245507446051,-0.04133828105013178
-0.6504042153523837,1.7245119902183945,-0.5253827094815982,0.334179072766761,-0.09096401025930136,-0.28909530505416386,0.8993156388928014,0.5801896140805933,0.5609624700473025,0.5498998189190597
-1.6143750210636625,0.44068002547502483,-0.2474103696741483,-0.5129018623060284,3.4603255905051307,-1.4736398467762732,-0.09056076293608073,-0.17127714553561468,-0.0818756379129349,-1.0140054763447655
0.2250209433117304,-1.1237494210849472,0.28352843571228237,0.15662534567157552,-0.2441713321817254,-0.07266245253991463,1.5841332471979157,0.5781411944553874,0.17300169123001727,0.4245520073942901
0.04021669585116029,0.5521618324736807,-0.6058878009018582,2.210686323223086,0.18788052448410386,2.826330745044271,2.2167780344973957,-0.5038007438782213,0.23952062222541864,0.3655739218830048
0.933756420797748,,1.206900914989079,-1.7591264943485352,,,,,,-1.1069757171237067
-0.6743158403299713,0.7548532859967063,1.2243775183667094,-0.565529027583885,-1.0367334688485426,-0.8132755602362972,1.1146890482129328,1.1713021997455408,0.3365049794606557,0.2470241481251099
-1.3187034099297694,0.4650848063524656,0.7857199719809648,0.16544645395684363,0.20187520636743977,-1.0317417157359048,1.168449022785681,-1.3592096427840976,-0.016591830108793962,0.4575320856701678
1.1410017003910202,,1.1391956643311638,-0.3021244991088768,2.3239269430144933,1.0878177100618849,,-0.2883806239333491,,
-1.2774373382012698,0.08256237008209764,-2.2723594474098108,0.35834400196830585,0.6379637018432753,-0.26601631575330564,1.1499684355492357,0.8520394160198673,-1.0189270265681467,0.044242074399511784
-0.5193771459827964,-0.32309513287817776,1.1463008992866621,0.6254160285802386,-0.717548470687691,0.22418423903933143,-0.7557008430966041,-0.4847485963031553,1.5391818090217169,2.5469014367996787
1.7790187301618512,,0.1839583807642709,,,-1.4258578758008418,,-1.187754979060972,,
1.859806034480369,,-0.587844436462236,,-0.3633518463407256,-0.9774777303693839,,,,1.4365636368562185
-1.5709143093206859,-0.3800666228928977,-0.3373012046003925,0.17170929625803089,-0.8673020891620571,1.1347649832436177,0.16309233017129068,-0.017680924141494206,-0.6502804314930692,0.5496646887272614
1.3972889099540113,2.69497408217151,-0.9411204414404292,,,0.6798350478891652,,0.2754456329153622,,
-0.93213683858482,1.31811057969082,0.7106918926486011,-1.129787183063279,0.13973018006532983,-0.8537094877557323,1.0605668733806721,0.12295196681936457,1.5276914243439883,-0.9315571383219919
0.22709318381036536,-0.012249101689763672,0.25469710653379835,-0.5663264949480569,-2.250999343054595,0.6790729845314211,0.053619287455233075,-0.8312828540523355,-0.5018079059902797,-1.1692752196050564
-1.8583341828888094,1.0387204772970058,0.5715803497390114,-1.3513119467647143,2.524727929780966,-1.1268138599803557,0.714580273499775,0.003738778413763433,-1.2629577115568322,0.3496780182479354
-0.18444272878332413,-0.6369699138415189,1.3191510255487353,0.6238909034392748,0.7192026987462617,-0.21527036651200998,0.35215081640406826,-0.02687887412460053,0.499209311577027,-0.9715314655814538
-2.3741727119374167,1.3561334949519397,-0.014750270498450051,0.5717298882741338,-0.6844510095848879,-0.2237560956320585,1.520310913912778,0.36386431856539136,2.2047079117864903,0.8915877896404184
-0.6681503400777663,0.4416310950543092,1.6823061273310844,0.22027188868731906,0.6454174506434628,1.4127770885492854,-2.3454411723894006,0.7012943616719306,1.3468129673160196,-0.7675443834032767
1.045291411843478,,,,,,,,,-0.9122584173186837
1.5128848040082983,1.1390451633104357,,0.4642444864555126,-0.4237119559149836,,,,,0.32485925708429525
-0.8053809872287314,-0.6221829657129715,-0.38088598547293795,-0.7761645994999086,-0.342198429261534,0.5838333717200679,-0.8839025016949134,-1.2037601332589922,-0.17822542621003962,-1.1391923075842647
1.3366089123578246,,0.048093864174234315,0.4539887018828007,-1.2621069238929343,-0.8447157534946139,,,1.8315441041637406,
1.2733071416428206,,,,1.525553517744894,,,,,
-1.6105344409372815,0.8012958085812828,-0.5827802660709389,-1.2985658970866802,0.8780039517949445,-1.8282810883433358,0.4543270022342243,-0.4466184702096269,1.6013622362036493,0.4572935849262235
1.0738376606440845,-1.0843774564668485,,,0.6117235369031503,,,,-1.0494276535813531,
0.17194089492204476,1.2708240960383463,-0.9260304298046244,-0.6632453770273885,0.3969061987732873,1.4137864893455345,-0.19934069137058405,0.596531343696608,0.0352224410185443,-0.042442095828194346
1.1518865145465322,,,,-0.3070863629819407,-0.6920422954987826,-0.23791931490540016,,0.2867452378118391,
-0.42056553136855745,-0.3716533947552212,-0.763341969986268,-0.5794100440854844,0.9007318425214945,1.3639864224576488,-0.3130197500698809,-0.711005514266486,-0.08126652023530967,0.08429462977822161
0.6920739505411397,-0.3963772762042935,-0.5420282984291779,2.4516020859195726,-1.2935791393547003,0.9011226999709963,1.4897141087045558,-0.25381961602114944,0.4399241527124385,-1.6768223001528868
0.024875239334542547,1.159503161805732,0.12049178677820234,0.038221753243343475,1.7342468378257512,0.8190847356362267,0.7082494712325954,-0.8105711055341674,-2.44487564343316,0.37305408913361326
0.0055375687886655,0.762534496227099,0.12467705281971488,0.044380417415746554,0.030667485360682353,-1.1097025323228094,-1.845032125792193,-0.8856264402365767,-1.102632246177247,-0.045799231298551804
-1.6330238011702487,-0.47589542205904023,1.9294566143624556,-0.07457367747954395,0.048074629511359004,0.015501714912123469,0.2119438809758915,-0.5264439049983751,-0.16514536481678638,-0.5419790812043392
-1.4929303136071763,1.1729864512402897,-0.8821640812191194,1.6005994102173444,-0.764770392641639,-1.3585639617024419,1.9358967602362958,-1.479647048873489,-2.264622044358739,-1.4463833329934233
-0.13787276380119917,-1.3377708531486054,-0.5626075878719655,-2.0334351327657414,1.0874694536025424,0.4198717735446376,-1.265854677217792,-2.315521670063731,-0.9037694342481265,0.6501784788449142
1.0767187471565436,,-0.5014481872480893,,0.3043506695232492,0.8815186646625872,,-0.37387218037669834,,1.4943699508444879
-0.28661821683713307,0.08492198299469232,-0.7514452002581743,0.08030386487064278,-0.9265416067594404,1.421863437188308,0.8861352166328608,1.7370251846384024,-0.5600062849959032,2.070365163900416
0.24456198665069406,-0.13379302067461346,1.2580961610583692,-1.0205203564329381,0.033500599142358256,-0.15638696999657672,0.4175603464662956,-0.44368138907141913,-0.5394097938391252,-0.38072166595062285
-0.2904824175152348,0.07865589038142363,1.2880035180046063,-2.1564928467300883,0.766406929407203,-0.4722113414398942,-0.17889960925033943,-1.0867177660972345,0.046154915289432545,-0.39137677762789375
-0.22494454284208507,0.5831252459503988,0.635362787623228,1.4199754374543951,-0.5922814731684519,0.6823523810215764,0.6335019190102824,0.08776813280931153,1.6854373542463181,-0.6382775390964593
0.15093407078813034,0.30494592240308166,-1.197871699179025,1.2649437860271882,-0.10659998674404744,0.43726811619666117,1.5797343100382777,0.21501219585600634,0.040357747723497664,0.06641002481076717
-1.0049286712296766,-0.3805750594523287,-0.1514356065259885,0.09819696597439909,1.3786407316714255,0.929133852946947,-0.587629838852363,-0.023474778490376377,1.4007757468111535,-1.723980599187397
-0.22748594827661964,-1.3061544758744812,2.443449313702831,0.7722941971301226,-0.49624897621093694,-0.03577948467963208,-0.8217638294834518,1.9913599512053968,-2.293225960023028,0.3274490144602063
-0.07117525363178119,-1.028760115940872,-0.25128760168756,-1.6207258295952767,1.5698218846322334,0.025619960925881067,0.9150547754471818,-0.4845930915893947,1.344587098526743,0.03476991283272527
1.0729254917029032,,,,4.185392376147101,,,,,
1.9426506730151651,,,,,-0.8698086949806866,,,-0.5999437394476744,
-0.35691539602234457,0.04730939065453008,0.4113332069626125,-1.0039858520460638,-0.999076988592936,0.8672625214002206,-0.677366568695591,1.2796885943205643,-1.7750807881181063,0.9353454736894465
0.008242859118429018,-0.09357027833265706,0.14736988657206787,-1.4458906517663643,1.1220728954721506,-0.4302915440392314,-0.8342612863418903,2.164547359122046,-0.34887857971239633,-0.863639056873495
0.8129137773143459,0.26347755071223605,1.009922334202935,0.08341497661717148,0.9551346228216298,2.0524581648903046,-0.7578573580063709,-0.4588776564087461,-1.6026189087695937,0.37998598635225606
0.125128271741058,1.2627565544261392,-0.028611558363866068,-0.0842118186586546,0.19573369295141962,-0.23416581367694428,0.3680368669915031,0.22645205713167696,0.5389461906213191,-0.22787075381206529
0.5500774792063207,0.6171117417472465,-0.32635032458753543,-0.08167107789259274,-0.1759136347689152,-1.2270154527816408,-0.48580138370168185,0.7606321802595968,0.8461699302664386,0.3385517570466819
-1.0132327102166894,0.9787473789375191,1.8520041397809293,0.5933824169830412,-0.0027748116906256472,-0.8639286645396236,-0.013951633902652928,-0.49485183686532086,-0.19908602310475124,1.2891982290372876
0.8831320199405988,,0.08784794013594802,-0.004849926662765284,,,,1.181903680601035,,
0.9077810073790405,-0.6659373355741985,,-0.4440228551789543,1.3559993300913562,-0.5233895316213498,,-0.4709771734213023,-1.150822276212221,
-0.2623389368205076,-1.4027646188017813,-0.3984258625921583,0.26347940876772025,0.3767922478472071,-0.14065978007264462,-1.1983229484741909,-0.4113324294234261,0.3452448581935191,0.620678926791895
-0.27298093024234366,-0.7038964523178739,0.08309058349977848,-0.3537268778661025,-1.0184359575598905,0.3069700653196302,0.018441548193068806,-1.107558955443708,-0.6312403447070666,-0.18969293899037012
-1.5240244341296596,-0.7269211204010397,0.6318013086559404,-0.4898876019798984,-0.7984574182318454,1.0827139637491425,0.3495194914727467,0.6953755140774007,-0.785284871883032,-0.2844078018330473
-0.010795486788125076,0.22681281720858548,2.2857700110385593,0.08412866350516737,1.0838173168620735,2.288303674704206,1.7161132047709975,0.1574070470631304,1.1476122847571364,0.1275493405793121
-0.03896122252821505,0.8410499269636086,0.8836055866201507,0.5071248003416349,-0.1675319034188134,-0.482928643754159,-1.2067925496416079,0.16230718972143365,0.23653022135982932,0.8304209598635467
-1.4591815384101388,0.10412956900386136,-0.20249841952831338,-0.05750396918319368,1.2452428163384013,1.2816298021597206,1.0156528324075775,0.09375612588588961,-0.1894057854338804,1.204000793992711
1.7102428758175923,1.5988104913788184,,,,,-0.4001041596630501,,,
0.851925192223443,-0.5143941170353359,-0.12435213657404129,-0.9219005360494815,-0.9194594574162143,0.6174261679196607,0.49829294348436975,1.8403957152877197,0.02602488602390775,0.15551482427830707
-0.042879456311971986,-0.9727117907904738,0.5893259960304628,-0.16918107370413685,-1.4355891019180043,1.1073164807347364,-0.574487448016063,0.33059344879663793,0.36611505619337054,0.21019416060869095
-1.004334604069898,1.3961800880031185,-0.7286702240725952,-2.4561847999218465,0.8485345074604894,0.8157924442978518,-1.1948344722977338,-0.0056189655076366056,1.080033266787163,1.4119352569526147
0.6124828418030751,0.8268949016908166,0.7168648941506619,-0.1371681247346364,-1.088978130396528,-0.2612012745893647,1.1242461408424087,1.1148048291816826,0.20343122775245637,-0.3334299249710061
1.7347009804091311,,,,,,,,0.40892911064028054,1.4284970234961765
0.9760099779556906,,,0.8896226271010507,,,,,,-2.3075812174602874
1.0602300356479557,-1.1190243516098648,,1.0943141510430854,,1.3587330315450046,-0.8292424879145295,-0.14690714849539246,-0.7758466828458248,
-0.7588783416521854,-0.8272889343982527,-1.2309744659591526,1.5424909014630857,-0.9695328089106421,-1.8870488895895812,-2.064441067420081,0.4356499514719061,-1.734060759937546,-0.17818164108405513
1.9695657492289267,,,-0.5296576149135137,,,0.3087214290429296,1.6571451981776704,,
-0.07553196690074823,0.9601447653754634,-0.33841373639649,0.26654372941880455,0.5113565936541125,2.152607132914296,0.9225214126450726,-0.8727208054633682,-2.191212304061635,0.15037918059821787
-0.7051472810039355,-0.48578647268493846,-0.995993020104674,-0.5052633190184702,-0.5252249864586956,-0.11569742859401713,-0.6727608953626416,-0.7171198987592359,0.5300178522865476,-0.0025512249662250543
0.004471787271780003,-0.04938816727175772,-0.8950447469617241,1.4368069781314492,2.0323156667683744,1.2385075183484349,-1.7642189942090074,-0.661629274927691,0.7079965013258385,-0.7501097605433126
-0.701059446886939,-1.3713288511061545,-0.3623128499234831,-0.821555571104915,-2.390992658529237,1.151445779298955,0.4166936217950918,-1.3356246293793088,0.8679271924869907,0.12689101404353692
1.1592504566502857,,-0.7753222544291138,,0.7112213134701749,,,2.078296141446231,,
0.1772999693300673,-1.0490538330834498,1.2093893952619374,-0.8562808371802846,2.2311495051145913,-0.29242185754936173,-0.043931287700614365,-0.46468676393901565,-0.716912938547202,-0.5303459864086761
0.23167452176423062,0.017646930744187824,-0.426983160112202,0.3064903120339047,-0.5428361177582295,-0.004986268308594709,1.7658123444029756,-0.5730788784826691,-0.30338207043953974,-1.1548298201110088
-0.33834239967563867,0.3745802287245328,-0.5286038433816972,-1.134193251942153,0.36149172780812594,0.46728100803308903,0.6139813814589361,-1.2391082057036844,1.3705392826312237,-0.4878760007275394
-1.0076996898899382,1.02454036457366,1.3352739141070855,-0.3153331186243637,-0.8327201252801807,0.44230562915437105,-1.3324591792065268,2.5515774970068374,-1.032124519048439,0.35616043979492495
-0.16073894973764777,-0.9197513633505423,-0.9357959657603588,1.1277299214817833,0.3672586084350995,-0.6961116789791948,-0.559929936262654,-0.8136499567392217,0.8810399583442104,0.9223176752430814
0.5273408722675411,0.25375185574897885,0.6266391109489157,-1.648964161845112,0.27514775304023786,1.0684480517707706,0.23099400385724767,0.05296480295535827,-0.635995290096178,-0.5694067157267235
-0.5232917752107186,0.2230149613343027,-0.48508636441631203,-1.823400254514285,0.7977437048551236,0.5222153857325661,0.3552649100120011,-0.936846951875259,-0.492269619563498,0.5189893355155979
0.026433462774170035,-0.6979403305023205,1.2996402265844402,-0.8471113719854952,-2.985050701544979,0.08731497638302124,0.1299029239898308,0.057975101147269614,0.40180646866123215,-0.5569805122932906
1.0261119661579772,,-0.02141544868381195,,,,,0.0851361950645652,,
0.3656826970143673,0.02861162043150552,0.3433995940381602,1.5744127268127983,0.11603663593846616,-0.9950782238654786,1.961026687918827,0.9791020366816946,0.6540287280509017,-0.18264681193686766
0.739697718611668,-2.057384995395209,1.5462459302288956,0.8963281424025235,-0.1770650438261844,0.8709373027227347,0.6188346036430776,-1.0093724457697961,0.17892212801248067,0.37502334317049574
-0.1338480906057116,-0.21923879308047506,0.9012511796339018,0.1759955317775745,1.8778255498533332,-0.6532013528203139,0.40945642076828703,-0.9204617802346134,0.677487785252865,-1.1143583432837123
0.28820483818171344,1.1806263785062905,0.051976227224098066,-0.9906645046863239,0.9450799287748244,0.36019947939557734,-0.08522200905030376,-0.9677681684538197,-1.610365593650694,2.2515982014605713
-0.5731868494685731,-0.9929430406697745,0.31466185591302737,-1.0180978662326348,0.4981471558408333,1.3510613708201313,-1.0578718538731622,-0.29874848923604497,0.430844338895213,-1.2181277125230872
-0.9108804361630758,-0.11675549987197163,1.9607475782271162,-0.8527950936828729,-0.2827986031018016,2.47957651638597,0.7951502975532855,-1.6942594634897217,-0.23353699017699342,0.5849652380873986
1.4466786769726943,1.39286540975436,,0.7169223985982338,-1.2990345108545163,,,1.0305018933682897,,
1.5435378563989501,,1.13811255379409,,0.8538555842141751,-1.0426517037912517,,,,
1.2858438743053187,-0.09817849666435922,,,,,,,-0.8057802375934286,0.35924264360008684
0.022648993029879255,-0.00860186250715502,-1.5298006476638677,-1.0108465367052464,1.8146409632841223,1.0092668385323302,0.28286017782211004,0.4618588267921807,0.7434400749644587,-0.4482346930810052
-0.40710701130899807,-0.6158523802387673,0.16889056648750014,-1.1506031437867987,-0.664007837950819,0.506057241083853,-0.3529336999351693,-1.750580036448289,-0.3792184636345675,0.5454909841556633
0.116006710010462,-1.6897663451151403,1.0322985319162716,-0.24648088047230418,0.33905267265349637,1.0447192198348048,-0.12378941971293647,-1.9090640419961018,1.7555240661379332,-2.2076712796905817
-0.3325548373736443,1.295672839501498,-0.6972767392325849,-0.6381316421704673,-0.21672320381380833,-0.18065432421992977,-0.8602710154159765,-0.6358635311609807,1.0747302821089217,-0.5311966242261869
0.5024790498324364,-0.9128302094857779,1.3844456400731278,0.9376357795393673,-0.08961287131238058,0.641339283613417,1.521878543692935,-1.0018261433355369,-1.055902888525058,0.373940909721983
-1.2927919258497096,-1.5522175351965006,-1.6032205626033766,0.14845009843927257,-2.0354799637002787,-0.40337687741972234,-3.4303161053613493,0.4378658433631164,0.504883409081898,-0.21243827006390748
1.181642139019968,,,-0.8774399744071856,,,,,0.9292670534895217,
-0.057947049478608646,-2.8391628678610155,0.5328101712168577,-0.0610362159820146,-0.5401603459482648,-0.8365269067489939,0.1108479026873872,0.4679658522805539,-0.38213401812544,0.5593105321606961
-1.1522974575226794,-0.6523390877043609,0.6862751433906721,-0.4044625288703316,1.7168044208230004,0.27694180951383246,-1.1680169712426896,-1.5690201662558225,0.7843988082115785,-0.6071515763606675
0.9167629368904546,-0.5402751166205304,,-0.33542687599634463,,0.7293510701499574,,0.6610029480998136,,0.41562148904458224
0.023013107056657725,-0.2621137585593563,-2.391100388788438,-1.6686256084009043,0.2273527218085698,0.3535097271349647,0.4093520574258811,-0.007231229138994007,-1.1985693639784207,-1.0280430845594297
-2.1091399391231205,0.12461753155506258,1.905679372322863,-0.09189705072256006,-0.7602317556000247,0.025617231570010474,-0.13567489903833627,-1.7362993557646431,0.2541631676884687,-0.10860573495457444
-0.17057506071981282,1.988293932324086,-0.10127352876156186,1.8225911927297314,-0.8271319088099482,-1.5101047652732937,-0.80983859864726,1.173278388360728,-0.7585724001108948,-1.4260841307951386
0.34027563325496823,-0.38348531769074223,0.5744592317170595,-0.6716078480636146,-0.9233148632875291,1.6593842395052976,-0.8326561208387628,-0.8354730431216942,0.46167503818557865,-2.7866125033742954
0.7327898614482384,1.7884705199301172,0.8652488276747938,-1.041090872412623,-0.7232911679393279,0.06434317357817587,0.3651585923183216,1.6139684876441767,1.568900983020855,-0.2152418879864839
-0.5312963751131644,-0.7816199382720409,0.644474681956917,1.0799035366815721,0.0682758246515674,-0.001217976142942459,2.11306531579333,0.6799923421181768,-2.052900853764739,-0.03427420029539029
0.2014690411719808,-0.26943891209188064,1.2617550010989058,-0.3297783555168877,-0.9846708925942735,-0.710177039127226,0.674499023942638,-1.3548934741829728,-0.49296267914126063,0.8471948739556852
-1.360351354010711,-1.0372706013146533,-1.6950952817996765,-0.8955529897503044,-0.5224537654967075,-0.23726139677793798,-0.9167284254682811,-0.38220501311161775,0.9796742539573033,0.33392383103922246
2.134412613905938,-0.6730099931648463,,0.15417301062009395,-0.5144722879310553,-0.026588689854458402,,-0.37069559621510284,,
1.4487890260383256,,,,,,0.24828026628848504,,,
-0.17353446462051816,1.2092227911078133,0.5763939458896532,-0.9830153060263136,-1.309036407284102,-0.046143191251404855,0.78518405918123,0.5162917587204856,0.11546426330490608,0.6420516278935837
0.25746018313733177,0.5993481195095778,0.9374132080242569,-0.4448715534483412,-0.885814228175898,0.7289058773832543,-0.5107568770846267,-1.9464294852055808,1.4273884612234093,0.2540473641853994
0.20942370156229748,-0.18489883036996624,0.8372046373893748,-1.283219263097268,0.0035483831768761465,0.2822776196970769,0.5510041454954225,-1.7085074840000523,0.5938495015644225,-0.41866757822289136
-0.6515487081497551,-1.5615364906960245,2.2325819540802514,-0.12814935482035794,0.24566415762720134,-1.0518242434800955,-1.5293851599672574,0.814628289612699,-1.3499754030049285,1.3035835698788258
1.8005308677403806,,-0.46121622209937396,,,,1.2545153879228121,,,
-1.1301904742993538,1.3286422862385834,0.31003584735890516,-1.795133278406963,0.5664913178466858,2.3711844191659326,-0.39401976105508063,-0.666339570349063,0.5816093994114584,1.006427983363988
0.8215977618515046,-0.3171005608706842,-0.4205169999136284,-1.7242805210763965,-1.2297701084726775,0.36070977262972953,-0.5345600654083575,0.24641987846554825,-0.23862148413302356,0.061772947269941744
0.01939018887137596,0.7461129563504274,0.8486956337402131,-0.017166934345416766,-0.20427166539073296,-0.03588192858585789,-0.7840207505970331,1.086261398224424,-0.5620705198791994,-0.15985709491635494
0.17621296728692384,0.3100268073841399,0.26891099935983964,-0.13666361102124142,1.6448206157080425,0.07527816734319444,-0.251277574620686,1.79755479635074,-0.7777267692106818,1.7948521285299837
-1.9953983566656357,-0.40171739255403877,-1.669719132334048,-1.3621241031548947,0.45285271877236555,0.2855222191962605,-0.6083210537732245,1.6337023478347215,1.1343616225380784,-0.051584473049058985
-1.80858509993356,0.9588609165750775,-0.48268587674692615,0.2922178234555246,0.7977042517285968,-0.40124832201813837,1.278777937491745,-0.37950604508848296,0.5388080604158598,0.7551657759152349
0.9123116709709266,,,-1.1328333049852195,,,,-0.5501065956413381,-0.34770528247309784,
0.2729950127318926,0.6411721520300334,0.6828899726036113,1.1966901812995347,2.002864408903629,-0.13354170418082928,-0.2137179570266149,-0.36426707622675264,-0.27683682097047524,0.3689307868108702
0.6355897341796086,1.7261813973562248,-0.708984923577244,0.35861950216887534,-0.8406627644988907,0.4048726032922235,2.67259344211181,-0.13679731236659556,2.452480285115203,-0.8369519718490916
-0.4602865695088625,-0.3426232914162157,0.1748572049718058,-0.15412248047764193,0.7639669332207791,-2.747700285417222,-0.9798523711030522,1.8944709958258983,-1.4076116080477972,-0.3566261054513704
0.6124990105185468,-0.045481597599904375,-0.849865793596008,0.4451080036707892,0.8358401079170998,-0.5969660654773071,0.4073987845246225,0.8607852309353631,1.0804627676037037,0.3700676784677221
1.7094694505812653,0.047324322479521216,,,,-0.8934366273945598,-2.2419167514076364,,-0.4438866247771558,
0.2664807832866545,1.2371721697731988,-0.4905090269170763,0.5939128828901091,0.37152063503068533,1.3794451099647167,0.19135009618137283,-0.5236427265532801,1.038622838415348,-0.7142060829037725
-0.8173426817939533,-0.044053448012461506,-0.32612772117997424,0.016720876477867477,-0.6679399753656736,1.1199829796974197,1.1055090461320238,0.8306419252548379,0.7318559643520873,-1.8480460460652457
0.11630000179303243,0.857806674265168,1.340692156477154,-0.20389035486540966,1.3035101869146617,0.3073596829092974,-2.582983043591385,-0.09921553146566349,-0.8401468836927155,-0.6121269704648359
1.0520350942115315,0.2974664175105722,,,0.4380482978077294,,,-0.8263248589019113,,
-0.5535055742272065,2.177776877756953,-0.7364534944881657,-0.4734354167872086,-0.8240730839846628,-0.1832555526515422,-0.07238586256669957,1.2183132944843145,-0.4056857814059109,0.11420315340439346
-1.8740880212626192,-0.8647681582978382,1.085727157117329,-0.855810763779142,0.7676083426671935,-0.9256363070750603,-0.17293377524404896,1.7148921577608205,0.7450603487968275,-1.9521629731780006
3.2213632836183064,,,-0.4462337156050771,-1.2288088205833405,-0.4511229502585033,-0.6533177685393599,,,
1.4204122569684776,0.2144071959803181,0.07749252550331139,,-0.2802713499195037,,,2.550899737540014,,0.2550255723641175
1.21768091956176,-2.581549959245936,,,,-0.5428715148276118,,2.144357871600184,,-0.4819255042130079
-1.7982696406250696,-0.41435428860599294,-0.6395342026643075,-1.6448342049641151,0.5828530590118595,0.004421231660512868,0.5005578570692986,0.7316839720112999,0.6847228984214713,-0.06438907895409471
1.6399542189376983,,,,,,-0.34028745141290545,,,-1.3076569111208294
2.7470701568450187,,-0.20443646170981308,,0.5319940726795065,-0.6549105078505438,,,,
0.1407452709000729,-0.17630602724062872,-2.0137337114984186,-0.680982667474513,-0.028749213948355876,0.859328423665093,-1.2818701195739994,-0.3009806863416429,-1.1001728066995973,0.7251659192031079
-0.6682853493596392,0.5188031362353551,-0.3583518099719248,-1.7038902156724522,-0.06995989665643444,-1.184424734654766,1.119400677195801,1.8182105072776078,0.6377032348954614,-0.6406136984092022
0.022283040187642184,0.2901139004913528,1.0846206480392866,-0.18834477261844668,0.4081669684754393,-1.6791651661266378,0.24176785826313688,-0.8603594154533087,0.04282268258939847,-1.0381483218833778
0.4114625113789611,0.6380191249335275,-0.23299861727229443,-0.8660229232630235,0.573906121627098,1.5572648582252497,1.9216318429288808,0.39588673868404606,0.27821845400023365,-1.3152197465808184
1.3138788258958838,,,,,,,-0.44872963714144154,,
-0.021936604401464853,-1.4756630812292326,0.4028991994998777,-0.37963263320253104,1.5868691749735964,0.8600627818067659,0.9725803422556855,1.8616079874267102,0.7360041948965927,-0.1462796994846912
-2.55851749983598,0.24089953125387903,1.7307608024045789,0.8946366013047494,-0.5075329131210691,0.05986486347562425,-0.555837076708538,0.3057342631269141,-0.5104007573321692,1.439368238580091
0.12032803834622356,0.2576024992965399,-0.8282468875896338,-0.417721766477448,-1.1555579868316717,1.4171402475299124,-0.5132877496265089,0.15970577768380276,-1.548969137860491,-1.231916651570955
-0.25034755137895015,-0.3113326954050236,0.2447374485596963,2.011113299963437,-2.0172718774432883,0.9784557624741715,0.49819843686628007,-0.6181157038734009,-0.43364333526422927,1.1200712225265157
-0.06228907824887297,-0.32195610999986624,-1.0486517761781788,-0.8360781439353422,-1.2163147104219918,0.8845012110314373,-0.78418830178629,-1.1940459640287608,0.17468148101471628,-0.8162277061001153
1.546736065606593,0.04110044596970953,,,,,,,,0.05933132598238289
-1.632147366860709,-2.1047554947661276,-1.212697026723323,-1.9509485139466054,-0.48646498550897116,-0.7728843757573324,0.08865730218244969,0.7092317739861159,0.28934957189132554,0.4344474577897874
0.945945071667633,,-2.606810122403495,,,0.1961792549383555,0.6951393807115374,,0.21939802203648023,
0.34610949923890166,-1.1902104451275084,0.7548923442262621,-0.17134427697872753,1.6827617751937896,-1.6005279072570708,0.004541213990537945,-0.6275791504764482,-1.0664681550902844,0.622659544520559
-0.3175413398564588,1.3305365327330603,-0.5308779963337478,-0.3925913141615814,2.0146423915312615,-1.3508808150009164,-0.7836325891173375,-3.089836178460264,-0.44686228915200366,0.6907718281411241
0.40979032312717495,0.14421914892074872,-0.87628277555108,-0.19039514015787284,-0.3975581198712593,-0.005475264839040218,0.17420316964448387,-0.35079136413298767,0.02382212800462989,-0.09780251529681279
-0.6749731253544429,0.07951458922246425,-1.2771034145538074,0.18137037379088303,-1.110766230072864,-0.025524225453028303,0.4654230742390676,-0.9259017492940642,1.032843131635385,1.7882588623273064
-0.6500449482835391,-0.14474573434286345,1.2119268157965037,-1.7981096702610435,0.03338787208606491,-0.3020534965164911,0.9004635695570131,-0.24513162222604098,0.45196775561754843,-0.8231642081186157
0.9515917683498347,,,0.07619403800400533,,0.06303919742285281,0.606958893793393,-1.2293576415542136,-0.8469996640997515,0.0888278290524618
-0.5115511905929284,0.3295814302203089,-0.2092495451225207,-1.3196985871688065,2.328378567840815,-0.339842827342005,0.12426656634393181,1.7724050685695085,0.8628943419207261,0.5475083828247854
1.0577982766539016,0.5514494443099891,,,,1.074794799403449,0.6744392989608057,,,-0.7934400346040281
0.24291958683135326,-1.672265387408555,-0.5832981376507319,-0.3643473209793597,0.5366623565584538,-0.5877010285188808,-2.1658714835919026,-0.49031778138979615,-0.3805627934158842,0.6330715550280088
0.1480691767212709,-0.7666585303835876,0.2770446552723525,1.8336680112614998,1.1703458903013328,-1.909485848414914,2.4751142919896667,1.1838051029721426,1.5853916632926477,-1.5198705173576088
-0.4142634975485859,0.5885070929573345,-1.1215742749172974,0.527836216938824,1.6332605436575152,-0.33318971899296973,1.7033657576301184,0.7024950285253644,-1.8586781205045562,-0.8689045244416046
1.108259289646235,-1.0322088974148078,,,,,,1.6824664884898979,,
2.006314289880373,0.2623065087315078,-0.4906346713818654,,,,,,,
0.8940895460819456,,,,0.7439455695316678,0.0037442377514279564,,-0.05970310510188312,,
-1.9815142463010538,-0.3371213491306851,-0.7743430125369115,1.5255434759438962,1.7497619418578367,0.42315176956679856,-0.5788246062800945,1.7211697345186445,-0.6983775205874507,-1.3840671945838998
-1.9871190867305142,0.10234557791637779,-1.7149850725132252,1.4188722543737393,-0.5804467113046599,-1.2863878088677003,1.115655409985736,0.8758731109819131,1.6634146903484004,-1.6995175675249314
-1.9101227407995527,1.5607037542235136,-2.80622934316639,-1.2154886102712676,0.05532548969889231,-1.3294425011462314,0.2112934714174492,-1.1486648328537092,1.2900803173723454,0.7178080100357097
0.2750893193390455,-0.35498920563486125,-1.0334797173296493,-0.13470649683108452,-1.2318548829133482,1.9169616630267308,0.3192715578507945,-0.8701064796411654,1.5658600748783549,-0.04616330358731768
1.398763441082031,,,-1.2694011750622944,,3.5891024814820542,,,-0.471885448150763,
0.7039502809917939,-1.3389038574106369,-0.8308003624077673,0.3086788390292775,-0.25060354182865996,0.16308896462003689,-0.03101725067689751,-1.1722153858932498,1.4645811648096032,1.143013976746464
-0.9556023804315567,0.47676371977012566,-0.49059311087601515,1.083362267829888,0.8589423199285287,1.2560626622635453,-0.9472807107178126,-1.3547948241879373,-1.8584909168964812,2.6751871909271556
0.9061329490683947,,,0.6354903657033474,-1.7216449321772125,,,,,
-0.5229374797412035,1.3533642359534053,-0.047357763961345896,0.37366369261082527,0.5502771571159762,0.4596685124881246,0.22845849241353955,2.1526020938568053,1.1287944258168014,-2.5566794709854785
-0.2082191228114551,1.4860620005236773,-0.8131107738304659,0.004646132873955009,0.07933725207782442,1.592076724020484,-1.046712550968909,-0.9032701194993649,0.5055189367833007,0.34470244317246557
0.5220641981181359,0.3222619532587657,-0.11850083098054705,0.5603022426567141,0.20535594345559519,-0.2490959504878267,-0.06340361025773195,-0.5396337895943918,-0.7079291899542945,0.5575774903787976
-1.3068428561645302,0.6888843827464121,-0.26382672105733807,-0.10316660885261454,-0.17725783606260115,0.5032342384443919,1.4801672901078342,1.8035490476951013,1.04761838533181,0.07852914435797637
0.799396981638203,-2.0219517723819074,0.6078887202670324,0.3896759985851268,-1.5447092781933789,-0.5811031263678854,0.2776048420861495,0.3816791395938907,0.957194988932531,1.6697025884931387
-0.14918974098430088,-1.1379729000679515,0.8219335359894188,1.287855606479107,1.2675316647754302,0.47075399416226427,1.9998412191374086,-0.27391286768188733,1.5993336465822894,-1.160238172799289
-2.266136149514338,-1.176857786084568,-0.5745412439731823,0.0006961110140280649,-0.9326439466833596,0.127771801180315,0.6468139862367529,0.35267101785503147,-0.13776251736100467,1.2026237016768004
-0.8004416651429315,-0.2411989274205278,-0.5499791617847674,0.6527764322875707,-0.4254836329231534,0.40016258242276226,0.816332382970212,-0.506870754250755,-1.5983388498473343,-0.2252258778078591
-0.7956209044974292,-0.6423928326576899,-2.471166198972234,-1.6204101237540864,0.7999787282646555,-0.9374212751499507,1.1559349660342726,-0.7156222731044748,0.48630509121740767,-0.25320424669034053
0.6496363323656298,-0.2534664544483406,0.2132589920077789,1.2308320933936125,0.471058814018487,-0.68820718687919,-1.8731719019443902,-0.10894452167956516,0.43030145483861515,0.15397800519860638
-0.8778380797360987,0.15166598389338462,0.6598340598096136,1.393543849935493,-0.22596405781699544,2.456952178392927,1.4532537318545935,0.16827787704766903,0.2616260284245627,1.3889257609056627
-0.9632495022679479,-0.8023257063839635,-1.2879551990552904,-0.25514527953288557,-0.8600172953936491,-0.35495440644871934,-0.034682219248951124,-1.3784530528806787,1.3662296028259473,1.1918897601887954
-0.45992548833987135,1.4818550123016536,0.3884704076139478,1.0991448012132032,-1.356531806357553,-0.3363533516832789,0.6282181171444882,-0.16392749419245808,-0.17587296385205445,-0.11067110952612426
0.37345891419452537,0.11146453575867746,1.5580853030020971,-0.9894224329610636,0.0945205546507058,0.7039187080486304,-1.2436711356496943,-0.3436981256919939,0.17386028933460673,1.5028914956689703
0.13639041543375555,0.7579925098484448,0.8234589786115935,-2.7558007667622784,0.08038178390477761,-0.4356980511140914,1.5031602989801447,0.6986616469927281,0.8747413405226759,0.5196293422694717
0.10478298834167868,0.835563148622403,-0.021329424002468924,1.284276084862391,-1.0690183925806547,1.0378626702021616,-0.36275427721804304,0.6794561461898398,-1.5717342018637839,0.2696965476086774
-0.15112078134708434,-0.0453405731107295,-1.7675384382749777,0.032883897674916195,0.12968776027585743,-1.781607410711804,-1.150696535197037,0.15768984363677888,0.406905337536949,-0.05061573488376013
0.044928817188881955,0.026899732873709066,-0.5448497175293392,-0.17823675566305183,-1.4015784789108943,-0.5846590916895327,-0.042421743362066874,1.235937758586926,-0.12164810702639217,2.061441299064241
1.929962046849682,,-0.41376323429783696,,,0.4386234693329128,,,,1.4879946477347394
0.5015422733638804,-0.3102953284624425,-0.47227835473970015,-0.9912827668418491,-0.06983639285145801,0.17070523490031445,-2.275503184736702,-0.9641924003504936,-0.6765616901911696,1.085483607144412
-0.5537759720114681,-1.794364762781224,-1.1009496307664115,1.72444633481467,-0.3727774697630878,-1.0384619980193752,-1.6735781365800437,0.024407422948492182,0.12973917985616923,0.44110670232486415
2.726756488232075,-1.236253572023852,,0.29243495926460894,,,0.511324204099532,,-1.063967101212155,-0.8934550616793532
1.5511652345315758,,-1.0911545918461711,-1.7317911503767314,,,,,,-0.005359723931514995
-1.9297957351332797,-0.8595994568759217,-0.7857743632605924,0.4754809585219932,-1.3669110664599418,0.9440140019379862,0.4754656733560646,1.020078210333031,-0.6601984214048572,0.39651290807256573
-1.0358784285684035,0.6767030370643364,-0.23730997666548614,-0.1391801524080468,-0.03272369152858647,-1.7413781789808618,1.1898340569036814,0.08286493985157528,1.1938633122294207,1.1201423688408105
-0.8132858317482835,-0.2698588190944404,-1.5508097683170101,1.2259611704677356,0.3246164724884401,0.20116272525732562,-0.2760657853215909,-0.9697600554917739,1.2827073923166963,2.00547988420852
1.3215491960008314,-0.16737981323559975,,,0.0940937627163958,,1.2483784769365343,,,
0.07185126855650104,-0.3796444862322557,0.17274247239472332,1.7830479106848813,-0.541843917254184,-0.8315896247560578,-0.6468379138294974,2.1541369647304385,-0.460761978699261,0.2594483985170599
1.8464671463062388,,,-0.4831784077039492,-0.652815019642573,,,,0.3250351382997758,0.007442862575671338
-0.7081459690571708,-1.8094413395059314,1.3944938794089008,-0.5683540494070092,1.0975791909507733,-0.12578932963620523,1.459325799753984,0.5844432321258934,0.11149687128289149,-0.8396965807647407
1.2990420321616967,-0.20542923915188,,-0.15726244289938682,,,,,,
0.4439987246585418,-1.5314678988760972,0.12403213230184855,0.6503469524831661,-0.2945779524158367,0.5235865925079682,0.7930975553520878,-0.7284535555038816,1.248774185111161,-0.06025499381212971
1.906523815365189,,,,,,-0.5596219646812911,0.4334649400067437,,-0.11246219764535932
-0.8216774495250886,1.5975876241236981,0.47506665304301765,-0.30184515445266097,-0.7901784145457399,0.8985196048253768,-0.06940514121442971,0.9774562657886002,-0.9221551482940772,0.30260839833346376
-0.4797966215650001,1.7414897309306314,0.3682256575308892,-0.9957865829757442,0.9349636058323789,1.2347111098526806,-0.3370376175103169,-0.809789668706457,-2.2029087760693176,1.1007862690026236
-1.7530032344883946,-0.048348016984413766,-1.7251989128534613,1.801005327503351,1.3345545952356215,0.300136691243737,1.047700700965394,-0.1322034618754977,-0.8247421430685685,-1.6764492607575716
0.7919990015680332,-1.0093861287346808,2.526544084892046,-1.1123616836858068,1.0120717978402434,1.2760019003611398,-1.3397837345443917,-0.4496598149603337,-0.22991950064507952,3.482602292860888
-0.2453543758803444,-1.1381846379956397,0.49174468987399256,-1.0475160760102031,-0.061544039426164994,-0.4549398031179196,0.5180124544103306,-0.5612116997479046,-0.6961292247868727,1.0790422637657062
0.28906260115790494,0.028239981916803613,-1.9249564415504554,0.6218326371916069,-0.47066546539127113,0.27841207760179776,-1.844293935788837,0.2772181227197002,0.1931111164024011,-0.22953989745196818
-0.8860284903126255,1.1660442244618965,-0.7465387054332278,0.9101987548373258,1.0471579034684537,-0.8322200475558954,0.7480544220239398,-0.4297066017924445,0.6385255065099273,-0.9358958374572405
-0.11509713393457614,0.07705787144760849,-0.029396382924624955,0.3812044366088903,-0.8087879317883025,-0.5523588610000005,0.7138414130928658,-0.4123443798006559,-0.49727286650014557,-0.8418215456009791
-0.4600413258700629,-1.0270560787943288,0.7293001306474719,-0.44906353522576115,-1.0836710348733956,-0.20316842112785535,-1.3964838997679523,-0.8557729374885016,1.354490856301017,-1.088132262899087
-0.14343021386737578,2.2063942726574126,0.24925388446083074,-0.5107917524568119,-1.9876678574260076,0.16692085751637722,-0.767702414232361,0.5578009683882078,-0.6762510710975214,0.27716336325946006
1.4463762323440839,,,,0.9634801591150047,,1.6872257558748098,,0.5764508825824991,
0.04632029803919855,-0.8944483382894016,1.5470755850989637,1.7930534873620134,2.1466652257252767,-1.7657354931248748,0.3295421753734827,0.4321177149492653,-0.7055559520512332,0.372815078790656
-1.436607431979364,1.4715933200898983,-1.533172482879941,0.2504313489278668,0.7891909532142536,-0.5994997829432058,1.3726043326359023,-1.8249973463572384,-0.030634660563498006,-1.68663572759492
-0.7732869167948644,-0.49382058213895336,-0.5548483789893455,1.270895436315479,-1.1723939951807163,-1.5542750509621757,-0.43106581369267,0.11333320811006385,0.5031953239276601,1.153820363090941
-2.1500157254299292,1.6886387713630993,-0.8184297311526211,-0.2784714148428779,0.023169452106215387,-2.1703790457638648,-0.4324332974492164,0.9920480741545017,0.6314251622781417,-0.5004519216012142
0.21303798292379383,0.46153281818631064,-0.2587815255134525,0.4924892451635299,-0.8004450188857692,-0.9453440267305475,-0.29699067351286856,-2.4142872060400324,0.693274861701592,0.08314561347350542
-0.22217716452232342,0.7965504809385413,0.38711004018200873,1.063800631819012,1.5798413749224156,0.33056017850057273,-0.7197421704483186,0.7248904274516728,-0.7164347984167513,-0.7622555113066362
-0.29266108892384807,1.158128519528753,0.7501895848088247,0.8858435700059523,0.12289111883194236,0.5694053278761142,0.6008819228511555,-0.6883003533832462,0.5882841928120941,-0.003935052205322339
-0.4049723419595131,-0.35698741311232113,-0.5524243731925054,-0.2809266094942135,-0.00811086100215758,0.6650129794298625,1.509289673158903,0.5684967147811113,0.11715825792175734,-2.0001288688741785
2.418929797566987,,,,-1.1012107831517428,0.3717845700806702,-0.46289992190877566,-0.25268893868107384,,
-0.12348485288385394,1.0259536268058949,-0.07461498283225182,3.4985733414112707,0.09161149487248657,-1.1965861732235137,-0.5215448948963302,-1.934505824798158,1.0776116423979265,1.605464601504651
0.8429478161546987,-0.840130261360039,-0.8724472007569228,0.73663635083175,-0.5209435562285988,-0.8606538383809961,-0.9724633070522267,1.869053799839665,-0.46413048476066154,0.8316866182731175
0.5495745703194159,-0.848662752344743,0.04054453277748822,-1.0011470041898556,1.4479450264049216,-0.9107950613008798,0.3652731125732755,-0.4941973872626605,-0.9248988236233232,1.0773130862731417
-0.5211747206405947,-1.8296123580803325,0.42431083358501664,-0.7074939895837649,0.15759828490616534,0.8561208258979743,0.3566293262768846,0.8888041870923461,-1.2981561962409291,1.1984601048077737
-0.2974481914188026,-1.4266461225401104,-2.4545805920055725,-0.30838756888945956,-0.7862048429530077,-0.7707045280907926,0.3343617754879572,1.7202701942355556,-0.9016541941683446,0.09203188343939393
-0.5677783956492618,-0.9869544635062875,-1.0159344937419752,1.6422848890934134,0.013271929940681397,-0.1900879394546779,-0.6852935353847164,0.0672374159542332,-0.6380239544351989,1.9300377469436045
0.25181286596647257,0.13945945860163825,0.11680797000808268,1.3078080659797544,-0.022071068602436204,-0.4764661292735828,0.16106002491703894,0.7913408442125061,1.182962132081888,0.21501050124251594
0.22937753656348506,0.9927390156039421,-2.734155794466327,0.08820886707702628,-0.5844287640777125,0.05804337015113926,0.35570211259222456,1.2450033927423423,-1.3845093803510988,-0.7192660582371003
-0.8894528505131984,-0.6068550710455033,-1.370212363658968,2.13744020832085,0.870736000439367,-0.775387535725218,0.015498544740257842,-0.43474767978618245,0.1561246353743973,-0.7677339009409045
-1.5230327897664786,-0.5722443127344163,1.3813204780264356,-1.4849820754074423,1.0971251405602123,0.5599487111879765,-0.3996357202880984,0.7500594337162837,0.2086154801939529,-2.137445650109761
-0.40454027133375914,-0.3752406658473874,1.4449983860428541,-0.4008249692881181,-0.21086271256304412,-1.1612328742132592,-0.06329406727889914,-1.1888884392979415,1.0860419733459836,-0.4205365692617462
-1.1912863924020243,1.2255094505139983,-1.3060363709312508,0.25534932020031126,-1.487284915675036,0.2930183918971036,1.0675537828179726,-0.6482109806794716,-1.1797932855870372,-1.1486732477875155
-0.05536567387204707,1.927999322139945,1.0679594422655734,1.1704786108208187,-1.0699145801426437,1.0969170203449419,0.9870682611117707,0.30500260399935514,-0.6315535562972056,0.9721907109235429
-0.6778604852671298,0.6572188332410029,-0.38070587689698404,-0.9855175396599132,-0.40525571341993594,1.9679045905132209,-1.1658918645988225,0.9915200763249802,0.8402641525034994,-0.18438380875200208
-0.5521013567366913,-1.248341521005374,1.2886154708665472,-1.1896609276201395,-2.788355253612718,0.307945365377548,-1.3507597053706073,-0.10972982012864795,-1.3438021769975947,-0.5813188650667566
0.06940767233541208,0.2715402394236971,1.338770973717477,0.0013965929709556367,0.10717394990133161,-0.23981596126939606,0.9239502346515085,-1.1310290095141984,-0.4375665590546346,-0.0012802844736942056
-0.9061670184185795,1.3957748807132386,0.318508504828279,-1.2256627842120311,0.408339712830007,1.310094650888719,-0.7196771636218522,1.36162456971341,0.2568995215220032,0.20168325086694308
1.1983918681612005,,,0.09229396176179876,,,,,-2.5495435412772474,
-0.8603535111411033,-1.1267559545251262,-1.221869692935827,-1.9590252254130642,0.4617101407612567,2.356021429157112,-0.5798965559658682,0.8210086523510245,-0.09361225502117516,0.27574162191742724
-0.06661281277390406,0.7823124783657901,-1.208159860963712,0.09955832660318564,1.1348162073487558,0.7011637936216675,0.3263446020986341,0.09751503717540133,-0.3608733422051049,-0.3527351197616122
-1.5533072278339946,0.5031802289077376,1.3648278901354314,0.29403997081666045,0.016622715911910085,0.5990775356054336,-2.1184606493728255,-0.5071812415489099,-0.07385054697994851,-1.7067682502252433
0.1604907329391411,-1.8507523899611005,0.6911227219666242,0.2258547752788777,-0.19085718645881578,0.7614356305622383,0.14703042699305668,0.47538922329332023,0.2835482070798969,-0.8600054918212757
1.5682626922837384,,,,0.7503307764408959,1.2601537134842926,,,,
-1.609161108151115,0.8380654010000407,1.467343289123105,0.9730271331933263,-0.16909141239285666,0.38752844952321414,0.6988538788773516,0.5729590423892698,1.23007879640727,0.9429836584998834
-0.5788289918992809,0.026478508508138893,-0.5047740583916449,0.16122810127400566,-1.868855304193688,1.9282529086121358,-0.7796830619369273,-0.5131560182872521,0.0827482564156236,-1.3776936091202643
-0.33538352582097214,0.16860402537731123,1.6486538232168038,0.1420881400688716,-0.40564300658418057,-1.1256344307999036,2.1383071262832125,0.07669264055494951,0.08241993457901513,-1.371476518077964
0.5247370761975758,-0.5880716604367395,1.4716736831930368,0.46438780260067825,0.12500618160652363,-1.3228032018394589,-0.09819106278579426,-0.2138158350820403,0.12296689816776663,-1.9700389139962529
-0.9095668019425158,-0.49587859497387987,0.5002056581161902,-1.9304021070614643,1.3817192142426384,1.2419671910960246,-0.9944036605288962,2.4690309013735487,0.2383461871299702,-0.10895429160625698
0.5940904195391297,0.418095555929592,0.11720574840411961,-1.0845242949838634,-0.4371782417187644,0.35729586743523484,0.8341173695977676,1.4395651721478888,-0.4572066170791212,0.07923848651161759
-0.660312943097497,1.0938440992074476,-0.31133785326898633,-0.5879233905131602,0.06195682743020869,-1.6730310301133993,0.5410451565266665,-0.3098067707016347,2.767569237535924,-0.6181991965794837
-0.2673352509671769,1.0172388269164914,0.7820012018088183,1.0359150122105116,-0.27973797537405826,-1.1469759087511437,2.6681717393911613,0.5163263666035115,0.22570361578830997,0.8058251120400052
-1.3032124969030492,-0.4564365470346681,-1.0429994600142234,0.16691206636758876,-1.378124688124989,0.673768208831294,1.1835366957210174,1.1467372657487211,0.44041711347938717,0.19222588692197914
-0.4179858162850503,0.44854554076441083,-0.10981130563792349,-1.8696415040276724,-0.6167434846171691,0.7923047816045521,-1.1257343529862698,-1.145388173279312,-0.19969529104321662,-2.168906832097199
0.729596646341715,0.6411818063300351,0.9471720773808207,0.22123808676716536,-0.8528836157122487,-1.2300586434534657,0.5509559698482921,0.7154375063296436,-1.116766380161289,-1.2506750265754647
-0.01903298950726018,0.13660055681271185,0.9348706822401084,0.6623827009900087,-0.08003288750810961,1.0355085990005648,-0.3495412233702631,-0.3085535947633461,0.8482627064161699,0.9575616108502737
0.9837266248705191,,,,,,-1.9965641686153668,,,
-0.5734817939408245,0.7824569414103809,0.4136880278434853,0.41181270351010907,1.4256831991470476,-0.5788523249823538,-1.1453928369922814,0.4939591893269804,0.35707179118256377,-1.2662321577976061
-0.1761093698097881,0.53849800815918,0.27479721889107117,0.7318769760505186,-0.6721797072234386,-1.4184228857329224,-0.9133172219358802,0.8643549171187712,1.0356610039358418,-0.16753252032916288
1.5126028716490365,,-0.5124529256517605,,,,1.268513836000098,1.06927487045411,,
-0.9686896220761725,1.1850164300726171,0.28124021081480693,0.21056938725437319,-1.4230514178299951,0.34134443828389266,1.1540213572636873,-2.128717853578728,0.7955491540457075,-2.2850764380940967
-1.41738630490866,-0.09430220022734985,1.5827094284408876,-0.1280909394575075,0.46996543577587147,-0.9098513493010695,-0.19427094095056693,-0.05487928092386909,1.6292161535101293,-0.7472920039053851
-0.6591763071868899,1.0768256569724086,-0.24681869063538667,0.11317069712234362,0.4351871973407555,-0.636507150143211,-2.0523314648552637,1.0751570343677412,0.11614383473389968,-1.2769769015982675
0.7780970528667279,2.009234897859796,1.1926049742958593,2.0809408031996464,-1.2277760716779325,0.24954020721806094,0.35484058140711017,-0.11676242833756112,-0.32774491470482314,-2.9595330283825927
1.692493098108373,-1.6167794798670816,0.9037069674897202,,-0.030488984632877508,-0.20548071397594747,0.19901821351653864,0.6407786303359272,0.9516967879672316,
-1.2054904686776513,-1.2398095847460264,1.0389316261448716,-0.27131488043267454,-1.0247822028569566,-0.7417512589450479,-0.09389996830003132,-1.2833704189854005,-0.031139910202122294,1.253061003990518
-0.11869083162045879,-1.7675731371100474,0.8677796207266141,1.1101903147587413,1.1629182310808897,0.05899195200922857,2.3314781584315343,0.7359722532720889,2.9897981042021615,1.3515909747953836
1.1985123200232772,-0.6226541398132314,,,-0.19252756842669638,,,,,
-0.7516781859602534,-0.043145896765495455,-1.2144007623749835,0.1000857265865386,0.20131948175988554,-0.9613287324941046,0.07047151594393394,-0.09781948961093634,-0.46076175652191265,-0.45131699734285236
0.4477946571945645,0.028336471060539725,0.957642465231389,-1.036364837098709,-0.18756186174421954,-0.6144095454009292,0.06046622075190828,0.2691756745379804,-1.1819122812165823,0.5930161357427968
2.162791205389259,0.1706201927321004,,,,-0.6672842831203577,,-1.8231510474783321,,
1.226001343139977,,,,,,,,,2.364107371620591
-1.7798751676999662,-0.17346256336335567,-1.4054083337172458,0.1169922332953073,0.3567140367392671,-0.6429288950517712,-0.5677179888028286,-1.3206101498786416,0.4519122650963177,-0.46633058940519756
0.4224130107766024,-0.523769569967542,0.2471686221725707,0.7395760927300649,0.4785010792877869,0.21064907885868797,-0.10340778573506741,0.4771838662989562,-0.6027043245968547,-0.19557407018328984
0.3465877108571058,1.5372017885375513,-0.6119825939878585,-0.885208639136467,0.2852101058498916,1.2071255264384493,0.8117687767583761,0.021853524305586465,1.2256311466914063,-1.8101528269470042
1.0114413966887974,-0.31418696578666494,0.6299881831850499,,0.19371401155729023,0.07014086764821326,,,0.3444735430031141,
1.5094427291946124,,,,,0.044533262164559335,,,1.2822129310425496,-1.0831602369523532
-0.5394341381429145,0.1884035188902882,-0.6490342934311462,-1.9395210035545727,-1.2357083358437808,0.09844473674382062,1.4962823015445383,1.4158015157859245,0.38202070587997045,0.1567204373144869
0.7976489115437075,1.3256636986849146,0.11706057885322525,0.15141735653849897,0.20354887120595205,1.009604648168382,-1.3684783835133167,0.016387524665476508,0.4006003298443468,-1.8932682816594626
0.9171391207327148,1.0761826631677764,,-0.41335848385493273,,-0.8888517681096115,,,,
0.5518209665742888,-0.9138591486092369,0.7910317224205226,0.6039973934596929,-2.9331177755682183,1.2399056208182084,0.13352882663198062,0.17065804575596094,-1.7429105541247456,1.6139174589198502
0.3369632497624011,0.7751119495995501,-1.323789051987593,0.5117772596201392,0.5317076041392266,-0.155561570042317,-1.2931744916242636,-0.06144919709600939,-0.955060223674432,-0.6982185717422729
1.1600340189097214,,,,-0.045800560381976024,-0.15018298156071885,-0.9816366491623418,1.08500403657562,,
0.3958299556263688,-1.8527202565849692,0.3182394517948785,0.7813446640821663,-1.1227774408178526,0.01501895712552844,0.127606957327565,2.889126681249852,2.580811467778161,0.3219190883969384
-0.6636931279617126,0.24445812934571387,1.1262659745853458,-1.6739634317946763,-2.0914386943779366,-1.1459646352602344,0.7623455040741134,0.8206377537774788,0.4422944771806212,1.1107556004077392
-0.1815855842702364,-0.270951675085279,0.38509826302327615,1.7112863483244842,0.4111452546884939,-0.0957468672655382,0.40283338093497467,1.422870526583806,-0.3598196816794432,-0.44792682031064573
-0.4740370811100999,0.8152713668511551,-0.7792524783971282,0.6406633541648316,-1.4711030125026976,-0.25969764349510327,-0.05825614648702415,1.7878761466618334,0.9702985924729508,-0.3559468662190649
-0.5185894364775391,-0.6742067101045186,-1.1222261655082963,1.6157289495735525,-0.7560604278120462,1.7208550069983723,0.09928238022707368,-0.08248869535853964,0.0975934270072894,1.2099851534525725
-0.8544032309433519,0.508192545481068,-0.038800717555276254,0.4032954685293824,-0.20445412047509298,-0.3609797005255836,0.5252453236997217,-1.3805772272276935,1.3939314192290537,0.1079531579732169
-0.5494812532972576,0.3685943449628045,-0.6945054355429529,0.07884243549384776,0.08502084603165898,1.2581530454703316,0.2788429821317077,-1.1195968966607206,0.581198771551311,0.7210135502823911
-1.6122535559064672,-1.1881879263824349,2.0098291074861487,-0.3316973366099439,-0.3082076541651363,-0.03495207361038157,-0.6408254918268643,-1.7725331912484124,-1.122244664307587,-0.6389547727934649
-0.502973034516791,-0.76940354517067,-1.4919017047321326,-0.5535378647227029,1.115259797448227,-0.6719258971017847,-0.1823066269480386,1.4438483401483857,-0.6873940565484972,3.057109796562791
0.8919598409083537,,-0.24805851136809923,,-0.6931922220748784,,,,-0.4666880413706303,-0.6624096763835309
-1.9323723880575374,1.0148319624955318,-0.04298840377632666,1.069656377073624,-0.16889205533984267,-0.4220833796808355,-0.6634245224436933,0.6839734115843915,-0.8042047012297757,0.38450283853249745
0.03812083325222145,-1.042620535234889,-0.44826639730054096,0.010064673648146758,-0.31049126278019046,1.8952702066627427,0.23501172962092,-0.19609493360007313,-0.3631111448131677,-0.22924612045666123
-0.6078074525052173,-0.8230979657267575,0.5986139789954824,1.5399962248684123,-0.45070978058490646,0.429382732557547,-0.6642745738117393,0.10376979645228251,-1.308492467164664,-0.8534955400156853
-0.8891780038281186,-0.1452258590389922,-1.1698590812260112,-2.2405119962211373,-1.3700676663174909,-0.1745492284097376,-0.7925333065101553,-0.5791143874438458,0.2644779782328495,-0.8210669665322166
-0.0800816553638131,2.1366645355093015,-0.3810030673184284,-0.20551922107057147,0.3804593367900282,-0.8177203086104741,-0.5917409523212124,-0.09540799491741057,0.19408854607976567,-0.9304610391182428
0.5581459649377293,1.5466528204753618,-1.9130307940621634,0.3915351450125145,-0.09134343332267957,-0.29707680422034505,0.32627316193499056,1.379270749397639,0.25711405474561566,0.9591788474471598
-0.03898645568523393,0.3650788343318309,-0.5438892479530243,0.03789543289734582,-0.2719572512676707,0.10681704327129589,-1.6552286440092605,-1.1151110012424095,1.1881178180868557,1.3940743666620676
-1.7314628111500496,-0.5670117972515081,-0.7478457993330555,0.2533454458267454,-0.08376680498896483,0.6802405082802594,-1.3512570855115835,0.3499499750684755,-0.3338588526864959,-0.7372462597302416
0.4417176273622246,-0.24714791650192805,-0.10071641194102848,1.3363440871579237,0.07089878210489423,1.944974156930212,-2.329759969152779,-0.009566311184287675,-1.1116024799508433,-0.92808791969598
-0.6555803414215615,0.9225801001539115,-0.40666653789060153,-1.1415707382300293,0.6597239295069347,-1.182380941001296,1.6720158351160896,-1.2910378077832299,-0.287312675396056,1.9244075169039307
-0.32461399674745567,0.4236356207981959,-0.10952766128715738,-0.001322266226029803,-0.818488671068143,0.4531924465810518,1.3273343597420517,-1.9420905165218623,-0.9243424275050796,-0.5526236146554189
-0.8873047187614077,0.6426761207516883,-0.6059854590239165,0.0809584678201035,1.4911031408856743,-1.7948247890696825,0.31699992883760275,-0.12273238699514763,-0.11977895312650483,-0.9050618841305742
-0.3805928909093417,-0.007929238016516986,-0.18408436095117486,0.6971163892998489,-1.0939847192756278,-1.396842924019152,-2.0061975724946435,0.14133201740701543,0.7564510741114236,-1.1733516441986673
-1.2625516654732931,1.8885575115032949,1.277380707130891,1.333754718937806,0.349207152117385,0.7053933784134192,-0.2870453841028326,-1.423733437156847,-1.3731807148656052,0.003185104032647995
0.9250069600245189,,,,0.3043766635408488,,1.3308520459589481,0.28534546928942645,1.9393777873424907,
1.3237023316969545,,-1.8305958744573625,1.4136344168589274,,,,-0.7445337855565978,,
-0.8222133913328838,-0.2358426075549117,-0.3534338141573699,0.9639603560000102,1.5683184707104973,-1.1000477317428532,0.07772072406580341,-0.5241254979106972,0.03102470041369128,1.7667243446567815
0.37982549492622353,-0.5630429009390392,-1.3682514895729794,0.9990929142121242,-0.4591853872603372,-0.775990710481351,0.30399404205797903,0.5790011645337811,-0.3685235939592865,-0.9459336664948463
1.368558364293503,,,-0.3569635333308366,-0.829663065780407,,-1.5236452833286351,-0.33452241207176625,-0.6753521720655506,-0.07769987837586276
0.04903036378739021,0.09070670492908034,-0.5853573642652545,-1.1882462852326572,-1.4421927164376314,0.19536614495986268,0.13535607181921067,-1.3920729127688698,1.4264631643175187,0.8347515750217673
-1.0214863293286116,0.26548267962116956,-0.13686094372403534,0.26358510512041444,0.17199421456086036,0.6716699215817685,1.479186170460646,0.2991819195041282,0.532952708013096,1.4648262158161085
-0.5378506566894168,-0.9330683783000258,0.6719517262078822,-1.2228957249116768,-0.8076144164509975,1.5049845649656692,-1.7178841229235369,0.30285226461903325,-1.4422063018486664,0.410523579159373
1.832407800686572,,-2.1033219883590877,,-0.6275779242149524,,,0.562937960682991,0.5727672816887677,-0.027459955520147877
0.435726952492871,-0.18797983779432956,-0.3289745608009359,-0.01628150574204481,0.5772550566596283,-0.6470264070914761,0.21482117691403615,-0.45901819792865906,-0.7359549512126339,1.0514145371033847
0.37112361104225505,0.38034808429303085,-0.9453599988758596,-0.2466017050450849,0.6007463138527072,0.3722101082341012,2.564604015061381,0.2198957634435717,-0.6649727055200035,-0.4351576326472544
-0.8565141199574811,-0.6463652964548686,0.09972522826807359,-0.4637646127977622,1.3360806693789928,0.8810086215322415,0.8640677049099492,-0.2518848817820832,0.9138192441660573,1.0231268773862399
1.595851726676441,-0.5411368247670388,0.011610635671837623,-0.750833532252918,,-0.20186693669286213,,,,
0.9231639783083808,,,0.30619466187959776,-0.7224654029799069,,0.009253756149871582,,,-0.6168006133982933
-0.23576947449491914,0.04108688411951648,-2.0273362391881915,-0.43133408159372777,0.9238117792157672,-0.19227918468970634,-1.9017750236332258,-0.08167969129371844,0.4829629011227963,-0.29782707860055085
-0.2654786414157555,-0.4463035453099181,0.6206150308218565,-0.8220699989250062,0.5462663342679227,-0.2679218224372021,1.2531388874201206,-0.485312856978002,-1.110751341054538,0.6188363421354571
0.49275998714351915,0.4118822283560296,0.846481556676393,-1.00183197975318,-0.7883840354914711,1.3196859280655513,0.43550927280884777,-0.4556557020738882,-1.763610164396181,-1.2442443173837208
-0.957446417522271,-0.5612236207936198,0.30549536819873346,-1.3658243596473378,-0.5278177395540902,-1.2634722305674346,-0.42136689337071437,2.3846567613017493,1.189258002716843,0.5735474683847586
-0.5222503413325167,-1.076926741175023,-0.08667849722931775,-1.5534579558699226,0.6481246778055744,-0.19821883812433835,-0.027536088796488174,-1.664203606565148,0.04981196852264492,-0.23904919231361532
-0.9566546147695647,0.22445737949986977,-0.39850788881066546,0.29468951928833315,0.6183141902107572,-1.0848310116346258,0.1070126138571654,0.08815103643499672,1.2436692626689636,0.8409936570864767
-0.3483308723357343,-0.425724783667582,0.14964197444017036,-1.1236330717514602,-0.9736256055393492,-0.46789089777436993,-2.3816460678352898,-0.989661240892186,-0.3322563031580188,2.7559915048645722
-0.6441301236670997,0.6602240877106674,-0.19808052663831185,0.439960860623823,-1.0825108880076502,-1.545627953662373,1.3773506469481982,-1.3300730598854018,1.4836258847953727,-0.37100396665097585
-0.8270634367806118,-0.5164022294433999,1.6021749010667543,-0.698503577234258,-0.38209528747420457,0.9752449509844214,0.47375027088305516,2.077478273933483,1.1653059050593368,-0.6962709273977455
1.3025679732198292,,0.7702326313826303,-0.6546700117606469,0.5956166247656415,1.9635270205282738,,,,0.6602486647910654
-0.9801873876132101,-0.08950326320802493,-0.9630539187312621,0.42999923890216835,-1.3043135963127641,-0.4372751537558291,0.6300976110918984,-0.7327478597862347,-0.39626840440854866,-0.9065172487231358
0.25669919952748416,-0.13765062510822232,-0.7326408315819601,-0.6306881360522232,0.15809313155144727,-1.0582198158423468,-0.044290460591529766,0.033187649375441775,0.15612606485881123,-0.5302823797378998
0.6050853875325444,0.9616063779284998,0.6473234781589324,0.2098235129550665,-1.4264219065550754,1.6755818656241808,0.058609044627040904,0.3118299401632836,-0.705019798537281,-0.21478663679139798
1.179384102626633,0.7826720493885896,-0.3112802379003626,,,,,,,
1.0943730092550965,0.32874180860718655,-1.1861201085182738,1.6241932686673441,-0.29099500663376965,-0.06294386966656632,-0.7128249072381045,,0.23035989267256915,
-0.08308115796073785,1.5853986896998982,0.7512601274069909,0.20298152531376068,-1.0983047153159637,-0.06070480905266094,-0.7960601038197832,1.4422205576031948,-0.47393966047759295,-0.7859739331172488
-0.21770687467901825,-0.7817208395246751,0.23565358190725144,1.8212725003736583,0.007168599713838149,-0.9227783069192443,-0.1580227673152497,-1.270892060439841,2.8734909634509096,1.8008886545801657
1.2470184649242304,,-0.16548709805940612,,,2.376859001995319,,-0.5640878380372802,-0.10454365579495317,
-3.482370114426796,0.3933232015204952,-2.5425109548638636,1.4720754668273495,-1.724134123940347,-0.8031802337034545,-1.9170490577140806,1.800818216135836,-0.012282790893816094,2.2265832121969256
1.9879076363985986,,,,1.3662106979255726,0.3888292092134678,,0.35153642728398987,0.4477004245509163,
-0.5668566899519892,0.653139706380223,0.8743894040254184,0.2433851727910162,-0.40788106020200365,-0.1919669356667243,-0.7543230339834893,-0.10406264766620436,0.8500740861742473,2.428189146990249
-1.2042451130060228,1.2667617309794423,0.38280524931163573,-1.6012363583368856,-0.0976948580827924,-0.1819897952750236,-0.0016180883441782032,1.047780084792183,1.974875440510818,1.295074961567485
0.2128084176882071,0.3239072507515932,2.0789550761332616,-1.0587106783874165,1.2420807286925484,-1.1472775297129039,-1.5254743273338298,0.6311692566532189,-1.6576320489673835,-0.39281762061470116
1.374264238472569,,,,1.0442678957518572,-1.3841238258771125,-0.19432262625551652,0.21574438707475924,-0.28230055581992886,-0.2572596555382313
-1.450801426673707,1.4149783335922612,-1.2298092081121872,-1.2307050568394562,-0.09723488492639323,-0.6968285992421381,0.8385824328868746,-0.5335684984282011,-0.001176849017732645,0.1144930688838676
0.9737997022867916,-0.5276906713644961,,,,0.3480608679957568,,0.061120466466714145,,0.7876913193508128
0.3374774620514295,-0.2788842861792817,0.9176599189188597,1.1768051070535446,-0.9193443482899346,-0.9010576073244934,2.4009948996383215,0.6260804278579528,1.6693339839485224,0.8923678559629242
0.4594277050521534,-2.1366895882607464,-1.2211632949983913,0.6503228678878672,-0.9049308304246201,-0.14825959480767648,0.9103455653790258,0.13564093806883654,0.3987777656825843,1.387954464425645
1.486977679755827,,,,0.22678911933843907,0.5660168766901037,,-0.22205039039382551,,
-1.6084751931545922,-0.13318055370046342,0.0603067611699549,0.7452304544712477,-1.1762962170541336,0.3398775874298462,0.5697003110871218,-0.022058561862979754,0.4474240103906343,0.2698797343821438
-2.6006854389149447,-0.9221265668323085,2.1427550653774663,0.6560293610460456,-0.6016052957443051,0.3666276194897103,0.7109790723194478,1.5411227594766723,-0.3893203633277956,-0.5960206708465422
-0.4977512083586751,-0.5713911239796796,-0.6050083110354495,0.187389545215589,-0.4210493696661841,-0.06208250560090969,1.872358870583593,-0.9578929677757823,0.3368322367675696,-1.1356042898553755
0.9270124706812861,,-0.8676715039520783,-0.6958683799514049,,,1.417156020384352,,,
0.3920854255918557,-0.6368911934969723,-0.7771023896138773,-0.16202222037207994,0.6760622118708461,-1.4935837011959627,-0.30978207647453265,0.13161476384551385,1.554160940733576,1.8617024907186766
-0.13160333847919833,-1.1083642663818234,0.14014400793786985,0.17595897646399797,1.186126044281449,-0.4436889742477143,-0.9890043693550001,-0.011645692484944077,-0.34010931368174835,-0.3666360978037059
-0.8682969053095769,-1.2554601840287347,0.6103594945522121,0.26401017249540787,-0.8035381516158223,0.8199361192920752,-1.8426020747935212,-0.40799454948865904,0.21535279239378335,1.107847918887117
-0.5555056314579767,1.1240369774636039,-0.6517282187070096,0.8214607961934272,1.6821630082428538,-0.9999415330903345,0.1514330530229659,0.5406198352595675,-1.244255912597803,0.432489176782636
-0.5664160599808696,-0.842916078852506,-0.4233151422138388,-0.4960885558566551,0.8006884657363817,-0.0009086743138161888,2.310726698519985,-0.536088505064864,0.47388328610740815,-0.15066581296493065
-1.276178698712736,1.5904395923175123,0.11956818771190497,-0.7809598713976403,0.39985336221992596,1.0334112714820756,-0.8488618601926462,0.050349514896768824,1.0403379451383485,0.16507655425976972
0.5541723016538639,-0.26405747023426007,-1.5728828162564603,-0.25178781247168636,-0.5606317994109465,-0.10900918800411147,-0.5496766970850931,0.17029059412971878,-0.3467151871205377,0.8088508138710571
0.6156674750322088,-0.9244377758430141,1.2565615933031398,-0.7232642937440541,-1.1243185039934878,1.0553557122859125,-0.5923053104285873,0.09782590844305496,-1.2878206881889387,-0.36603110554960033
-0.11536975784605666,-0.39254505516138444,-0.5138072579541298,0.04097246447898352,0.9900326295936198,-0.9416213849582404,-2.527471370775822,1.2395201057010294,-0.6583160751028564,-0.5731300155034097
-0.5453715101472314,-1.3283537618672514,-0.39490591705111566,-0.27980911292275956,0.43524810052466306,-0.5476772708526564,-2.441376195142105,-1.337356402028179,1.115486420104648,-0.8401534216627898
0.5458162625100696,-0.7134497086350271,0.8128314291449638,0.09908403810840596,-1.4513330430965543,-1.1709425669427227,-1.4897785045287093,0.9124674688839421,-1.2587699944922317,-0.3692605001467132
-0.08026180040121632,0.2220003598993513,-0.46103325997500183,-1.575523328323491,-1.206798864222523,-1.051965693787886,-2.648227809862519,0.43158592993509953,0.5054312643551463,-1.0718012950311262
1.3045320452975324,,,,-0.13416055348230907,,0.19904104012338594,0.5264089990461712,-0.6525606334672486,
-0.028673828527223333,-0.9532837213663496,-0.09988210692307999,-0.5092088853660663,0.3750704319825166,-0.5900061981569534,-0.7116680477368365,-1.637737931777319,2.206447379816809,-0.4525699546941054
-1.1305140274153571,0.6035128373245666,0.18692726269661744,0.5481988511818968,0.6540941207168828,1.0970649825273986,-1.0647594918752241,0.14657602571531766,-1.5790422437849145,-0.30672044045200847
0.6706533160539191,-0.8952107775637178,2.230870570657473,0.018029520485826463,-1.810325444011953,0.7052367391088932,2.2201929855051556,-2.2364237102673874,0.7144399607689936,-0.9893421611650939
-0.05403328815336404,-1.3091748077371306,0.8534998936576412,-0.31842309037873767,1.160387271308056,-1.0296147069436818,-0.20658484166898916,-2.3137595296648157,2.5977087951687823,1.9196571251619223
2.179267569633072,,,-0.04414419078123425,0.29144132604052614,,,-1.1458090065287256,-1.3370792084086245,
-0.3199487445634755,-0.4526731300239338,0.25122210011577845,-1.3828825654858532,-0.8543758980695813,-0.7603177160479195,0.8189517720391797,0.197489616213997,0.3381975661581959,-0.9339437169112402
0.040494045271001054,-0.7744148060193964,-0.7401835811689957,0.36957643751145625,-0.6468941376397552,-0.1055132191497468,-0.2698910803961948,-1.1742281031957869,-0.577503050847488,-0.5614997992916048
-0.38168161201053424,-1.8029123512426282,-0.7292844678009509,0.9118542719481433,0.4373882362077592,-0.3994560407852605,-1.1797419114394274,0.10039992865445435,0.9676804995542674,1.5170422012241
-0.5239917453432802,-1.0600835107228257,0.4817604784858961,0.359108214252633,0.01043583940936208,-0.6352062224365816,-1.3088388762347751,0.6745967968835462,0.8965372585906227,-0.3599763430462577
1.7105410456178778,0.23622215311588687,,-1.1828682198295748,-1.700469976416644,,,,0.06756229043168738,0.5922576766101942
-0.8272508281140093,0.20865292097056,0.07797907132432526,-0.9454738299886131,1.3381829362696993,-0.13405351127060378,1.1053613154854174,0.009647558615581532,-0.3313987115327381,-0.7812782273461734
-0.35036075431905156,1.4646979520026486,-0.8986719478417652,0.6663223050153297,-0.3111825350817339,0.5894942567367978,0.20687240247591254,-1.3332906260381787,0.16568960885162926,2.165735399221674
0.3074782777298746,0.9270627824533455,0.2972278827470782,0.7882270156982392,-0.7180286840009552,-0.12143128625852154,0.8800757532972885,-0.3501647581944946,1.0721631469907897,-1.0035417976917742
0.05880962747763491,-0.2588703156803731,2.638275570234563,-0.3897846726058295,0.4202206227972652,-1.9913991265357978,-1.1678260854382017,0.3057584615750188,-0.2638913856197515,-0.24464821190946254
-0.32497729874847575,-0.18502611863444798,-1.7114965589362554,-0.08677131885100607,-0.21930620691069713,1.066478798464852,0.8351471931912751,-2.8287330978786516,-0.7346407358281739,1.8021009565465584
0.905917626794076,,,0.740099010290634,,,0.3448381253884395,0.6076113180937401,0.21639533468074743,
0.1641843832311309,-0.31525466848943334,1.340696589514049,1.8513504208240121,-0.05079140745088642,-1.1752621912195251,-0.2349236480848855,0.08684547621263844,-2.2099838323809973,1.338474730973821
-0.6382885756373899,-0.826779801146267,-0.339556389865946,-0.4727486339031537,0.05668023537366871,0.7896559849489568,1.2755485730681044,0.7905358084106788,-0.9427773263403201,-0.10903814105517574
0.10467098225371141,0.30720686889981996,0.4892756674035241,0.07779494165335919,-0.08642826139182018,0.9107355037628064,-0.13279086095405415,0.9569400600707034,0.8134477327645111,1.4527390652967551
0.21775076587587347,1.4436905111236633,-0.30349623994354336,0.3456186268469867,0.7650126079671569,-1.0106696231209895,-0.39277216161253575,-0.6678702302629019,-0.0575949302874237,-0.5327049433735466
0.10654515590305888,-0.07793883489884079,-0.27943527721123396,0.15080235612400547,-0.6823849304582804,-0.8621896696850929,-1.1932475352504985,-1.7879665730599013,-0.6797016237430317,0.5388184034976747
-0.1977080027421128,0.012184995213620238,-0.4046965247681876,1.9322188697817198,0.16554781751937267,-0.5686852380059861,-1.0568448014581135,1.7131942876430744,-1.401902642104942,-0.7947536645319607
-0.7941682128892796,-0.03470227951186086,0.3550519051835334,0.06844097879766002,-0.3646472982504538,-1.3971799559053184,1.8566220087823013,0.2649120691735516,0.5676118962603587,-0.6760141858195603
-0.2971048491316394,1.172854860726016,-2.205203439262689,0.7634992920970279,-0.24702089559909277,0.4159844788604591,1.6649023735853103,-0.47780954421802246,-2.702012073144784,-1.0913655770457686
0.012921178545741095,1.6490996088336123,-0.38817006402696763,1.5480419335540523,-2.3246074732182405,-0.5035782496194304,1.0378946889069804,0.9438678595775902,-1.954222392623191,-0.8400412262795813
-0.13839511970785265,-0.6641031900287667,1.1692885910739674,0.012875813351977268,-1.4443626646723917,0.46068989110973046,0.5136783114481657,-1.1492464420617416,-0.8909957017239535,-0.7116804585292801
1.366585765383516,,,-1.2034137652561863,,-0.40821174301293006,,-0.37844407446108275,0.9813106984484161,2.176119249817495
-0.05796506543287615,0.4895918765394261,-0.10019247904646317,0.2189466208059909,-0.9250043634410796,1.445017617367811,-0.45839641405558185,-1.0994538727907206,-0.7691364406155689,0.664970241166718
-0.6988938995918209,1.5166833292767463,0.6395566232289847,0.8615151400439504,-0.41871265619529924,-0.6214466369019321,0.03292645772242808,-1.1871535878041992,0.4724111636251828,0.9172604936255189
-0.692023547005203,0.6897648427812693,0.25465157976064046,1.1162477127724968,1.643607760987732,0.7817462834586488,-0.056281876338036406,1.2057682488348664,0.04730959237101147,-0.26554984510265156
-0.6097714013311349,0.09775964303950674,1.0051537233353247,-1.0314835647464278,-1.2401543809109614,-1.2202931072713405,1.0218813326123344,0.3982342662736892,1.4744740463433827,-0.5189959214981639
-1.2227072741218454,1.5569844168983829,-0.7354489708052768,0.675863729381319,-1.3342190696207776,0.1807770198095424,-0.16313513168505617,-1.4239500363334212,1.8919418298328186,-0.8883372538578798
-0.9351990433774643,-0.6543570167946439,-2.179110343191697,-0.32715536038396464,-0.6540879113106687,0.9923131670380562,0.31593657353131593,-1.2678036325022823,-0.6533627004498465,2.155722032833351
-0.9118783669459856,0.8235380505375618,-0.6801032854156907,-1.0030444600280854,-0.5418692123005872,1.4703966020097556,-1.4673522788337074,0.6565773372648422,1.219437928322615,-0.5519834809333078
0.9970220684397053,0.8413933286078792,,-0.9498059899530626,,,-0.369743303971151,,,
0.003948684609392973,0.22848530205296455,1.311926373435876,0.45432763467220216,0.7094164136840744,-0.34501637669440666,-0.3382454456114074,-0.635549962497175,0.18280424385843774,0.14558661624313013
0.09683983915207968,-0.20260469192125094,-0.042637852533427854,1.6568573913743452,0.27432868125932997,0.5834138197068875,0.4688711093529438,-0.17422514424025118,0.5368762571838315,0.020810880342318244
-1.250290348956193,-0.5806389998863668,1.9934956293203996,1.1668252012650147,-0.29886506325756473,0.6749278901268679,0.21869074884804374,1.7427753525991647,-0.12958857336563334,0.22447419903817445
-0.7970669833080206,-0.13439743338304455,-2.741163399459901,0.25970766069985113,1.0035262784835872,1.692233120929283,0.4809723088562126,-0.36539269178378414,-0.8214426561116032,-0.47530895079695884
-1.5984876699926618,-0.25183133865652507,-1.2256429906628472,-0.5972264100001428,-0.2043413955692033,0.3293698052446452,-1.6511287228247569,-0.3431114995464849,0.6860220684420468,1.3997486116278053
-0.07433469619938719,2.1971945814665235,0.700291130719521,0.06167154770041085,1.2434246993743936,-0.5070923879275268,-1.0478683192605425,0.9288722768458499,0.5306692489786133,1.0442352606802472
1.0211407153758651,,-1.451436007999979,,,1.1667093893538232,0.37274576552613475,1.1705903532612474,,-0.018477245583490842
0.68071716055646,0.2612849581926639,0.38975749170325624,0.651891570220453,0.43374668875305555,0.9827434188501041,0.05180406890078845,0.16960672995470402,-1.0009086072423685,0.9830737161411757
1.7113060262404642,-1.8021147225820604,,,,,,,,
-0.23299215515435376,-0.7612293156040775,0.3469684929097227,-0.8349382894211045,0.23482753800838022,1.647088728677741,-0.04481697918796006,-1.35433876773344,-0.4151122179996907,0.8124516272423052
0.10688760915648114,0.7012869810183119,-0.6326744743423307,-0.41196031910887365,0.6336454754920472,1.6108975804374912,-0.38727458383321245,0.037397864750948015,1.0999051986457211,0.13104955125116816
0.6377736721992618,-0.7401479297878969,0.0035521279020220833,-0.6213820779512365,-1.685569829102523,-0.8844680919237613,0.4482097033850255,0.5518240191779578,0.7685922985064757,0.5089652185190372
-0.222001758720049,-1.8331026159104267,-1.1441096838994511,1.1047455919739686,-0.842141056485448,-0.07449824028015348,0.06275034137315232,-1.3852005955500435,0.33221009656071615,1.5277809572465244
-0.01875339017047857,-0.2692893497393173,-1.15839097589718,-0.27388339554852537,0.541264571509617,-0.006371318236168102,-0.43971059855546707,1.0058986618480934,-0.2615743236798507,-0.42784316905724207
0.1412092293859007,1.3069938272218147,-0.15453985984536914,-0.8855383390502742,0.5458169580976997,-0.331756591922682,0.554839033091261,-2.0487084491595087,0.03682036651344392,-0.2486187459871225
-0.9595890469890299,-1.2129516057809757,-0.2800553783918351,-1.0694307710234665,-2.965835234715227,-1.1752904889900975,-1.2185967136653488,0.029260675498643304,-1.1888172803516202,-0.0006661781634746195
-0.9531454283991756,0.7825016119465485,0.37465009001021055,-0.30011763823071774,0.14393133045990264,0.5747529256619478,0.061146764922433657,0.14117537375724176,-2.107323036260204,-0.5183566729779312
-0.7785763430840348,1.0508363600011048,-0.3904156191692427,-0.6747354413284133,0.580911260717365,-1.5189909754931143,-0.08617984097276363,-1.9763838373647138,-0.7202724628908669,-0.46293054416841567
1.4570669809678798,-0.14891041071951316,-0.8904890500558367,,,,,,,
1.4371101496079086,,,,,,,-1.3031003809811108,,0.7214349244347676
1.78346412039898,,,,0.9752250341269412,,,2.255668034024457,0.13105694102867974,
0.2572888632004616,0.8040788408063508,-0.26276724055839895,-0.04343107231905777,0.21383139611309568,0.4935742591072562,0.13479815795127337,0.21091750162225073,0.635907447656095,0.7686501423085006
-0.4950041721421775,-1.836294564645049,-1.038226619086379,0.46104196318020274,-0.7308209938033725,0.26555055264366195,-0.05724494027485622,0.06694587124345613,0.4913540900095516,1.1899948194285916
-0.016646736666289862,-1.0421130214850203,0.31097789793203995,0.7129533520237247,-2.253660319458425,-0.7223280084803535,0.02923809081589169,-0.4803000117244886,0.13445993484024327,-0.6240790598366402
0.9370774109639922,,,,0.7949023214514764,-0.037335295463106946,,,,
-0.5741592572408771,-1.4395248377818655,0.006131733367698907,0.20274718171107384,0.11339593901326779,-0.20933089602238095,-0.7449750869326376,1.4690985456522059,0.18533917287331203,-0.9354888541017582
0.4404539417411195,0.36442591119581985,0.6153357821622029,-0.032217526893361895,-0.6226273173874521,-1.369437750203434,-0.5302968902471972,-1.6563329272408491,0.300800564985173,-1.6061571645381116
-0.355455480903746,0.728963596909596,-0.24208284417690115,-0.059094189782578986,0.4434770687519858,0.5133064021424882,1.0379069747607756,0.5633363457237968,0.3578179334484132,-1.9614503023412069
0.2416597055566487,1.6585697388222147,0.6474058693549901,0.969644299972721,-0.674279155644242,-0.0688602126439308,0.5645710650293643,0.4430256786390962,0.79010444412384,-1.1343230081980242
-0.7931005825330241,-1.293794501053068,0.2586516181471099,-0.18728787506739045,-0.19457378706904394,-0.6806566522898726,-0.8434523511884867,0.0018488265967344746,1.107359502832377,1.5674015926542044
1.5709201496721517,,-1.1830218386809603,,1.2746170086597157,,,,,
0.2829853013158243,-1.1064535205334352,-0.99357924018126,-0.09391182993959662,1.0418794463599386,0.9096779856694897,-0.39909635760188295,-1.8268766385659327,1.3352541383803693,1.240906040206433
0.1239245441895996,-0.42998524693131346,-0.3071953270468063,0.931133482656522,0.536894534222385,-0.4280090103925768,2.2016163367875388,-1.5299843365696877,-0.6015859323213937,-0.579234741633879
0.10605988883863698,1.1323743233249453,0.8286686112779417,0.12669589887181418,-1.327117818076073,0.9551560443083156,-1.1352317721726437,-0.4018189956393444,-0.07554669168311641,-0.8074710662040228
-0.8269559511948718,0.8867960864947303,1.4542053078305208,-0.07397683019420605,-1.779024212587507,0.2805372548493159,-0.6961346170767957,0.36058370271967594,0.29548825831446013,-1.8816004430262765
-0.390378994691993,0.6163576227530005,-0.09318668433311997,-1.0963675887823858,0.6562983614640321,-1.6654704969543237,0.23403631708283634,-0.5390513942593698,0.4340549304092258,-0.2281291645237647
0.4861755734908348,1.3611181782500081,0.6942159692763036,0.6760856901168191,0.5829177120912477,-1.7167621106874673,0.08052632498159856,0.2697178332739378,0.5528736539550391,-0.08452388606828709
0.7155627668429203,-0.9587897792322185,1.9928050125990844,0.5582352959146811,-0.9203304908529806,1.3554692140434825,-1.1159784176669099,0.00944850448617258,0.11534386146294041,-0.40991064390540466
-0.12208939898986557,0.06325315275551231,-1.0733148540198962,0.27336694861273414,0.0029946433343719363,1.943928299491169,1.4839013121753335,-0.733175246328351,-0.14102695759495704,-0.693643003064339
-0.25501518011556323,0.8594915901720676,-0.10260005252434727,-0.4989928662717675,0.6054139672294765,-1.9366641176605952,-0.3863761360935123,1.3699844111862287,1.417586027310174,1.3053415532701462
-1.2312673039411008,-1.2387594512849813,-0.4937166914312762,0.012537009540285818,-0.7330471381751766,-1.6806085575416598,0.9278355840891181,0.7611717438773966,-0.5907358014455579,0.7119787964768424
0.9434716762820047,-2.379889289317619,,-0.06087379575171375,,,0.07943349551182577,,0.39749956842841955,0.18100489061326344
0.5408415942793006,-1.9341406035996656,-0.30048362278910334,-0.9807633894193887,-0.16296195362167987,-1.6982120315685039,-1.1171455335290714,1.5395035437608753,1.1615180375069782,0.971622328146779
1.4707206878567594,,,0.2439357607566204,-0.38741228271584754,,,,,
0.12433323723276414,0.6338192095644557,-0.914402946886862,0.23866303566140326,0.24924031990798423,-0.2315179493725452,-2.673916983899253,0.1717620524160389,0.2398283321752101,-0.945628326939392
0.5722641513788612,0.2446635374115437,0.40950509144591857,-0.3774605459020203,-1.7087508776996716,-1.6866002668415654,0.6874959785688812,-1.0938801170089272,-0.7980137943892374,0.839624966115426
-2.136424548542942,-1.6065352189913662,0.7891248208525884,0.08429203863750698,-1.9934964692402453,-0.43959905616381506,0.1759885630566758,-1.101926394245455,-1.4459763981503075,-1.688615929388509
0.8463621586502338,1.0432965544001347,0.7546959615230228,1.2323042031633245,1.2804225970655339,-1.516033372323711,1.0012951990871228,0.11220752577147518,1.8995522507217286,3.3859194983525875
-0.19562523907563362,-0.304985595902418,-0.3837059429442388,0.0719190898845475,0.23196666710861727,2.63807895923648,0.14316806366640517,-0.429630361664423,0.013094789804533245,-0.8249558755568701
-1.6781000093447112,-0.14799579053583406,2.3334133081962887,0.8883701731988108,-0.4796887638684993,0.35090929209397936,2.514168918573391,0.19891454889499943,-0.8901434164877572,0.06851139197453286
0.6418937693753528,0.41664311214738214,1.4527527969908236,0.09980451135452492,-2.343014678325416,0.4717763992483745,0.4038080895873361,0.3387102472791865,-0.8485605286065695,1.9933047674803714
-1.0874782645401613,-0.981229832370717,-0.22884142916938868,1.3263871413332824,1.3697333971977947,0.64019847950041,0.8933526041349175,-1.3025006204171723,-1.69979692805039,-0.3719902876114002
0.8856372266615713,,,,,0.19021599862036434,,,,
-0.984331907178615,-0.9479580305587443,0.8749250151052158,-0.00952747212460637,1.676362363705375,-0.4289554496506595,-0.21091522816227268,0.33457353190964806,-0.6246680183152485,-1.598485610518914
-0.35255851365357876,-0.7486482457697395,-0.12677544007127853,-0.5981689519679413,0.45071456079877026,-0.35193366994684144,-1.6159705798985011,-0.6226271268764401,-1.2022580774696763,1.9216301158888285
0.04605242164254095,0.667167524009478,-0.09587304167235015,1.8338801252101362,-1.2609308525382843,-0.7915925946543838,1.1128763618381365,-0.517666093334347,-0.7482374936296514,-0.5614506525415242
1.9318243004187632,,0.409728470577264,,,,,-0.45060512687087856,,
0.13912431841774098,1.468501685319349,-0.25900417522068436,-0.9251780549190383,-1.4611030185624487,-0.768158947323895,-1.4380247678165676,1.1475887584671456,-0.42512407546297276,-0.7678192030534585
0.47976513406785476,1.9490653858122216,-0.42680380733099077,-1.134047809965865,-0.39561195457146714,-1.8587576883951522,0.5146744882173139,0.5769251249686153,-0.4394167886936311,-1.120426271850052
2.400303570601219,,,,,-0.15067960306474462,0.035368183652502425,,3.205694770157014,
-0.5099141378755923,-0.10763136011366804,0.6790023785454319,2.525187931864614,-0.11070805577359662,0.5546765760812384,-2.1591124347024055,0.06461628786122166,-0.014102859304578575,1.0191190172400246
-0.5173211194577426,-1.2223969723735495,0.22968674664790653,-1.5590744525416256,-0.80371342732747,0.054999367727303974,-2.39672351410576,-0.25570278042904276,1.5804895888682455,-1.6109632894090422
-0.6834085719314235,0.5884603458566849,0.8154298720689382,0.05794537340605646,-0.18629373223378276,1.6534504465807007,0.21273738603828465,-1.05768392802967,0.12015047346908075,-0.13490378086044172
-0.4386486085275344,-1.6812047191523343,-0.007086872059845535,0.5825143222881072,0.750470071632546,0.011124175425538424,0.03555350595002305,-0.5599433724753957,0.9679719833241238,-1.1890920591757506
-0.5210296455364527,-0.8058659900411043,-0.1117067977751983,1.312777482378217,-1.187715337374076,0.27925768284999936,0.30153861998057646,-0.9640649750162628,-0.19258667926100037,-0.896755864676915
0.10070214098714128,-0.11824134329974056,1.5048119117514844,-0.7653055971462436,-0.1719658448062168,-0.373618835361866,1.356719016665926,-0.49233473504811653,-0.8911683905061344,-0.7759577740247074
-0.7924908128254567,-0.5812344832728107,-0.8557665954887878,0.01547907069914162,-1.2986163746176325,0.5765960848635188,0.041183229267464566,1.6217711698041568,0.4668720594320553,0.36589391422998496
2.0095585263125204,,,-0.8692126741354603,,,-1.1395459891443216,,-0.7524571744920387,
-0.2620938344407798,0.5253755101923019,-1.090035073538749,-0.8717820888397302,0.15354201851627708,-0.9641772456605212,-1.3621659062859464,-1.529846270761127,-0.04852215461218919,-0.06882651299538983
-0.1159587426823764,1.2169541893424116,0.3022052864529239,0.00034263831982439194,1.3480159839291028,0.9750116921596391,-0.729919532086195,0.8345485640263106,1.772952307923962,1.776655357961809
0.9767331727278876,,,,,1.267622779451871,0.13041123177961247,-0.9226961908437922,,
0.5644911679659858,1.9224556304963103,-0.49918654328024287,-0.8539758364744282,1.2084664668841445,0.11350010168769262,1.2543640292654645,-0.9758453752148593,0.6525825993284059,1.8151788538126705
-1.049922888829625,-0.3207613449634845,-0.3615905529765477,0.7495295465323569,1.2606486488758728,-0.6817663265874773,2.498053555193202,0.0564800283676564,-0.567647764867261,1.427670050137579
0.14006573441357661,-0.3762212956521564,-0.5423555299339343,2.102207387963135,-0.9938888285783262,1.1258288176955558,-0.8116325351302331,-0.62273330294817,-0.08194225747375872,0.46542477743727967
-1.644733388887461,-0.5444339135780434,1.0290900138911816,1.0245565597998878,-0.2903288115248187,-1.1752984535160809,0.21553068027065259,0.8335334244241905,0.18155354560327866,1.4053817693937154
-0.26976073950197327,-1.3179722633504858,-0.5947928246421882,0.0015348992987203683,-0.7034443081274994,-0.5195979779512144,0.9617149819687478,-0.8123379351259804,-1.3331118687430754,0.8099659025314505
0.6453920390954924,-1.0371840449874543,0.7074332764270836,-1.130601624414765,-0.7235296677498091,-1.1044164486422323,-0.4584003312440752,0.5640582972874817,0.2698605186109664,-0.8137258790603178
0.18945063190385472,0.382097615435061,0.9554508009953037,0.3592724169964478,0.7376985049207,0.06480445202643201,-0.8148647276363732,0.16181715523140944,1.2156087758487892,1.2678281270956253
-2.5814586518433082,0.6289311312558996,-0.49422129600330483,0.40061305517301454,-1.3659039771414643,-0.43015255110368916,-1.6041504773113908,-0.4326419285209368,0.6075805179534467,0.44504621568569486
2.1459154090017702,,,1.3859218143229526,,,,,-1.0902929301547604,
0.8331711457367219,-0.6424712940946206,-0.26036852940254473,-1.6135529436886333,-0.8098782332869261,-0.7901095760404434,-0.21814067344600693,-0.30591893338014636,1.470198515342244,0.6916842448335345
-1.7764121304457128,1.0175331945297963,0.8800740150843944,0.06812946473584124,0.9857398559391891,1.2025576547560022,-0.48579980525370686,-1.2197602369806828,0.5648444224620368,-0.8155015598491452
0.26431341338645103,-1.0380144920533776,0.9740352969743981,-0.7594280619311752,-0.21095159927708515,-0.27518451362561125,-1.4162675534618674,1.0795178264662812,1.285114542184843,-0.14344080199804993
-0.7595478947764434,-0.2340029957289614,-0.5060197433189929,-0.022734791375980324,-0.311712907008574,-0.907199775178675,1.1314046784763814,-0.2140936076684695,1.9316501594049111,0.10424870161898714
-0.404802973804687,-0.28213313202214113,-0.3672537080355224,-0.10614097258145562,0.2239898994892969,-1.1219636056977946,-1.0213552336982792,0.7801741952503621,0.5126683790840318,-1.57506444304432
0.522578781956415,0.8403853030291932,0.25243698517447866,-1.6540794536157168,-1.3370989460984104,-0.04700475344585006,1.882350506695363,-0.5383846440152499,0.6054741788707934,-0.64397689400939
1.699941643885404,0.04147958798228114,,,,,,,,
0.17645458417181123,-0.2729676689338627,-0.04919325991645252,0.6668468924983546,-2.1982071986540936,0.15031115641498233,-0.37616439431613324,0.17552394331135548,-0.2033872649898017,-0.19439979829142065
0.2955530307578164,-0.5501925048396648,1.9670917798586336,-0.962078942014417,1.439147276478732,-1.2412485824418662,-0.26358040935781274,0.3107648376018834,-0.9327916947768724,-1.0017748420476567
-0.2808716495144899,0.8957762796684866,0.08196343495731878,1.8947463939315314,0.56467271427683,-0.4573166554481606,-2.694093129737346,-1.550845184047179,-0.2653618726663507,-1.564929058320931
-0.1926154360649998,0.22331692539809594,-0.2926375391292958,-0.27130562148540044,1.9576362837794765,0.06575038730021265,-0.13776102822643266,-0.994298259955537,-0.0032492352294489894,-0.47851878075722754
1.801716739723301,0.5693665919565886,1.4203954163260408,,1.245865253757929,,0.24960756539336268,-0.8692261763020981,,
-0.9571783070794971,-1.4621501552758631,0.9836828268180347,-1.6806028788839573,1.6900844603912577,-0.815661008266097,0.5665093452352151,0.6250728955189121,-1.1056319121678686,0.4601094200103538
0.17164741833273942,0.6312655165291265,1.209576188868559,0.8136848693575882,-0.8683721013796127,-0.1360216232175084,-0.8240265881398904,-0.5758279194431798,0.4879544626674878,0.6050878911184032
0.5820341602821912,0.2878036173252834,0.44062979828484317,-0.4547241032660209,1.3511392868314291,0.6680441387811288,-0.021025333851646517,1.126262576972454,-0.5151747327687346,0.11957358211014162
0.8948919966225718,,2.2226798529414222,,,0.020108435252845815,,,1.499153610536871,
0.33006942372106324,-1.538184162164598,-1.0707683170996383,-0.09131815192320768,0.35786203524113286,-0.046158232980544014,0.524253282714047,-0.05676833403720935,-0.23396165181689527,2.4002454009754244
-0.2631968519698009,1.012443588689834,-1.3057202797915917,0.12327366396728505,-0.6745279121990011,1.9800119542064705,-0.5575978564891251,-0.03090069053062183,-0.8234892958495852,-0.8836486880926555
-0.0761794397671412,0.3625592165204694,1.05762116627706,-0.5790650408410927,-0.5957913028424985,1.2851160150058183,1.5938992569530683,-0.08415383012826093,0.46569865017952755,1.6695757523996966
2.6488276894185465,,,0.1328818959787822,,0.3465164716423131,1.3711861347159178,,-1.854474891709806,
-1.7562852470525327,-1.5720857544628344,-1.6345587746845271,-2.0028902193073344,1.0573701462433556,0.13830235043235378,2.056685635604736,0.7346806184501952,2.061437710197959,-0.6439863547683183
0.3624199464510202,-1.2741496028590924,-0.2773213186746932,1.4345861175116672,-0.04052741762934103,-0.23482926241291627,-0.022164220525026486,0.1435566288542734,0.14482742825008937,1.33306175907242
-0.7210432965388736,-0.2067123652065377,0.09793635575800481,-0.9034897140494341,-0.4467157388702271,0.7664231068126267,-0.8241013741681368,2.773769567025424,1.6366140079422604,0.1769170262216493
0.5756251666566775,0.7705373807301575,0.5600276500159551,0.0954324285253791,2.751858582440611,-0.7183444408873637,-0.38699920869283194,0.07265834806875654,0.645028660767224,2.0117901329470165
-0.001648329395605239,0.5785354354499619,0.38559751667794917,-0.08267105201602591,1.2417490414126615,0.42841717330709345,0.9886404017755401,-0.29311009926838655,-0.5406815026017779,-0.3431777366764347
0.29895935727178863,1.1176912867742925,2.096701147131026,0.17498764447595427,1.86328619458297,0.6262131039160818,-0.6684026115749621,0.11890268483998541,0.7692699819274924,0.8466239418028465
-0.47961664950466876,-0.35607433112894643,-0.33516778846269873,-0.19762078083265838,0.3053731477669143,1.8880705874797374,-0.4211592828295789,-1.6395791717583725,-1.7039385762954844,0.8168162904553489
-0.5451354198270014,0.2696176657814291,-0.707559106366318,-0.14823029920813502,-0.32505071128708374,-0.6868201164923696,1.2363637517670552,1.3098863609889952,0.6397986004308187,2.0438578810978805
-1.3155693462016576,-0.2109646556071064,-0.34916105083533655,0.7093854634069692,-1.2606077679861358,0.6674324897852765,-1.4429538687024743,0.747862431499325,1.1548993880628953,-1.1319230605335484
-0.36716148115495845,1.1902336538781977,1.391880097283116,-1.4276612937223196,0.3766129222490184,0.6536242933837659,-0.00925007991518262,1.436076823971212,-0.5469360243991493,-0.4148949527678403
-0.6591696078228234,0.24555699830531658,-0.2686133194150184,0.8722934068470473,-0.34752347275422824,-0.16578370116218816,0.25285387839543394,-0.7774677354274871,1.0695107289491692,0.7389660997039813
0.7063625765453465,-0.9670769997264241,1.5992048206202374,-1.797984597459251,0.7942105930681275,0.1941126971947639,0.7219911710288783,-0.1604360173629178,0.13966841024619367,0.7550992580515303
0.054537788611737664,0.27117416494907653,0.3036951164368056,2.250125364197943,-1.5414696104961694,1.3525237109589436,0.508906921733403,0.38476203013803034,-1.2156710726605755,1.208854473344864
-1.0772944100701742,1.5287913683201757,-0.48764146416616927,1.5287479905626118,-0.6534624866849851,-0.8777793391802293,-0.042456864458302206,-0.688315448212857,-0.18259256626782355,1.7399730985197481
-0.5000385653514634,0.22746424173330881,1.6450182305057237,0.2916594382714056,1.179055930072821,0.6096008570702708,1.0521704188169743,-0.014149076980217461,0.6347486564717763,1.8609974171782666
-0.27802364537588153,0.4710747521734351,-0.6260019385359625,1.0893458339340603,-1.6180038286026133,-0.24412049257394763,1.0583270884117504,-0.10066410098071586,-1.7391752086437968,-0.719064653297933
-0.6329705933881099,1.6246521062374997,0.8412447440794041,0.9433372659645948,-1.1811650636926867,0.053757862187794804,1.6056830708602763,0.9454153039381746,-0.458585241921155,0.8350181429285377
-1.235124672620155,-0.8081311010592159,-1.834116371497072,-0.06324408273573472,0.6824290546988737,-0.9147861352701478,-0.04293108728803072,-0.7905179187889827,-0.5424518949964331,-0.9974777053897425
1.290006374481151,-0.6423964679409698,-0.20056787160944847,-0.47652102464788537,0.36393986375247017,,,-0.16996822995557165,,
1.3060253800781558,,1.1570566510881402,,-0.5782002613653376,1.1508443004949278,,0.3864334346164929,-1.3028362214989724,
-0.3319548135471634,0.5799550934068749,1.8484246137815297,0.8317618407839933,-0.12996203755672234,-0.9355822960662532,1.2999100814771578,0.3711602597599632,-3.1481559226521143,1.0945316809375756
0.4258831515479462,-2.097396267087077,0.6740921569522527,0.13648007310183402,-1.264192836024931,2.090468003778427,0.4901722164156137,-0.43325836516640936,-0.7325109036769748,-0.14105956981070336
-0.1084423013197753,0.626340829006933,-0.18949931526813596,-0.3638089810827344,0.20783785227098045,-0.38712256083448915,-0.06663138309554847,1.4308305040380385,-0.4347005567667088,-0.12632358061200513
-0.7635915259272662,1.1051827885985064,-1.6895485120655525,-0.830522911392781,0.7137912411400615,-0.15038889786000756,0.8828055069479356,-0.19314176337560338,-0.6721305523013983,-0.12231910569710287
-1.2916747114034288,-0.8257554355369502,0.9125511078676045,-0.25876824407902815,-0.030231799921587428,0.12461487622593151,-1.5684292210410864,-1.5587342506065285,0.3815897954525017,-0.4104024248425402
-0.2201543597349569,0.615288124071847,-0.9346469604769408,-0.5667594219759471,-0.3526141852938453,0.3365889953062127,-0.3594561691993852,-0.632843152229588,1.6935620219506882,0.03994014293210744
0.6547478486785513,-1.8093237579740058,-1.2881317807447559,0.5857023180951485,-0.2409287049590025,-0.38632165626114584,-0.9504338086207094,0.9742734408123949,0.6544048472654471,-0.06520512475834796
0.24582691276038415,-0.3049619163305892,-0.6838608415907063,-0.5187933040117881,0.76441671593543,-0.3946010674559246,0.05740382208634132,-0.42953396899969304,0.9396766159808958,-0.6501536342557424
1.5270899133782625,-0.5734451879817164,,2.003408994095771,,,1.011670784354139,,0.25819496465992664,
0.03663271120788698,2.0359140294881373,-2.35113579873695,-0.07553449556745004,-0.45480970759947165,-1.007294993063698,-1.5299801874989938,1.099004223258376,0.1977501631450988,-1.858868403047391
-0.9415012250036742,-0.5488160551279277,-1.5712933260311508,0.08767367945006847,0.25507726607408265,0.24085922754194092,2.02074121643663,-0.9408056755450132,-0.47298181709031095,-0.5270640668352593
0.8546263975792991,0.7451639180518407,-1.1307083085612768,1.4451658569905121,-0.9080048779769522,0.8538950864760114,0.7935743379470185,0.3979909945541895,-0.32938284938644863,-0.31094071037389037
0.4812645340327319,0.526339628868381,0.7095530255196111,0.7099344813155567,0.34243269098204293,1.4133487478168765,-0.6002139550704227,0.042461682276239754,-0.5582353161250204,2.4436105559884225
0.7643046796636505,1.0133656949973644,0.44635730572145343,-0.05645047808264702,2.670751634705152,1.2154998650797235,-0.3207466597589204,-0.2720237661273845,0.22199154903795043,-0.5408261852467879
-0.34762423975643775,-1.519721349613822,-2.395399557782344,1.9769225388988654,-0.5062988164082656,-0.304000561829972,0.06903661876796091,0.6959937235380299,0.7758996616512486,1.029118122107654
0.5748830527192902,-0.26797378628903123,1.2646074789198736,-0.17856285301742925,1.0316328142012958,-1.5398297078141796,1.301382979250028,-0.8915424793962433,-1.4500253005596238,-1.2990714397486913
0.20285834105914335,2.2859325469997884,-0.19607438252312565,-0.11231096186630626,0.7684199099860811,-0.5757995458621612,-0.1496236281248824,-0.3485364924828388,1.9672710213208406,0.07562501465614435
0.7486456554576132,-0.7122087163922738,-1.13895864625894,0.6638917140276649,0.2528339623568706,1.0300811190328998,-0.8867695922117101,-0.09243535003298879,-1.2883080754160219,-0.4944325726986021
-1.445364824761847,-0.2843640695956507,1.3078424431660471,-0.8581581856205776,-0.8707333360494451,-0.16697185296132294,-0.18409980474273047,0.770071519024501,-1.2990140739999654,-2.503800691256723
0.06351525103602661,1.690668124493659,-0.19387889398811614,0.39598992835022173,-0.07954506086344909,0.7455354990311359,-0.29438161577704886,-0.07368508386535912,1.6381599872396162,1.1440708120126548
-0.691749636857451,-0.6656403126838264,-0.5960441114343278,-1.1238509999243764,-0.5523216841989386,-0.12149501828745728,-0.7734213313517333,0.5114462987917892,-1.6735656183232257,-1.1799123020879356
0.6591228016891176,1.9009221525610716,0.2528722222525955,-0.8342146425416451,-1.1131125509697266,-0.3752486600986346,1.2665746717210422,0.5142260337361366,-1.2370340534873079,0.36234600352517266
1.4347159589773273,,,,,,1.7395494336956543,-0.3400995730664191,,
1.0620680883862312,,,,-0.4643066960609379,-1.8088907241381609,-1.0735468968630189,,-3.3147880938951624,
-0.5337554609755611,0.5944809303420923,-2.133346752613989,-0.7634522855234156,-0.5884359696848653,0.40524884188084503,-0.009654618463310533,-1.6560275983728165,-0.3387701008416101,-0.7774316791854925
0.4635045063580106,-0.24614861650700587,1.7485764993898176,-0.6639340108613637,-0.5678710334533711,-0.5320744129973107,-0.19300887991069843,0.8417875683882987,-0.44220427609203167,-0.3954612196723611
0.3570323584873263,-0.94635166721683,0.6307121922872653,-0.37793461727360317,-0.902806222373281,-1.8391480290344129,-1.1020757294090688,-0.20661964904709895,-0.09238448017408274,-0.2841892529757322
-1.4798606867781192,-0.21181650091206303,-1.5530379077084966,-1.26990252096158,1.0851117193033826,-0.1351489540452024,0.42198161031072723,1.4002415744009529,-0.08941394413879677,0.9286498405688214
0.35513812833823516,-0.7516168049831455,-0.17688741345409076,-0.7839130897136195,0.5786758628945506,0.9643135255254552,-1.4001298819279544,-0.9122649353560919,-0.3908045267347503,-0.8484691516302818
-0.2676665342545066,0.3296597313239458,1.2527647358981502,-0.5389267807931641,-0.5855755436880453,0.3385578150368024,-0.08533329806955646,-1.592832435977426,-0.8967572853271809,-0.3850625308773808
0.7415808464295935,1.0734481161633695,-1.0981453832026944,-0.8077764884482149,0.8248318125421962,-0.5003030583162638,0.3185287641908767,-0.2300110948543336,-0.0077141329374771014,-0.4541561207451935
1.0765315116475753,-1.5916916192526245,-0.4369569654059374,0.9834574918644337,,-0.15698978312823472,,0.41465994943719847,0.7958632523986418,
-1.4942077781545011,-0.5090338935355094,-0.8762772175776502,0.269822866242965,0.9842703004801135,-2.556883021743087,-1.6401668378011232,-2.131033517155012,-0.9239035672576944,-0.033095630854308736
1.5394397984037769,,,,0.4738729592959585,0.6257626659239266,,,,0.5512098802484087
-1.002126328104233,-0.3123028496673862,-0.7653263344363417,1.3289285774171857,-0.7091152083573617,-1.2011860750317649,0.38035182120306815,-0.16358722249992239,1.3027962973948874,0.20635487889158374
0.17296272679034583,0.778034835122717,0.3598216049880512,0.6919749013441973,0.6081623706677959,-0.4279087865271774,-1.3008513817629606,-0.27687994866058574,-2.106289948480681,-0.8368213796378828
-0.49461380049389675,1.1983014457897583,-0.25093488450123697,1.6546332913538473,0.37224238440049484,-1.7288498544999094,1.0483887838984958,0.9444886012007433,-1.7757131684061602,0.627745646788635
1.3464122835902972,,,,-0.273291717362237,1.3874189637680743,,,,-0.9022935468845763
-0.39302209530608734,1.8630296819890595,-0.4333657973810709,1.0112906664977266,-0.28080787015413206,-0.8491116690909762,-1.069932974485124,0.4702607302691606,1.2214335425999312,0.40673380123333397
0.17194685636885632,-1.2306443534746285,-0.08112846113038848,0.09843374803419197,-0.9618405760493901,0.35228258257699263,-0.7707141532256087,-0.47413298102840934,0.692126178797956,1.5178080914946745
1.4306872701671516,,,0.5554698766645332,,0.049211166113093036,,,-1.2178139763667166,0.27747566599182577
-0.38760160906050756,1.841022277591311,-0.5411596967846775,0.9583174754853425,0.39804498226824075,-1.4744464262910626,0.5184689548974687,-0.7266061504140036,2.3279067316733517,-0.8639067512422031
-0.9970902258058444,-2.256623840724186,-0.8401000856295354,0.6521476341853991,-1.1056407948019613,0.44073897853079064,0.1840002086064713,-1.0496205251270547,-0.19299378446201745,-1.0155431365803587
0.7849524704280482,-1.8959042605987242,0.6631486489827887,-0.7958994294337982,0.04256416480663868,0.39185660815111484,0.06711815740354558,1.9877573777178617,-0.4917504207977727,-1.4425864236503285
2.0988387896962615,,0.08022703047709964,,,-0.15223971483787657,,-0.1761538963260343,,
-0.046740029929326334,-0.09751242585087,-2.331201352287193,0.7063850627808462,-0.2912867570066891,2.568360557564626,-0.5290995709130155,-0.6938304592740872,0.10425972233301133,-1.2903578416017103
1.169737436931358,,-0.8809978851100813,,,,,,,-1.7250451914886904
0.36967783269817533,-0.21488007578356458,-0.23918176054889956,0.6691424443265238,-0.3197055556240195,-1.7492044733918521,-0.33970611348173235,0.2878634239164934,0.17824465176193013,-0.17908727568555202
2.4110455727975704,1.659656527248972,,,1.326027245500464,1.0653763617164367,,,-0.1603589643120131,
0.14392870185603934,-0.638730343030613,-0.7806438538023189,0.9237430276935972,-0.15592141822332406,0.824806354321994,-0.1079136767136913,0.5481667513145709,-1.3125169470736402,-0.986984785326426
0.45335978558818824,1.6924784476695711,0.466326611131079,0.015425592224769464,1.5023033998168316,-0.21808228012232372,-0.7965610035287386,0.006884413336802802,0.3727606381796662,-1.266239794860392
0.12908978762586595,-1.7242845356046301,-0.3005064595753674,-0.15662120381949443,-0.032237294521452076,-1.958011246994365,0.10050457470271984,0.8739215554137774,1.4080661793518765,1.4529399228520532
0.025382598509163676,2.4785472866802016,-0.7600811194881925,-0.7283721912419525,0.018087032496893675,0.8271851082601732,0.643272258759339,-2.3683213520649353,-0.9642736008153479,0.7671877668383916
-0.8886376303956637,-0.12873518624391997,0.3591032358457357,0.4836525601445587,0.8606806635321659,1.2711196794334136,0.6325711891381214,-1.2274592126530335,0.5864382104562362,1.0817501833136776
0.45349238662151153,1.2897279700659054,0.23755154350823668,-0.12699297385203528,-0.8470216264804686,2.0343416973151407,-1.0453083755715082,-0.00478517552240596,-0.35629081067022056,-1.3342001634975211
0.8881708890718535,,0.2439779224423475,,0.5633818806598979,,0.4810284256733546,,-2.443584708979626,1.0021277185764583
2.373468524884256,,0.7729873795838873,1.223435184771273,-0.8496039065396808,,-0.14998114830467166,,,
-1.8543147220566079,0.43846364430378254,-0.02773678521383786,0.6931319014206658,-0.4097148303585951,-1.7228149955594578,-0.9743639394227522,-0.9153260314032817,-1.0276380661076023,-0.5626641632066656
0.7272422562868385,-1.3812376199825196,0.883034375045771,-1.2697346864530499,-0.38112232839662097,-0.03563507680736078,-0.29968303698641485,0.6218735135264217,-0.10840517531760323,-0.1568954771638006
-2.3763874152429247,0.400753484889312,1.8786570928369413,-0.491930448104341,0.6604871508861999,-0.8238163560556768,0.9854002582659499,0.5189502140634378,-0.3665854874451394,-0.43246110148793393
0.6453452749580163,0.040918499987934974,-1.231372112075441,-1.528055219242762,0.5882444560035296,-0.763088558027733,0.03527690023132943,0.5880939618553479,-1.2024650903263183,-1.0142141448416675
1.622634924318482,,,2.5072684850910885,,,,,0.06713682613393239,
0.8316106530439774,-2.004763103770995,1.1899516513766577,0.27363882819694296,-0.5735586883622932,0.7341501987964134,-1.0504652588672003,-1.0038684588704911,1.0589769111141085,0.06702484001135364
1.567689400849462,-0.6861411321484168,,,0.40588764225114166,,0.4596130817012527,0.019177934761813748,-1.941607730501373,
-2.3738081483003612,-1.2337060708336123,-0.7046874606496883,0.9031919374541484,-0.22222229314984668,1.874952245847541,-1.3867961412670824,-1.0996510092526972,-2.250444086177658,-1.1467743776915742
-0.6326286243564239,1.4649364770294724,1.045781199664583,0.23845058603540084,-0.3112432998115118,0.7647235062713036,1.2727577322636596,-0.6467436599857852,-0.547226374586732,-0.4314649899400628
-1.7344963336895671,1.210933750778566,-0.5834115718786986,-0.28934574159687787,1.455982045434414,-0.5396000568099834,1.2660708624808228,-1.7481802637916755,0.561444328317808,-0.4454671988791023
-1.5793976968053438,-1.1355089812101262,0.14040099282732954,-0.9599608806615076,0.3830054837068717,-0.7453346183052996,-1.6194365630125545,0.9698082703281261,0.2943958878506833,-1.8030095532827903
0.6530453732246703,0.12219394519915362,-0.43158264851666167,-0.39193002483916334,1.3404214381684634,0.31911526427699105,1.3891600835079765,0.47577889434962195,0.23484078595167393,-0.7572909866819512
0.15779241713579673,1.0210007196330118,0.0812186224267209,1.936389901589511,1.0195060251921704,-1.1982424828650764,-0.48490359390444054,0.6733348807709002,-1.5269464325084159,-0.11645538835622021
-0.9326488186268109,0.040702669585244135,-0.9246370012116326,1.0534167618729562,-0.5091905666559363,0.6646421724569163,-1.4935435014029117,-0.3046815620643977,-1.2795541321699393,1.193377301539543
-0.7743919400918196,-0.08725989312483165,0.35191071819798886,-0.7464554253950981,-1.2003167068766685,0.1855971233885235,-1.932270582687199,1.3417922240134799,-0.1366806051022392,-1.4741567867150094
-0.2646418479712369,0.5777969798772565,-0.8170629591465772,-1.9419990286580302,-0.12336422481337993,0.7611793068510843,0.2330445329141058,0.40278055229691717,0.9567224212543589,1.5829457270977045
-2.693419590190932,-1.3247388603031296,0.16788285737962863,0.2770559404753368,-1.5488463155869303,-0.7821823224323355,1.7220656657399689,-0.3540664127996923,0.21032505006604263,1.7908311734921178
0.09417942022653286,0.7873768077309595,0.5710415682277623,-0.33593857004493377,-0.39308443699467327,1.1816084059788314,-0.008056705775860207,-1.0088464209207912,1.0823173103704367,-2.8548234555716343
1.5782925764723208,,0.00798041195245126,0.0830257225840257,,0.17417192636103965,,,,0.642068857696579
0.22268188116230586,1.6871160914514447,-0.8148354483277008,-1.153876786953308,0.29978238689877496,-0.08541663172075632,-1.198521503891793,-0.5190180584048313,0.7047677835481646,-1.3202387039458763
-1.1375588667192682,-0.728256277798574,-0.707709019627314,0.7930462904348955,-0.5552113587800089,1.6313983240117877,-1.0430235694607488,0.3648459758036674,-0.04012453956191607,0.003207773798052237
-2.461837907150969,-1.0974247996777504,-0.16742199165657867,-1.9695616740953241,-2.923121987656332,-1.2347015005434203,0.337319996206917,0.47722600079279043,-1.2235755719807713,-0.20135397747143027
0.4236957820695955,1.325080372111667,1.2861734409276173,0.9112852706273991,-0.5392796310244274,-0.04928117170496716,0.07127270818709823,-0.21658469981334225,-1.3765516563406268,1.4410925165851647
0.4327890235328697,0.8700151466411989,0.6604925604200447,-0.43343119360324,-1.49905876920706,0.750766417288208,0.6864153814393305,0.28967194198977664,2.1524373915182786,-0.5662630727272828
-0.3146595027036413,0.20667333278566433,-0.49722424084552663,-0.23476144515600383,1.0325441141303173,-0.6474865416420259,-0.5793513911321557,0.5775699671413574,-1.3197649828850893,-0.08191990105512839
-0.13435181267442073,0.6266555767164341,0.8032953730321054,-0.15985735449098326,-0.08591793574109337,-0.03518526060257687,-0.3079571444698872,1.291982431199678,0.5017663819084486,1.2662231087103837
-0.8767816495104831,1.2512036037058494,0.11952188937972247,0.6841878721847641,-1.9090128095315242,1.626361678691473,0.4404836383080236,1.8637518002428342,1.1118205601645603,-2.0472792070610355
1.5215845641793873,0.18688939966560222,0.6419168883370687,,,,,,,
-1.2194801151419283,-0.1989126075755328,1.168103372625085,-0.8181017871385516,-1.908113839753363,-1.9818580476788368,-0.4701737514949243,1.6841906485836027,-0.7627433743730919,-0.2879660137140092
0.053084635908262186,1.1061140185492617,0.857017178046568,-0.15340852198542274,0.5994651631947177,1.0609628312367754,-1.645470510210534,-0.37679974411321115,-1.2006756714757405,-0.7266012001798778
0.6500877999935085,-1.2002788241060485,2.3094315869036377,0.659025230271342,-0.5846102003265344,-0.1315022264052178,-1.2882376876418022,-1.4745433519060964,-0.3854253230208178,1.30853105827183
-1.4068682536334778,1.2330242365817037,-0.18569161278113788,0.2386553566022578,0.07303720166419511,0.7744565956258782,1.097670924891755,-0.21455761745294757,0.5098447282702286,1.30075766779179
0.8140834100817372,-0.41316720256459755,-0.19508477551254946,-0.9865158925838065,1.8177447933562854,0.3064750292608005,-1.4034157837431953,-0.8398158398894431,-0.15356879793075695,1.3420696542593797
-0.19100000375493273,0.6039525558069786,-0.714611819672268,0.6443529184100466,1.3012088631258074,0.7897001140255273,-2.456954778830591,-0.1525723287788936,-1.0577134353047086,0.6712492084047754
0.07024592679579549,1.7116669846273018,-0.3323589191647727,0.07282910454839231,-0.12318802910684926,0.7187147921081628,-0.9715977132510295,-1.0001132605894503,-0.563295122230142,0.5847633772951984
1.039110979410546,-0.09302583865444196,0.5915470277435966,0.5079598934574084,,-0.0812912258882949,0.7625310700832937,,,
2.0391063644623704,,,1.4562759220222192,0.9391979494313366,,,,,
0.019494077363415567,1.5100768843239167,0.9741202956446536,-0.18604180803428258,0.9114208930863335,0.1781965440492985,0.8718415700551252,1.3562050627614004,1.2363710073601137,-1.7257455753849757
0.513661058909496,1.4780956489826775,-0.7188176723720591,1.9892488107794266,0.6206952594400558,0.9584763835922248,0.9575747482362233,-1.344451100679883,0.9954175724067962,0.49317606733428077
-0.44796833630798943,1.623508508913087,-1.8948179023695324,-0.6125351979035154,1.4534229325271586,1.0090274128453391,-0.5376277444819348,-0.7121153386038848,-0.16187981420838649,0.39172169574265775
-0.34352961830717615,0.013940431572943156,0.19268576789614644,-0.22222273461047679,-0.32770289087241095,-1.0494850780494052,0.10081120736974457,0.0809587940564536,-0.8096890184886447,0.40930249156579324
1.3044988785762819,,,1.1141006599507972,0.09194288344571558,,-2.1769333335611947,,-0.9757584037190143,1.5361260587619014
0.7576133300476887,-1.0833499559408806,-0.8505251730369144,-1.245996154827964,0.45246876516411055,0.3189037499848444,-0.2976191157885036,-0.7517676640052287,0.09363183621437904,2.7016536575345493
-0.25904020707553993,1.268333671807445,-0.17500147202719232,1.0929803851561934,0.726490650430129,0.09020690379194493,0.7619166616566688,1.3211732404377599,0.190112014267258,-0.058610309783070205
0.7875997241320105,1.7531916474503568,-1.2681621042723474,-1.1450210377673218,1.5369049241075932,-0.4191768168907704,1.3668078172793972,-0.5515125187326523,-0.34637572380130555,1.1621480723627524
0.8559877513798535,-1.0120504242872843,0.7188897874416412,-0.5459871947631549,0.5579558499071662,0.18331509893832185,-0.04869944458384993,-0.4944110828297013,-1.548072033849094,-0.5080722936775205
0.8175496056667495,0.5792870765707018,-0.7095868587066902,1.230048249993548,0.4920855496195575,0.7485131962645013,-0.9043401808634396,1.9405025992798026,0.6186811439841156,1.6776244050460256
-0.4877199199491814,-1.6856246213248482,-0.8003335767728434,1.186494282414294,-0.9842344052581059,1.6380920600492497,-0.5778611029577257,0.5346336590619769,0.38142929418464133,-0.16339026733690026
-0.15734412111719012,-0.8388034460946994,2.105613127936266,0.6635819971836191,-1.4788091428326435,-1.211331717970433,0.6761841251678014,0.13405737394483994,-1.6710283564734976,2.6834767012090572
-2.6442657114509185,-0.3188603544618871,0.1623369148492158,-0.5385902172449057,0.9966109233214345,0.6561389064372928,0.2851369336900426,0.07150184887050143,0.6805289361113108,-0.06623060488177586
-1.367973191881674,1.1108708875813964,1.8934718894776335,0.22790918309833674,0.24857812188063416,0.10801707613119933,-1.1741483601356661,-0.399463638594253,0.9405688259556952,0.39899814850083015
1.8618468748420742,,,,-0.04887462793815838,,1.1954440942990026,,,-0.3855871767701916
0.885057288913049,-0.5891126333370574,,2.4830492311304644,,,,,,
-1.059496391063341,0.47222775019702357,-0.6478477306140693,1.4811079096159288,1.445431504698341,-0.33722967977172685,-2.729224294974758,0.6582825179202989,1.1653316447481583,0.666803696465199
0.5397399442896825,0.40674372472414744,-0.1999730814328812,-0.6241271395699286,0.17566310342366495,-0.10428240638361601,0.8139579794810701,-0.7295551762896918,-0.3106514412312958,0.1980469294830253
-0.6485580051859584,-1.2837067131566613,0.7498778501686997,-1.2014230414959526,0.2907197888895628,0.6361134525242562,1.524098621490635,2.408474832467635,1.4197353089965463,-0.6052676044496149
-0.19648327161093623,0.4027705274814402,0.0386430451921087,0.2538707753799264,1.3461083190805472,0.22820183643961695,1.0125926962513336,-1.0336331589852208,0.5777363257873255,-1.5784156565322995
1.2128545077632364,,,,,,-0.789067775215159,-0.30593825244475875,,-1.9228165562168058
0.5483185773512175,-0.16454526395584804,1.1615666826946935,0.4910640575579843,1.4490310756186315,0.5005548738393978,-1.1219982613407533,0.5186208055226754,0.5816481413748151,-0.6092615177061549
-0.45902355875217066,-2.3250820646882566,0.8139648346419728,-0.065554805730788,-0.4986623348492925,-0.9362560323469441,-0.4281267813393765,0.5050967619603135,0.2465462618231996,-0.26900835533019646
-1.1611202828752376,-0.2808055514936279,-0.77539260728266,-0.16313032615439801,0.6746902524788725,-0.4876063572276292,1.722200360859953,-0.5223506893410546,-1.6681106484669996,-0.17740661396525642
-0.5596946097935023,3.4567247591586896,-0.4197413138514193,-1.4861805158177237,0.041174691958193836,-0.1632251833320474,-1.1656568993456908,0.35957952593431547,0.56615262330444,0.08110267728715284
-0.2668001439362989,-0.36829519363944446,-0.623356056589009,-1.2813666175214193,1.4849807558624675,2.4375884141626827,-1.0269467191828634,-0.6026199014459696,-1.0816482726285028,0.8906591835778017
-1.0151103709470615,0.6984298196936116,0.4279139499428128,-0.15322017071098087,1.3598802525813811,-0.34980733980714734,0.002298493855867305,-1.2167501613387033,-2.4413443531789647,1.0600708998593784
-0.6183076480282739,1.1564584189995855,-0.3523098784420179,-0.10885061539344293,0.20604668588899397,-0.5394085982685546,-1.615296297790177,-0.871340489695935,-0.9500308114543136,-0.03353262122931522
1.116997177983678,-0.7256251794452963,,0.23880279972758475,-0.794172748147271,0.38534404505273934,1.1004828677108505,,,-0.8409561933541718
-0.11866862122694365,-0.7528525822442199,-0.5866561921366318,-0.12210282309857895,-0.20815873491064144,1.0331008637121424,-0.5879388329227501,0.38864890588983425,-0.46457844357833517,-0.9109845332078053
0.606635668771644,0.4188969368615516,-0.6001242204926698,-3.125163960460177,1.1206072863050183,0.7771903970984405,1.1542306715313737,1.2078159649118232,0.014728374154613349,-0.41641409967808857
-1.791556349801476,0.1355815809222979,-0.44934418203512533,-0.7828413596317569,-1.3587666101240665,-1.0303178776376427,-1.3459120130037552,0.9929351024845201,1.1156429010713373,-0.7422746610674978
1.2246314085249115,,,,,0.24500998790854872,,-1.3203125944775775,,
2.5994589436563524,,,-0.08438564460079184,-0.3683546218791424,-0.03932346627180112,,0.9075095833696208,,
-0.6036157287830141,-0.39751161398656365,0.5932859977474622,-2.071134333174925,0.9872839184918883,1.4698373708937673,1.450365512479511,-0.7009433262039739,0.30173503517395944,-0.4462454257067177
-1.4861769921306607,0.0887210187420866,-1.456626521568474,0.5994577605767623,0.8187814160597173,1.2912357175417148,0.5124316057478757,-0.41365981570736854,-0.1889314101617185,0.12280455753833992
1.462861150624655,1.4733995717904715,-0.08410850509051163,0.9828854579922719,,0.4362622838633855,,0.24393537399112322,,
-1.2462610027084537,0.5830773687748767,-1.1142596461479823,-0.3411773999469185,0.8903984954767383,1.1203501407072773,-0.9794082108996269,-2.400342111648774,-0.8035730163269371,0.20053286610721827
0.671163909683091,-1.1797594437960381,-1.7666828117141489,-0.9077910600715356,-0.51917505568777,2.0876189046619555,0.10983211586808932,0.6486358688872313,1.1001397375719635,-0.44954286148731387
0.10045989864465822,0.252996954802127,0.6063080784259623,-0.12858298518711658,1.043969670035963,1.1034962149902277,-0.28343134784157414,0.7590809195591305,0.38921180176292075,2.661798591181656
0.8961936658249319,,-0.5692866448724435,-1.0344753217324283,0.5277473919257971,,,-2.059377088605962,-1.0291670370934483,
-0.03541242308767187,0.18302978850586682,-0.6874838027164879,-0.1275993828535058,0.6842122601623039,-0.8322591262645785,-0.2620593094684997,0.0052942294138551395,-0.27079443515819157,0.7508476631819263
0.459439140038301,-0.1046227453581027,-1.7060028529937912,1.1818315715047805,-0.9237460723437206,1.7760537723754533,-0.8448400706349553,0.25414114780089725,0.6359266301213882,-0.19661096638373213
0.3119520310434536,-0.2825279667069732,1.8891856819701967,0.20220398550364158,-0.11640217820915297,0.24422266986415211,1.1322274874759897,0.3904231208671345,0.18341471604119305,-1.4346467452780156
1.1553465196925794,0.35027793228292203,-0.44537869169592487,,,,1.9685518567230915,0.8743534599437061,-1.929386391190301,1.2609385066676206
-1.743211723695675,1.3509403461969745,0.8851080691631009,1.6799629561338154,0.4428870651313335,0.2862142325188745,1.2386528375783232,-1.1768032679860359,0.04031101123021065,-0.230009136547167
-0.4294812012985413,-0.5706978108207674,0.15805274770839675,0.7183036277071093,1.4873049598140462,-0.2847951037726027,-0.36752597782625684,-2.8209885242252755,1.464511109931351,-1.3580252658020846
0.48042511351139666,0.2925712206691351,0.9903543178783186,-0.8795809739556409,0.5741431928696851,1.6284888519770668,0.23251226795838234,-0.8761713326072819,-1.4671830449303136,1.4889409049813513
-0.43918774521175097,-0.24052440314051202,2.5285058054705702,0.9229372492549535,1.145657132458169,1.6416032372917218,-1.5599713552233585,1.5347238035607496,1.670889755344571,-0.44615096357818984
0.7520042198839101,0.9675349128616331,-0.7078310198607916,0.9145205223607008,-0.6352343828069157,2.5920496302724265,0.16166360600785606,0.5670869546790439,-1.627577886767431,0.3960003566023079
1.219988080767373,,,,,,1.029251316329392,,-1.7836486960333353,
0.05017678350955297,0.5803339222879328,-0.8873910776933912,-0.5882426911333565,0.5409214589922084,0.9045099338348704,1.243491486912442,0.47953288120928583,-1.6577375683889919,-0.8751817436815053
1.2539619354759637,1.7707868804512779,,-0.17567637312514128,,,,,,
-1.7831092659721457,-0.2704567809631158,-0.1262478608861347,-0.31878914615256854,0.005043516932324203,1.3856100045014876,0.6188281661299364,0.19479177340475368,1.1416845204170996,-0.9162802690516291
0.7133625710979892,0.6943513575205861,1.4996976049698143,-1.3706225214891465,-0.8661770509018833,-0.8101561150333756,0.4781886708008606,0.223988233609328,0.5677571545069696,-2.1068680412622296
1.472195042793761,0.23500875622839992,0.5525638942663141,,-0.6278205348972317,,,0.06294674039789125,0.4931917672741883,-0.10252017176247627
-1.3606876092575293,-0.18150171557411082,1.6250217946588759,-0.5534219289166599,0.09408415718985935,0.8343503274979086,2.119315121019933,-0.2557437838308902,-1.2271884743451424,0.6725182472866985
-0.8122686670887216,0.2953171136009854,0.6060266731670002,-0.4793696108054412,-0.2720651754563849,0.8192192838765047,1.0926167203871033,0.04421443927022979,0.1686040462216681,-1.1239355898838024
0.11807679824573573,-0.39164901864496987,0.0786539511939981,1.41821481054899,-1.126160173088214,1.175349851817591,0.19475006012156032,-0.026942321338162177,-0.8687337313810851,0.2795281632817667
2.1714702840744926,,-1.9555235475138828,-0.17678535851232313,,0.9395278914427467,0.45210958061027856,,,
0.8853119282405111,-0.7170834403974449,,,,,0.01689388694611502,-0.611562679545401,-0.13196294001751863,
2.552144492854329,,,-0.7273746640612918,,,-1.266778914483127,1.1522817286147344,,
0.8263664529824656,-1.2936510856777133,0.1846057935495016,-0.8967987435618646,1.2637890790306838,0.08620377702904877,-0.6582625627034827,-2.030185562453229,1.1661956520369372,-0.34265041312578826
-0.26180664854583324,0.48381152008653444,-0.8844418462743727,-1.5181554954563086,0.1930148217003003,-0.9310409936410807,-0.07681637668732642,-0.8653825771286596,-1.359235245792705,-1.6413841450269113
0.10100236414729008,1.0965037459492022,0.9779706842979712,0.024855203619573888,1.424759037114943,-0.5356479681891266,0.8188244814806882,-0.49210481360601155,-0.7259028831317772,0.8096228107734889
0.43263221936311913,0.6295592364549433,-1.4885113288609257,1.0290020480510318,0.6771624376896227,-0.4028224330943121,0.5829690160565365,1.0961871406447292,-0.7359289187431913,-0.7293768449152869
-0.2885017391118621,-2.2214167690938984,0.3301018545356787,0.9108319812503002,0.5700655936176814,0.4792497569590435,1.0234868282021943,-0.1002346104555729,-1.5716564978968353,0.1294324860409728
1.3013967339744814,,-0.3719204166368648,,,,,,,
0.32995212672427415,0.8692659655183788,0.2379209180311667,0.24926856877467074,0.07001488594970252,0.5345984511418593,-0.3592740997614772,-0.13053522609820206,-0.9009989767500383,-0.2699108346355456
-2.004550719306936,0.028532811234885345,0.6160076616866705,-0.06699617542076419,0.9212069594472856,1.335374088129853,-0.016073617492570486,-0.9964944463919103,1.0914651969155025,0.88921800085001
0.4489484408895381,-0.5244608803350423,0.37793737319524023,-0.31143716184966375,-0.7336949017992849,0.35915767970060397,-0.9731684666865512,0.7558745580854536,0.2815619550734231,-0.11147916893400235
-0.04159126365185456,-1.0731689135484326,-1.01316301127232,1.7328377414701726,-0.15090553295602835,-1.423974873440621,0.9185223059941444,-1.0243354905438244,0.5766106694183243,1.4741851925346743
-0.21710117885047575,1.1577496414530082,0.7338375015301091,1.5732837417505239,0.5818451576357255,-0.5286556176054744,-2.0829833668498194,-0.7920580834016352,-0.502226785675316,0.9926653754794763
1.214164335622729,-1.0960276671258793,1.2229203885325532,-0.7734009606442968,-0.8333622058737972,,,,,
0.7322062465876901,-1.2123297760107958,1.0318798052384088,0.11712015257444156,0.2929641426322875,-0.3584174115376109,-0.4150631645041242,0.4967732127071968,1.8085077030124372,-1.0496617166668665
-0.340635934632087,-0.6126001210797487,-1.5117562971683485,-1.5243447320986057,-0.7325179810274758,-0.3959319177704441,1.416091024894975,0.9893116637772356,-0.820414789238492,0.7728394882814199
-0.7993459302208721,-0.0878226204765537,0.3237837019981279,2.1100034319308216,0.2688096863558533,-1.478005004676747,0.7441963005735301,1.1371910250269024,0.8885896204817513,-0.9942256462001973
0.12432882235059166,-0.017920755418695734,1.7695161538004045,0.6167416632851448,1.71671496038607,-0.7093516193301508,-0.21672390026028876,-0.5375663305942288,0.9787045792166486,1.139585881250832
0.390801025672148,0.09477201440830788,0.4178172448424356,-1.3825450805757808,-0.41122225719171773,-0.33084383845773707,-0.013595944929112027,-0.6520073886962491,-0.8493088547830631,-1.597994284475805
0.432080311974829,-1.3717219222469677,0.9994628527807506,0.32393597841056476,0.8864312376732102,-0.8917651569566688,1.8637875718851886,2.219701855734458,0.030046574615810707,0.39342176994422673
-0.012796070672378741,1.0073244229838336,0.7926647996203031,-1.7753720037964507,-0.8266340162179812,0.39275152499593796,0.7737187693872805,0.14936256670501824,-1.6967095283420142,0.5565799545443906
1.8248457760503969,,0.939293323803812,1.832094282454492,0.9435532712748176,-0.08071052937297347,,,,
0.111297390028025,-0.7618731018031208,-0.4633212081079835,1.6247091631172006,-0.6198147809815696,-1.955775861202062,3.51539306096433,-0.4365567173643912,-0.26852271609860817,-0.40207060059777283
0.01593060573500543,-0.7591328622772583,1.4894410572339487,-0.19958215238084967,-1.0455462469855943,-2.8687427516332638,1.0948748140357791,-0.44069418028313223,0.3756946985300328,-0.9290059949375015
0.09380004031090092,-0.027279965589992093,0.9208779289124511,0.1655461159990091,-1.122915107496318,2.4024243630993576,0.43456499813930904,-0.9448812076464362,0.18911388938023915,0.39108323674933104
0.48409712275762073,0.36328899525868474,0.24534807680387313,0.9176926917491954,0.7278679098076983,0.7464599711305611,-1.776556319017159,-1.734302398456134,-0.7931925245487937,-0.24843861226247974
-0.7599447476167868,-1.015805104985756,0.23887432983429321,-0.8727998103547855,-2.4035492366319775,-1.358228936705342,-0.6097497277363285,-0.25826432901800533,0.8986915460794782,0.4345421306176902
-2.0051948139077678,1.4525772003065074,-0.19932019715446392,0.06916305673551187,0.1212294078132234,-0.8526815091535068,0.5634206145772049,-1.9482989068795908,1.3401054492253472,0.18752947080284346
0.3632364761474959,0.5266183619286089,-0.4414491903074542,1.2711551487403296,-0.7252150189323173,-1.0005841694391249,0.14901054258678786,-1.3777803370983537,-0.5662960067121248,0.26077247813349835
0.7350505330611431,-0.03741803509978067,-0.9042686136145083,-0.3372026397624296,-0.6680610199142533,-0.09765026070937369,-0.6202550342170657,-0.977309184090117,-1.101812497543407,-1.8383351947760076
1.0812729731427684,0.7157904965529669,,,0.042380500561872245,-1.2919752998794654,,-0.1490485761075886,,
-0.5386784367207763,0.45927823244227334,-0.16267488796951876,-0.7349207967950458,0.9605414137624442,0.15575065343061528,0.5108395616710206,-1.097729882533104,-0.5196606883818159,0.8201467757094126
-0.2806932518807537,-0.22289273825087635,-1.061113532796089,0.19686522536265735,-1.079156067680894,0.36577430807643513,-0.992860570567264,-0.20940091079163492,1.575022198523166,0.36577957173349457
-0.34645525534570754,0.8568239192573482,-0.7234993017156606,-0.9862177477291955,-0.36469834894731823,1.0986758596955413,1.0424899321109558,-0.4966656257021857,-0.2839417287930735,0.4203163887989915
2.4281731308229637,-0.23759043268736602,1.3825327330852932,0.2494711279973217,,,0.175974148991198,-0.028336006762834324,,
1.1878259028621891,1.3227282231419486,,,,-0.8280846161607228,0.1540275527895985,,,
0.6466648649534875,-0.3211587300701996,-0.19035820058016553,1.1143420413269787,0.023696499375691012,-0.7202609716753762,0.096348872175895,0.433338905522113,2.504532259311549,1.5190810636431793
3.1923598786903176,-1.0653423641777426,,1.552913764837993,,,,,-1.1439263248441538,-1.417230735329846
-1.4967598081808176,0.23310182417518943,0.6712593878774615,-0.9746263158227909,0.48364965804023047,0.4766024354492664,0.34673964807089946,0.6799092635575228,0.2155460105296485,1.332875062419154
0.6237632346788956,-1.2545669068571024,1.8400380655979327,-0.9607823644651431,-0.016198330481566048,2.552122968866454,0.48971102833710894,-0.8225407184673525,0.3367678528548131,0.5223519198763056
0.2011615591698433,-0.5067704587776009,-1.279829629658085,-1.1646513927020243,-0.7793260245345739,1.2949214341287616,-1.218935478481524,0.15574723702159932,1.3983342095543412,0.650763745897236
1.4213884248894129,,,,0.9411715867994503,,-1.1946325311066377,0.6670623216285303,0.48775562740683254,
-0.6049177969042657,0.45044464048019073,-0.9873352133111958,-0.43129983638462754,0.9421397399560196,1.042002606061563,0.4820918430039137,-0.45979310468505,-1.111527585594048,-0.7794381198336366
1.2856092312973388,0.19454183773716965,-0.10192254608366118,,,,,0.6460661614989265,,
0.7534008465992296,-0.7720704062158027,-3.337538322469077,0.2042802486476455,-1.0452815060254392,0.5075978448184278,1.5904877059974956,-1.0296495370290968,0.6464572793733038,0.8702398388681395
0.3457155725164743,0.32788400271285145,-2.076421401168772,0.06554049403403622,-0.008676800493540308,1.0497286390763534,0.9599465061451121,-0.510343817823066,-1.8999485663268387,-1.5960088329022737
1.40871758236791,,-1.4466369901358105,-1.322336148773472,0.23079987900057006,0.12095983768713446,1.6558941504314861,,0.3861735059742862,
0.8189315901239873,1.7600571584025413,0.944445689412413,1.9710270459823935,0.5409553278280856,-1.58604294427535,-0.8240245018694613,0.8208563066444745,-0.24127861118808322,0.001848506577295402
-0.8101343789466264,1.4444285821206277,1.531422475723599,-0.22899410139312096,-0.21922442168720369,1.2754236407283923,1.04608801196336,-1.6309512173525513,0.6794879294630389,0.4957991301344411
0.18667086190151339,-0.8776008755333379,-0.8558175507024367,-3.0985150891782713,-0.6564193980761208,-1.9706978694106316,-0.540890141421031,0.4021606753379308,-1.1676738700922455,1.3319228751481726
1.9559376323318944,,,-1.6184656923657996,,-1.4051557748649453,,-1.266029357896032,-0.15435749624096262,
-0.07280033741394727,-1.1637615495605795,0.10615202288827832,-0.695379049815568,0.12870080504732387,-0.23597361220480556,-1.8026554896566862,-0.6793603824920521,0.5442604992373817,0.8386702724026059
-1.2318430772737958,-0.7641385120142209,-0.4472584506784863,1.1715236299533023,0.469150656084468,-1.2799483601755353,0.49209931857331984,1.2687440163384445,0.21640109474748145,-0.7750093093908748
0.8481801741951249,0.1849887705580046,-0.24967541602180351,0.8931098820143822,-0.0039055054675642,0.08068631818261143,0.8601988217737493,-0.500971666253842,-1.156333505736329,0.32525073672039684
1.556826634265622,-2.274518290444776,,0.03477858577595492,-0.5341386431321866,,,0.6798838074140532,,0.3046210377302711
1.3723086446017028,0.6974174632765643,,0.6460016081424045,,0.21808306197777352,,,,
0.31490834470543944,0.11538818481969115,0.8216148311951028,-0.5302645574476522,-1.5139433169677787,0.6760467554737916,1.4468989136430506,-0.5778143411134784,0.48613981738772094,-0.31170891642865284
1.9325443334957983,,,,1.573086333173338,,,,,-0.7813562646860418
-0.9346365707198144,-0.29308523301282013,-0.13848672587118518,-0.36483519510329837,-1.5218924760884407,0.28366872186648956,-1.9567812763551158,-0.33788909918519067,-1.5804603563719253,0.9003035288266318
1.2321211783162447,,-0.4762431341726943,,,,,,-2.0383086862300566,
0.385609539661673,-0.7818266201098535,-0.9675054550311009,0.06162814282713368,0.1800770866823009,-1.1020187110338948,0.05826805492960722,0.18450736179770238,0.8580475815191009,-0.11102044640032463
-2.0280094182328248,0.2520378603082542,-1.690671148018603,-0.8499571731173435,-1.3507697307533841,0.4938673667413012,-1.0861677293915852,0.9993245623479496,-1.1579238308818423,-2.0135438257430063
-0.3479182320097313,-1.3279059279450376,1.3165802136905673,-0.6795449775226168,1.15420423100682,-0.30590901639298174,0.3561823310721647,-0.5293598701125667,2.377148712784444,-1.1488441467838248
-3.052205840901642,0.2601973982997178,-1.0249400758278475,0.2043002713836313,-0.06931106860456328,-0.5294030400220716,-0.4069486499979684,0.4092486391120637,-0.3612677013168362,-0.15275926110798593
-0.49781454026526867,1.6283832807228393,1.3096008469937879,-1.472424423875525,0.0025421400128699074,-0.8145513187948255,-1.245237315902792,-3.198351189489361,-0.32545210230266,-0.2486555948789233
1.3559010998504182,,0.4918325868159157,,,0.4876000156224237,1.3847572848821341,,,
-0.5514668127388024,-0.15162753548746763,1.6325762035598432,0.8953445286719006,1.2231240642200365,-0.07792827623369647,-0.12320293547282167,0.5783706834285439,0.432050433785893,0.4314453650788357
2.3184012811377186,,-0.7871112391076343,-0.7039100159287142,,,,,,1.5366842676066157
1.3428794222673477,,0.36649698462940244,,-0.3715421164486399,-1.1591846050010943,0.5744792732782573,,-0.5953770588166668,1.7118243371654147
0.41634379844797165,0.38315703348341523,-0.2945310720281308,-1.561364368683724,0.41428324991512677,0.4989057630523107,0.7941757984685659,-0.39261376786859015,-0.40867758784211355,0.568089373722104
-1.2578492081360295,0.813070155285782,-0.16025661437472097,0.29303612373976684,2.30769947252111,-0.2719139829693921,0.1393110210911524,0.02996247666116485,-1.978856023987797,0.6114656006537176
-2.3378262680738606,0.7574666017796613,-0.6916130490446253,-0.7382449447811248,-0.03844482702984975,-1.3258116262295259,-0.1120240588480154,-1.0958784078516632,-1.2893337133180702,-0.21843778889859655
1.2235171113257477,,-0.5437791034562092,,,,,,,-0.060638870337996496
-1.0206707897830107,0.7917700821965382,0.6389988416253065,1.5566347265795182,1.3616065491393778,-0.9216415714347201,-0.859951793627678,0.351367171326184,-0.8863260538380737,0.235241536183481
-0.3462162013110057,0.9166370236926894,0.9452618456214888,-0.3063953458148552,-1.829450158309849,1.010368613157631,-0.611093933307851,-0.02347763535719287,-0.13671309887801533,0.3841213331241475
-0.62238761941985,-1.118664436246366,0.1515501230278853,0.8264959561253159,-0.1232047179113179,-0.12625737324051928,-1.1865204211316975,0.5140651159295995,0.5863637575394987,-0.10725410867687943
-0.9743549417926957,0.08183312745013246,0.16588718691142695,-0.04097823713437499,-1.083127691956717,0.2536623318404837,0.1626668048514554,0.4187609520642543,-0.136273078335957,1.2835545206163197
-0.0018958878265447987,1.3950126725452043,0.22286486216782503,-1.1583123520900778,0.8358133767364393,-0.3641965246035472,-0.4441036944419844,1.0380956500800784,-1.2494085352986888,-1.7517904880276711
-0.21911878341659174,0.30145191024666707,0.8675560042730495,0.1448455832606274,-2.2506769898779306,-0.9709903011482053,-1.2596727904784033,-1.8851939114741159,-0.17015640575908614,0.5109090339046256
0.9712117744946048,0.4964134417266295,-0.5580768660231601,,,0.06046104244330095,,,,
0.6370332881509322,0.1676786214519927,0.7948896765218191,-0.7039704063727412,0.7054712045666613,-1.5687755958952911,0.5414377913979329,0.6757963617431342,-1.038495150527301,1.1167491692827998
1.5584845494227202,-0.57483536441971,1.4493983722201156,,,,,,,
1.0362813216726516,,0.13630606157535993,,-0.9506821200223706,,,,,
-1.7888841086023424,-1.4341056030130992,0.7067166006573563,1.2005599525736412,1.0706878046761186,0.5554029360525172,1.252815875496175,-0.6073934814782082,-1.9858382531472032,-1.616882892904739
-1.4532183101993936,-1.9351316403055647,-1.360516895210525,-0.9254771144675581,0.6067782388589604,0.2942966352854573,1.5084780913903901,-1.239615548549015,0.37312818422914334,1.3160686819532463
-0.5108927462859769,-0.4452157112295771,1.381736311889907,-0.35588870301017705,1.4332294533231966,-1.4814832801501538,1.6191506402607763,1.2574194073608411,-0.9563897779574781,-0.3082240083440294
-1.2410683324045533,-0.4935749960852917,-1.5638362217001842,-1.7801242283669405,-1.253900615529356,1.0368387588129229,-1.8601337906118476,1.3727680445170156,0.9145437969272928,1.3174090256601843
0.3447213113336643,1.6491455775467256,-1.434293332327804,1.3683417910165552,3.0414429064771444,-0.2635122525557737,-0.05535326621358762,-0.9214141478065457,0.06638408454747508,0.18614486939722313
-2.363005751150266,0.6120314902295331,1.1095991756880415,-0.8811682322095068,-0.4244148437092643,0.8482037968746482,-0.9292023103336362,0.7432653260808384,0.286070315731936,2.334889229357315
-0.12818794976239895,-0.533809734762545,0.2471321428602522,0.1156682123778202,1.6319489530643743,1.5794616453847432,-0.7295683122928411,-0.1922191573135052,-0.6946141886812446,-0.8717423121445249
-3.260742838653886,1.688834014173975,-0.6703305143097052,-0.44610834931633886,2.7701551714249146,-0.6401945481995068,-0.18307471680287882,0.2671497535856794,0.33808822800245225,-0.6186731707051646
1.1232841804355749,0.16058980119798538,0.11233174707548617,,,,,-0.42910481148958185,-0.7740074762443719,
0.30131683977456597,0.8768413682612566,-0.9689126728410418,-0.02146207888333746,0.8793278826148168,-0.7121172421027999,1.887266848278276,1.630228561278839,-0.20384960615114314,-0.19671987288838663
0.32117298168499847,0.16997722156854983,1.2146048467375328,-0.8808309774725225,-0.8702183155836423,0.2709867610458106,0.4949413326517538,-0.035886652883410856,0.8955082656614118,1.3673567799343578
0.7471428720855271,0.37122284325912713,-0.21655424545470275,0.07501945842989091,-1.3662623095085316,-1.189561921612367,1.2587177698154457,1.7536141804270393,-1.366215819960294,0.5465098575713917
-1.524574577774352,1.6479698807707464,-0.016680149425982428,2.519276520603536,-0.636624837780292,-0.509740240156158,0.3995872779154827,0.9037058183554306,0.8112369670747572,0.9739987169406673
-0.22601242503565658,0.9855185784373368,2.2235483621543826,0.8012144023160945,-0.8179914101462629,0.42695667513529595,-1.9577137416040928,0.702360694297442,-1.6674299607267513,0.718286264166313
-0.040332419935870084,1.0047992902827938,0.04851891083705278,1.413300024576665,0.5724969998326717,1.101628413440637,-0.38409212723297037,-0.43673821734064383,-1.3938253650423211,-1.1375660662092741
0.0969366152900535,0.06551998877627337,0.40204102295306626,-0.689034403033837,0.17020499805540149,1.346595891619474,0.43381531263768175,0.04008514972107129,0.28609813750242863,1.2439862676105784
0.1740757636746222,-0.5193228419346839,-0.5093751039497192,-0.5441266186783237,-0.5691927899887367,0.7896936594976602,1.7005723032625386,-0.40858784310033,-0.9021678538103087,-1.2703131407565522
1.7264313116156684,,-0.6810129225779636,,1.402981817159996,,,,,-2.6488182747786433
-0.40457984930683494,-0.5361262487253315,0.5204132646001522,0.2497430578460367,0.1977733515833605,0.952514214263201,-2.3374331094106817,-0.049504441766055306,-1.1697835329871558,-1.2515647001905215
-0.2905792310780239,0.02164395845699753,0.5023520257559587,0.435998505945696,-0.8264966887761295,-0.1970247654089451,1.4370666497098268,1.6139091284301388,-0.3068977475452225,0.09285077460116307
-0.896284563076651,1.027285555269561,2.3160168832997265,-0.5351653119255965,1.1762204177846654,0.7366159421209716,-0.16780015219381256,-0.6960815902851034,2.478391977074427,0.7661467246615461
0.9586094655274888,,,-1.216791046677269,0.7608796315452944,-0.3745331220010501,-1.0265182027941928,,2.410608963782562,-0.29747884169490363
0.36820399311071716,-1.1949683793826247,-0.1890816892682754,-1.3705207307288698,0.37183654586137066,-0.9105211290101571,0.7981416736437342,-1.789709108522062,-0.6320762980727435,1.1767321328803044
1.5330814694258232,,-0.38833269703299744,0.11649143119764951,,,,,-0.6776772980768129,0.4406066281925952
0.8931119243051469,,,,,0.7944109095395413,-0.4761594321182402,,0.20283738226707307,0.0858510988262621
-0.18984962634446384,1.5870081127044913,1.8746569473761423,0.9597810497023737,0.4294950645802446,1.3800955751319866,0.15778518865615904,-0.19375720500341523,-0.5836153053421332,-0.7822364494246937
0.928022050711606,,-0.5942896434918367,-0.3537035648346829,,-0.39140391288321574,,,,
-1.494235738315347,-1.216488546226319,-1.9036042730060219,0.9788830136895944,-0.3278614481866047,0.22095874798150444,0.5234975874394231,0.8084735335197348,2.0053526307534897,-0.04132949488056934
-0.7115401411450174,0.698346225057512,2.3628954665637836,-0.5391760268545045,-0.7949793688871621,-2.554964522580019,-2.067107362836014,1.4193782664514047,-0.1735229319333394,-1.1377681583222434
0.0030397612435416467,2.6012976053926513,0.004190571422573459,1.9146965797048803,-0.9369298500684117,1.4602941229535034,-0.5610745897734293,-0.7696277688409033,-0.9395675573131892,-0.32393911637785516
0.9758987534924649,-0.48169936451401274,1.069656667252726,,,-0.5307554727189614,1.811926810678624,,0.2842146717422936,-0.27886921055328834
-0.5828877145628832,-1.0065907396609002,1.3219877918488883,-1.6145124409594058,-0.36232425764155535,0.8825535320985272,-1.6753371779915538,0.1782721376301518,-0.8706045862626555,0.026641805674737062
-0.16855211751004684,-2.2548880746036852,0.6379837049086596,-0.9878111993333627,-0.5487006098730672,0.05068948232986987,0.3757053055574306,0.4473827904971843,0.7908658679006858,-2.4676324680661046
0.4827715435531269,0.010970281224390472,-0.5533889985008972,0.262590818980866,0.9205497404232569,-0.8765434221795224,1.4019879098414052,1.1463251256631704,0.37013709339170964,-1.2231014361509298
2.1549819554141836,,0.1483211305978589,0.11361459241429565,,,-0.025136623388934517,-1.2427736744916218,,
-1.0047688435887983,-0.06369206802645339,-0.4558018350150137,0.38001774223354795,0.5701130390728747,-0.4700687299202268,0.12127596830884349,-0.48532667753251335,0.766820160618405,0.490253432933144
0.7174843689199404,-0.28418428000151236,0.2583274583273074,0.5100529067795675,0.7488586132786244,0.6628472799845542,-0.12281980729835627,-1.1497048662643408,0.5016387224988663,0.4520278174664367
-1.0998610378717126,0.8466935574219995,0.1562020625061879,-0.1288951603833715,0.21346550972762232,0.9310728652612739,1.5585176592977497,-0.05362426016867023,-0.23038161871878252,0.6077840812448901
-1.3400434202329097,0.8623231685943565,-1.3547658672661076,-1.3743594483253372,1.553295451315472,-2.0827046213087406,1.3072351642472988,1.5597247343515945,0.3395634567706478,0.6057362714093355
-1.574098278358494,-0.49241797960627665,0.35845247767556526,0.3293226880716894,0.44435115678189213,0.32878286222377917,0.021015060085545666,-1.221796343523598,0.35202361297056706,-1.1368546229332923
-0.36479352873689597,1.3921488398121187,-1.5643577240900086,-0.12429652790612726,0.8682322015079668,0.6387210517258252,0.30562758149223096,-0.6772800070424729,1.3108335389249188,-1.2239821956407306
0.692933930591289,0.15303371199236548,-0.7866932788193369,-0.3891187871016272,1.8111303217691064,-1.1621276517716512,-1.759901191051377,-0.6379527479504717,0.41295519856799684,1.4238186519054503
0.025291311891265957,-1.628540000874775,0.09558496822533612,0.8559428724528122,0.32052616056876354,0.4937736245559078,-1.8719910993278814,-1.342126650967504,-0.1339297020235071,1.133492515710983
-0.7894309358222553,0.20472056817470688,0.16623749605109467,-1.0427076179536647,-0.7362436569019984,-0.02519916218898276,-0.3656172760619136,0.8205884209295827,-0.4207846062861638,0.8870809760472441
-0.3617775493246979,0.023930769762677856,0.7999093971498235,-0.10719643893654107,-0.42611153605892166,-0.06919228293795412,0.8932667205960455,0.3316570518916471,-2.144628164230781,-0.7221071711249458
-0.7134814012774641,0.5835114936515442,-1.9162601841366247,0.2797404781579611,0.6360202386085183,0.6361632378287638,-0.08468302473477313,-1.6159052319798493,-0.25720919740252474,1.4738185821117498
-0.5958706630711713,2.1808333411063843,0.8111524236588193,-0.14301810008845597,0.22573361534360978,0.3743824837718045,-0.5771636414474561,-0.41384500909759686,1.99463352891335,1.491713993647834
-0.3777731650899629,-0.7788411594641136,-1.593163990863307,2.1565734137820254,1.024293691040505,1.2464323846000163,-0.543383987683341,-0.6092265290201655,-0.9214984079037932,-3.159987398717163
-0.8745602420923112,0.31958987950699036,0.24839561731556287,-0.616159367779681,0.6546534412907886,-0.6741550896452996,0.7677150790662892,0.7548376371814868,0.8191627777988706,0.07385169220582406
-0.8161702572352556,-1.1923129100405288,-2.1686377634080447,0.7571703628079622,-1.6858354794388386,-0.13506240324355429,0.21800204765481393,-1.069116933369325,-0.12322914092665631,0.318983063498641
-0.2733493742995771,0.4603930016986509,-0.44461075877356854,-0.2777936116146535,-0.8887787135182033,-0.13561029665675714,0.006069324348649598,-0.9238441642037973,0.42894805956204257,-2.465471636772727
1.0820015100437284,-1.4174820141268687,,0.6204863826673401,,-1.1261805444169377,,0.2938248552806347,,
0.6513473260446487,0.4757632801737106,0.49136355032864604,0.6837544608186548,0.019849357554022274,1.1458776979451546,-0.07696455334824587,-1.6913104567669455,1.2453793804192246,0.4680185890063294
-0.1489675584774842,0.11406380944881835,1.5070316840105318,0.10006302375208706,1.5190560371297197,0.4716682948174378,-0.3628355514114077,-1.3097414886875374,0.09137156544493011,1.3141357604862232
-0.5684975752170731,0.36657865173732584,1.5350562968541195,-1.7728628711926246,0.3975544531573674,0.5540461582250029,0.35608804625344936,-1.703944467611222,-0.7592608874136267,-2.0858283875760306
-1.3176658274993232,0.8437028655084307,-0.32998639297186066,0.81924530870126,0.7645439659971998,-1.1236276585034448,0.16927461464712465,-1.586262014967178,0.27471553232676377,0.4237298072467803
-0.22742273987515765,-1.6820996368949745,-1.487700882141805,2.542625071541358,0.6213940218861251,-0.278839022497352,0.9599118868553526,1.471640689774845,1.2105316494842009,-0.19349324232338347
-0.3338742478532947,0.7958823059433806,-0.23542376488129024,1.198656085874492,0.11209332544960354,0.793488949345792,1.039562132429468,-1.2989325762914103,0.14569803429311035,1.1482929691522403
-0.8067072508263722,-0.547927013086525,1.2014156601983483,1.5279026088201637,-3.521570933081866,1.1986769696409019,-2.3248517161278475,-0.06312471491020849,-1.3857752074728666,-0.5475557248515039
0.10496496109604207,0.5307711263805902,1.4294059666788197,-1.3452717488367336,1.156237568176118,-0.27775211307202047,-0.25646509812148427,1.7004331075612062,0.8424432180972371,-1.6823237223824166
-0.07833254151388597,-0.7477090395276372,-0.43463381279114766,-0.13142737079754968,0.463234578781125,-1.2553273610551192,-0.22175231587382047,-0.3947062059587319,0.3841571866827321,-0.05297063903341175
0.9377597312077462,0.2585855278497677,,,,,-0.6687476692626172,,,-0.08187651462473924
0.14525613138974985,-1.5794939037580242,-0.3897660109841389,-2.502065845684245,0.8091371940515238,2.2289387584886238,-0.533201238484363,0.22883453434708081,0.41723699102691464,-1.1365644379220512
-0.13146897285330691,0.46772931924429356,0.16899760660763807,0.05957702944672359,-0.29637562177825716,-0.8161081199732467,0.6759785216758466,1.7603696053998767,-2.005397378765293,-2.1532499171729236
-1.2145231857655474,-0.4412019016748925,-0.2622746820848886,0.12716052733223568,0.07249175334800147,-0.13865604644208482,1.2721554481914181,-0.9258296600541246,0.9072635479432558,1.985109047706867
-1.4705656861448202,-1.9497613506733262,0.18561493809206442,0.6468273767257943,0.03621213918052357,-2.1258010290729836,-1.6868081765802558,-0.5080400885382438,0.4157449040736107,-0.3545241659724395
0.21337496292006608,0.1852661649951745,0.9311456042101505,-1.1608314846553798,0.0881571386733851,1.4387178278382136,-0.7900014946358771,-0.6268947542176125,0.08626382244960759,-1.0572206729426685
-1.1643062990938948,-0.34714196543106035,-0.24405269526746134,0.7514676108372974,-0.8967128944208961,0.030478789615450985,1.2343118852581336,1.174816978255226,-0.11019178187451505,0.1889164583867949
-0.9052382806430193,0.2888539612972743,1.5303430277601209,1.2993337275508585,-0.022245058522614804,0.345901113539029,-0.735501080235313,-0.9297369061604398,-0.3642615616792427,0.270756931695696
0.7219250309894937,-0.07926403538867706,0.44015084226127144,-2.5518045612598774,0.17044680050611666,-0.6202230700511548,-1.2508349037413153,0.45398638463093444,1.4471603295928357,-0.013717694848329192
0.8797936000096931,-0.4177086050601576,,-1.5761961362994223,,,-0.03086880607527354,,,-0.11119230238599645
-0.24933160528096712,-0.11031115282611668,-1.5829367518092563,-0.2913403757984828,-0.33751187783787007,0.2431687903957504,1.0982617101781658,0.11148444730427598,0.41776939045255823,1.2575185286886785
1.1892059630933982,-2.3844088146237508,,,-0.2622066716016275,,,,,
-0.09996706637395054,0.7098572578977049,1.023574027943269,-1.795784356959031,0.24931506554092395,-0.2427191065216665,0.4322518285131493,0.18634747434160512,0.7698887499075003,-1.5828448304627303
1.3139668390404828,-0.5236618617227283,-0.1342578485772058,,,,-0.07979412646921073,,,
-1.7371415986846577,0.8045920555902504,1.6945208524232858,2.21677911977917,-1.0835646754975687,0.5908378642948585,-0.5625496672071917,1.2245208004736143,0.39304038441096256,-0.29226336347289694
-0.9103914577668663,-0.3695656994985084,-0.6743335709459656,-0.02432278695038276,0.027191528599285766,-0.5545405828591613,-0.6441094822203828,0.627428357299004,0.7004980447944156,-0.8127677975281495
-0.054537488925306854,-0.8642243809691029,2.607889380594245,-0.9406214444315937,0.25330010602402564,0.44508243435426964,-0.665339796296284,-0.8603261851554274,-0.279460767088151,-0.8650439805148468
0.18841650688645337,-0.8497147889994939,0.14662427229987726,-2.0643906825241465,-0.8069480983644223,-0.4200343664576467,1.000669596835044,-1.847759956698432,1.0153419062279083,0.6597164009302348
-1.7855421955365225,0.5380626239995097,-0.9300545803038498,0.5712078446546788,0.6305629911720344,0.7931570843772893,-0.5714690925781558,0.6821056078018858,1.539958754025818,-0.29127689258412653
-0.16426017233790474,0.7104008672248151,-2.8466440167262066,-0.9815304955565662,1.0071636794803498,0.15376300318864625,-0.21548448851880866,-0.9416038655050866,0.026596053785851982,-0.5308924618717107
-1.7468610593268012,1.3026214217340701,-0.6948751420283905,-0.27182876327869115,-1.7831341021042815,-0.5351246180890953,1.0059397559898113,0.9309451337702189,0.02526852701007701,-0.624820467959637
0.025823868888155778,0.5056787146904522,-1.4969709040753736,0.2506036779690585,0.7664989097507455,-0.060279862246572675,-0.019477756392119905,-0.7263856937334925,0.2971790796005275,1.6082505314841862
1.4063146749592699,,,1.3655391984805814,0.5949978512578628,,,0.9148168707789728,,0.233483218014479
-0.7054414343243666,1.6495969228201453,-0.9749427841602968,1.95251996579647,0.028664311434178368,-0.1673622503912618,-0.8830613620584485,-0.5227301316539664,-0.20330942731062254,0.13477809742417446
0.5394700457787737,-0.20859515574905022,0.5386649978109507,1.1827679984892927,1.0587221018776554,0.6266985959196344,0.5003111348117466,-1.0602710421935435,0.20893304585680395,-1.0847351727205128
1.016987058042625,0.28858168020732483,,,0.44115460934058576,-0.6763328576382718,,,-0.16808262779378932,
0.6982770188949876,0.5983951955085355,0.24710545732015285,-1.6587047689975298,1.2638004912227383,-1.256986080676931,-0.647262333112727,-0.330473929172238,0.018355626867536765,-0.3191170287857561
-0.555774432937199,0.8025667699158815,-1.3315952435654947,-0.41439394292144754,-2.0966326278533227,-1.0309250487501582,-1.5631065770621282,0.7340166241515077,0.18679308151004706,-0.808863700952154
-3.198774821906486,-1.5258263542253605,-1.0990121495835456,-0.36054286748202213,0.757830551470535,-1.4386928391725857,-1.3507661124282528,-1.675942839943622,0.00278643134827801,-2.1691689059078225
-1.7651798320829404,0.4713880185566818,1.5240174931611874,0.06370552269547058,-0.31401419441706674,2.1780310593993253,-0.5215941146798472,-0.5182727271122004,-0.5364175411284682,1.5006544859576965
0.5389645661971634,0.5283738563186248,0.32656208146301,-0.4566623069781848,-0.3231786783643614,-0.9645787399820648,-0.39613083003077537,0.28259319662079524,-0.19546654122456397,0.8092455062412153
0.26252134849781006,0.18982183471352376,-0.8678579416241415,-1.2264958691245826,-1.126298240361336,1.0878550075650766,-1.7271459278014891,0.18988934623965165,0.19043857864742775,-0.6842537337606198
-0.03590428343249522,0.17123380125684315,-1.1551452823764166,-0.7894371578339167,-0.13409118065147804,-0.1032947400699147,-1.421921459941455,0.003295403396937681,0.04116213521070206,0.9157987792801886
-0.10521372430057348,-0.48696219042961175,0.683721718470196,1.0300526673459562,-1.4686947828247536,-0.6091563433068996,-2.2004722562810097,-1.0484862025223136,1.3969046375258427,-1.1627127316959949
0.375806883935315,0.3197280266212497,-0.6745342367234806,-0.5452093569826791,1.3013461647534712,0.8523746716111498,2.1461525670065527,-2.646046722883481,0.44287640449800186,-2.475934250937392
-0.1329484844073555,-0.31680002695791953,-1.2423405407663286,-0.7016377086168153,-0.39657112055884197,0.3398138591352396,-1.244052280458329,-0.8353306628987979,0.42166289426955883,0.621099441984376
2.531613168681015,0.06922493131487738,,,1.3033396653506883,,,0.15170486806031555,0.389088828556283,0.8366863056294833
-0.30299426061131707,0.7931183740137343,-1.51412579900181,0.15235617187259173,-1.9872953175255492,-0.3257837276435488,2.400813820339363,0.16636159264912173,-0.5768543646302624,0.41485854659270976
-0.1472795827556771,-1.2247871509351207,-1.9445808357818732,-0.1124033583397478,-0.2945235707363681,-0.3537971928526238,0.7438985291429006,1.2921135592344744,0.6447627831729481,-0.41560055742460167
0.05421959251631708,1.0329848860008437,0.8114382344060451,0.5093131675801678,-0.5512478639590574,1.0370121442929736,1.34531693842702,0.820001944776834,2.9432213575689063,0.7489238695061163
1.1473608227404268,,,-1.1760636234121697,,,,,0.0032332107328781226,1.1913669927651387
-1.2052110209929203,0.891914702905945,0.26815084500479924,0.376521686482935,-0.09619343946386219,2.091902716313116,-0.7862412935770378,-0.5583494152228018,0.11773090421845911,0.3955905884894966
0.22491342350934548,-0.049938638351722645,0.5264205994861666,0.6016164378504717,-0.03860841205714724,1.8367411980347603,0.4416319525356707,-0.27554477364433705,1.2434524807577758,-2.029273165711615
-1.1252151714397416,-0.2039376989193118,-1.1779280086900232,0.8033114898211828,0.7692592011639311,1.6311057884363391,-0.5776189966522952,0.5674982329071666,1.279737816353076,0.16253840791466043
0.9858842956746314,,,,,,,0.43755596963550447,0.45102197516085896,
-0.9985318591935571,1.6264351863094368,-0.13771524196968477,-0.47572549312590406,0.31891394831106346,-0.9697944721214979,-0.7148838986536048,0.7918760151045747,-1.0144915084707233,-1.3292223989057577
-0.35562620123263206,0.25903957438974085,1.374702834375561,0.3405101489086057,0.5161152682701322,-1.022668912470124,0.1868258675279338,-1.119270175999025,0.9154163709174334,0.11356327861182375
-0.05180074805857395,0.5056601457826552,-0.49063635679885026,-0.4850157595423554,-0.950923546917221,1.7810898735818126,-0.2278561127051349,-0.31600422426661634,0.693740590361854,0.011670513173878691
-2.321677703757265,2.0227610294717415,-0.4796615226348342,-0.839712936182336,-0.16267111620945582,-0.5161232041157588,-0.496943077133994,0.11626440856369391,-1.8600789814735703,0.7347982925334315
0.9541489967768507,-1.6895171854660842,0.455571403782625,-0.8559952791826663,,0.35172573460806555,,,,0.06413716716543974
0.4894487696017466,-0.7726960566855626,-0.845827153123826,-0.07143968628827155,0.5736315206035276,-0.5667233685499248,0.2404312472670493,-1.260548869856111,0.2704842371583707,-1.8214127858172608
0.3098167536914542,0.8813997574193386,-0.16689652225070578,0.5573855176201002,0.24529593663727614,-1.37712716435528,-1.1810746885102046,-0.3620455557958959,-0.14857494221647916,-0.7825446391819517
-1.2202375254598987,-2.8563144440952786,1.673575537460858,1.7047102784753407,-0.844956542870268,-1.4404442001966475,1.4549909470356412,-2.1197183507227284,1.027875822379889,0.6367688056740839
-0.34960582395774564,1.3930269837732088,-0.6597536765427198,0.8405021972840337,-0.24966351953504903,-1.2166455370059421,2.042894241445151,-0.7084757371501661,-0.4292791142971808,0.8133863582119084
1.2403055714291418,,,-0.006295197266109684,-0.0878950594335546,-0.16743394118783375,-0.016720462348193948,,0.40656929688704063,
-0.36731408144308864,0.2056789483329941,-0.2051163566069726,-0.0740589661198333,0.4176295551343223,-0.2259220884256552,-0.7773142156308596,0.7588464930260382,-1.0750590435337153,1.0515007993063878
-0.3437049728789464,0.8757539481876409,1.4378417945157904,-0.059331038781615525,0.8720965738078089,0.6303354347065121,0.18280257361737692,0.6027118024045272,-0.27987144979128487,1.6418931216525754
0.08427909029630383,-0.7303470017482577,-0.4339966970906023,0.8875066726344722,-0.9203983085002102,1.8919951421686265,1.3056108050631126,-1.2311675703396199,0.7733297489424966,-0.9677724786503429
-0.8335442601740822,-0.4689403124668779,-0.7423410628908336,0.725444095513004,0.25360174189657486,0.4226511076230376,0.0030096889001754185,-0.527872683134751,-0.5206413737136445,1.1056387120298414
-0.3488283696708061,1.395669594538675,-0.6354639755689749,0.04598494090432285,0.3093889542800575,1.1819394813371404,0.9693634432024785,0.3073938776833654,0.0746772317044903,-0.9087111590994834
-0.19244090579239478,2.2627212305094075,-0.9584898964308708,-0.5625441866414506,-1.3821280798148599,-0.7472717314266469,-1.1831410634619837,-1.2258295175442095,0.3228351392350368,0.7304427122473042
0.3526706657387506,-1.0216795468254984,-1.6840534581092208,-2.044962084027355,-1.2189678247958444,-1.0259771630756047,-0.4588462396448353,0.26225988570504466,-0.38677309657331127,1.5844441452816036
2.306730504686817,,-1.914081377923686,-0.5368693570167838,,0.6859753283356632,,-1.6230778710510276,,
-0.5626152120624537,-0.8797094703677057,-0.40378369560379107,0.19908724323504132,-2.4031313964848686,0.016361530216921875,0.6875994554358379,0.44715716546336265,2.1072270291993362,-0.4375028128239384
-0.09291412365262054,1.2735532343985412,0.054037874926959335,1.5054842969643942,0.8168494953245219,0.1438480141204992,-0.011474512459492046,-0.2347175875039243,-0.034714155346611084,-0.845523162498273
0.6774022808888129,1.9143035486197546,-1.811829169855396,1.1788481000612163,0.24200830197467865,1.0444257691447187,-0.5870334904175664,-0.1813637103889655,1.2655317382900246,-0.049293098116015385
0.824995454099243,-0.5884448647302929,-0.19832056323833333,0.5093212940797465,0.40466771782908,0.8268839753975258,-0.34096204380958667,-2.0526392835793103e-05,0.9691586383231483,1.4426208209713829
-0.8390048384082198,1.1880272488060977,-0.7686861756268357,0.20778550702204857,0.28218725209106477,-0.4873012238673418,-0.17755246685852238,-1.7691879097901477,0.7247689518594439,-0.2775912630529983
-0.041865982969756375,-0.5723573366977965,0.7280496468923555,0.18529316315151276,-1.1491622120052176,-0.11244720206183242,-1.0350539750501369,0.020352629738573123,0.6827696977056219,0.1926722131938208
0.43435430623110816,1.057108695012446,-0.8186639229190013,-0.43863744783165426,-1.799818697387597,-0.37949131539656406,-0.6133051886295942,0.6540111619480313,0.4613479207757972,1.5008702698874887
-0.501415986982527,0.39660320310190567,0.7403189122146705,2.291308033881745,0.43556267191233794,-0.04805009210719834,0.12563562824741753,0.4653056128257607,1.3733803411177885,-0.42549909723365553
-0.7109244521500344,2.62190845078152,-1.1268163967163403,0.8556356432117922,0.4162393017535889,0.3219772956037256,-1.2276240714547906,2.7090708424500214,0.176464481023418,-0.5151367560050114
-1.3296813112422878,-2.0108467824944487,0.7041461864810403,-0.837619155025257,-0.26811206775611535,-0.6024043132578182,0.5378115605327884,0.3895376337276134,0.7520690862389313,0.7902257262093596
-0.7159851041517469,-1.3466611010817657,-0.14847155620979033,0.5173425257598756,0.10826603152890267,-1.8693017066007995,0.05748509283654412,-1.0005752208836691,0.022133227507383064,0.9645219080946819
-2.4933238357510787,1.5071153187695725,-1.0460388326243601,0.9959077392439178,0.841034484615926,-0.30117872185677363,0.4544545826901472,-0.7014776047514242,-1.725900615743911,1.1377389669325357
-0.6831682367388561,1.80077609981132,0.8830212637941568,-0.8446066892316327,0.5885551278013407,0.5278777335335728,1.7225360910278522,-0.48894986976236304,-0.23226887226804302,0.4332873928173568
0.018161368794149632,-1.3902631395305491,1.0148384991672512,1.5981817539368082,0.15332586700046735,-1.272652329191348,-0.1131091997396867,-0.9093072024383921,-0.25912958466127994,0.18543983562006736
0.6560485844884582,1.4051618015472624,0.6271117121643596,-1.0579845149399332,0.6818630471605099,-0.28573989765298763,-0.17294339589077662,-0.01403037466111536,0.1350731419807245,1.012605665419229
0.49682412261067554,-1.1855193843388676,-1.5021046770412312,0.6502002501776366,0.5386948672856668,1.2611251102632242,-0.0984688068720733,0.27999677642802157,0.4774294187823928,-1.5543868926403717
-1.6122518742962033,0.7358893430024924,0.3692269193452832,1.3467299352007882,1.843740859536714,-0.30039994756418886,-0.352490813633896,-1.3565734479453975,0.5180795319638611,-2.058250620485851
-0.9703240260113821,0.30865071092604646,-0.6588677705870544,-0.0472588274500546,-0.20701773753542946,-1.1119786658302027,-2.065852182253232,0.7000839101780183,-0.1778472805015434,0.33957235691197446
-0.05851581139876566,-0.07633262740305889,0.1634957130509342,-0.1923518202054796,-0.33853756635983523,-1.0050247975700217,2.4825049769948087,1.0069677414880913,1.4910123800101407,1.2690416295342988
-0.27923211210076043,-0.18174361200805159,0.002868593502105894,-0.3641713047838175,0.8779038880562642,-0.8134584855803368,-1.0668524711916019,-1.2963951368141122,-0.3240188727689398,-0.4718724443938858
-0.618810378809879,0.08374959269494577,-1.165852925530655,0.7422767189559724,-1.097034281843256,-1.1726853300712619,-0.6436874288458483,-0.13807448810386186,0.8605383885296408,-0.07464230141042236
-1.6046747315879442,0.4875298692831819,0.4683146344186392,-0.5803631331891257,0.17084764598243785,1.4345869717164808,-0.8641922402475432,0.9604954819805551,1.265552297053556,0.1758325289288433
-1.2289782782939684,1.3069138644219729,0.915991415650324,0.5483848401193082,-0.052388692894590756,1.157382856162517,-0.8500654365818059,0.8571224686875722,-0.3216925588284003,-1.676442512083381
-1.0046037546900082,0.40392715766536424,0.22219352497242642,0.4432580765360991,-0.36705222304233587,0.2110248630099523,0.6254685879128573,2.359938367618952,-0.3921331590645981,1.0247352916359886
0.6465919612806137,0.12264776572315757,-1.3013488746080137,1.389873457976197,0.2488375594202532,-0.5908957734029112,-0.8843973572939886,0.261002524878943,-0.9378814999674236,-0.5687017551407606
-0.5913798046897076,0.04616904339190313,0.6004907814008196,-0.317693679026366,-0.21258263580791303,0.10826447427312962,-0.7485329636843675,-0.5872356970307431,-0.46732787492585426,0.28801749729503906
1.6087902160242917,,0.23914599848984733,-0.2295445456798837,,-0.4880037147567741,,,,
1.1648334715150959,,0.30663449886387617,0.48220054419040675,,0.0029349902250108465,0.5595616385671794,-0.48791880596243176,,1.2321865868315653
1.4567550502684208,0.25030697258556134,,0.7289220613187669,-0.3694283598799866,,,,,
0.35918371658475534,-0.3922937096365763,0.994278059263992,-0.994319784723961,0.2246769676854043,-0.732085283600388,1.2011375964840798,0.7146768401641082,-0.04478803799903048,-0.015288331202857419
1.6844003788517388,,-0.7557889523172512,0.9347050351103596,-0.5627459155624154,0.1530000694904059,,0.8149384289037267,-0.6696735519731231,
-1.393124090661284,0.18038205068185267,0.07046133703300153,-1.2743820067100993,0.032623562428394696,-0.2651828954007817,1.2239441379951155,-0.7084852234185084,0.47899086559929194,-1.4704378538699274
0.07999634116366187,0.35758203404451677,0.40741657287466554,-0.11879038218327337,1.731769419425723,-0.3605852584196229,0.4817335421713983,-0.31482792862994474,-0.8379233508340038,-1.18764096195473
-0.9144095534644961,0.6043123383278265,1.3270642698729522,0.6012714018326633,-0.3350211782757276,-0.6282912307914508,0.16424920001906151,-1.0413314099137059,0.8837684525707271,0.36948800891218
-0.9677511712966793,1.4913723886328583,-1.2061795617014643,0.051758641123507546,0.83377383594923,0.7343302394774504,-0.6249956142153104,-0.4122899490238498,-0.9557375021714656,0.2187877511641211
0.8200887987911447,-1.9093548933956135,0.5558708237571808,-0.49193681521499877,-0.09298577433100601,-1.0648295944613502,-0.6187904168036119,1.9923222704874954,-0.3383155905723851,-0.010886839844084804
-0.9148541352262421,2.5828497402835384,0.46590304992801174,-0.02150215880752565,0.9203647047808465,0.354977628176592,-0.17210589980384766,-0.12828769728104128,-1.5392333276825596,-0.3655553628901611
-0.5053212163801175,0.32105589554964276,-0.2117368733816712,0.6857946416773096,0.09972305727812338,-0.8412362171635114,1.4887464426639534,-0.3866160704917403,0.5542423654312278,-1.3110799206282266
0.7701397748118203,-1.6359299791968072,1.937093420220831,0.6847188361299799,-0.21752131914897122,0.5713916330602681,-1.2673875241249521,-0.20229331659354263,0.7449504228196123,0.5730480085448533
-0.007744007986567064,0.315561898880229,1.0806633723188424,0.7230186576139473,-1.878589769298245,-0.007764514833433368,0.018662584937541693,-1.250492925225808,-1.0557992012686463,1.4972504837302372
-0.7259989429380268,-0.42342830793917247,-0.7996987262898176,0.4132990611826828,0.2793570090636475,1.9384416676709428,-0.5365259007177726,0.5235903713731316,-1.886828768722078,-1.418236529888381
1.3315106397361545,1.1050809160578574,0.4438927228059745,1.1265477852480945,-1.0756751514507803,1.6526569970978122,,,2.771911940506161,
1.3484525321372525,,-0.5336306803378293,2.090030572985868,,,,,,
1.617930343240879,-2.2623373141412517,,,,1.490080674820463,,0.1999839583543497,,
1.5259424633597949,-1.235429711043926,,,,1.3457848052130317,,,,
1.6662720436421505,,,0.7512904301102591,,-1.1493029874050658,1.1527662659162283,-1.0430707106675303,0.25983044812858896,
-1.899384117145649,-1.0467382597362396,0.3546412873050538,1.2329905769223428,-0.7621478962184454,-0.8859672291558052,0.6313623711594039,0.8018411775793277,0.9340217438916519,0.22078736544783972
-0.5304767395548831,0.7836958279670267,-0.08390545203772526,0.6710031052686903,-0.5187859885061281,-0.20993687535064492,0.5354006945323017,-2.0571017414503103,1.3387304417102603,-0.050378838811734564
-2.818241838636044,0.16899575829868974,-0.43328722025462435,-1.0423190760693668,1.9577839829498451,0.8370012405577036,-0.15795249085785393,0.05446120715808685,0.2670832908864384,-1.628369255795537
2.6288144789430863,,,-0.8480756503506203,,,-2.8817117319665737,,,-0.530260506887185
-3.375114994253133,-0.4705589458603082,0.27361214079620555,-1.0773048415143542,0.1318730593646542,-0.6347051220802419,-1.2016972999906936,-0.1423089314121966,-2.1698278476303177,0.5014294210185682
0.09835137735600331,0.6049078972348275,1.1285979027139805,-0.25269903986309067,-2.687910349121714,-0.25673304597702545,-1.1450391191846063,1.432691515311692,-0.3708139105855289,0.8413402899467268
1.4610115621203534,,0.07550354072603406,,2.2062690328284926,,,,,
-0.3164836558840033,-0.5299786955240186,0.036333182499196974,-0.11521283193023257,1.1537211334629245,-0.761770371944616,-1.669163880825075,-0.4932530215186773,-0.6132402186496974,1.473306636526426
0.8453892990067146,1.2978616564480339,0.96257663877768,-1.9723098841034166,-0.8525446178281868,-1.4986143142622321,1.5671056712202867,0.8400158505467064,0.3982976429715889,-0.5687304693120557
-0.4558111737008039,-0.8601206819645951,0.6498709474771057,0.10367318682082774,0.6938004032771409,0.4185950248800005,0.8255432185349958,0.5165546359335219,1.1020978498625946,0.73974454781675
-0.5142617758545877,0.48925717254284307,0.30927852675002554,-0.1905220299354397,-0.017263342497133346,1.006842265281875,0.5409023230254254,0.930615116389265,0.04019335094784913,1.1498210683829557
0.7735027813685973,-0.8062192983166963,-0.35799611173367835,-0.8497044807980835,-1.0794722824571334,2.679643080070413,1.6681067982821642,1.1556738776887332,0.44898732571344485,-0.5420443602485316
-1.1082053638820513,-0.20977769989065062,-0.7203016795967582,0.7138545164973114,0.15205877220762115,0.8562935908662339,0.2423928079554492,-1.6906421918537688,-0.17238942759183234,0.38756054538209234
0.274889786318914,-0.5546307516547403,-0.49001712290619054,-0.6650591837973698,-1.6699809821168836,-0.029077055945008142,0.779148906407009,-0.4757394335849391,-1.2419634074765025,0.9943650408833448
1.3627532194025467,-0.44047524338042415,-0.9378739702595202,-0.14484588969298987,0.280859097313744,-0.44948849890461406,,,,
0.042326831515812846,1.4723037571115052,-0.22642499256192927,-0.6042822459981193,-0.500227488981072,1.8242619139786314,-0.18759477083214374,1.5815900937984602,-0.46139751803581064,-1.384609993396741
0.6989425453743011,-0.6414032170392743,0.30366277298831673,0.20100942077470518,0.1862198108095167,1.6485727297409964,0.25228384218395594,0.11957170892005634,-0.35477035236742493,0.5379063069772041
0.4460110449979992,-0.4014509119839485,0.9421784815448444,-0.2046341142817967,0.5801589544066174,-1.326144138394966,0.9135932953162278,-0.7180570008570127,0.6754160236832533,1.2808602469785302
0.41002333817759595,1.1526003165346896,-1.0784109466952867,-0.08271096405788073,-0.6477797263992942,-0.6608048377672815,-1.5780696299917887,0.08052561458811759,0.9407063830906268,1.2662559576058408
-1.0565679864047057,-0.47974709502652413,-0.7407293295176663,-0.8091106879006551,-0.2966233463403771,0.019703017849692615,-0.29012149251931063,-1.3925673345617169,0.9690525115793027,0.17801072927895095
0.3935833811362041,0.4512151097897237,0.6164554683065828,0.1534948513330636,-0.8332624794461243,1.5152873065212848,0.6384611663462259,-0.8977089052716033,-0.8834217814557038,1.9899270080147078
-0.16243987791875925,-0.6775371965486049,-0.5303772639898116,0.4510057505864596,-0.4755720326835869,0.1333533146078385,2.3093240166277123,-1.5711699209134982,-0.4059679680585233,0.06131638735762051
-1.7639844247396872,0.5170618320982326,0.8952855473693928,-1.3884234985258987,-0.08140372944522338,0.18311138078350558,0.5747173092588461,2.668950875155064,-0.7412988480696138,0.5373899678950392
-0.12748110094244575,-0.29816637150316316,0.01621206490191607,0.4107603041658391,0.009628312164747008,0.27537720447925257,-0.0803857239135948,-0.9369974775645797,0.8255330389597035,1.0267488449202842
0.9812617348921341,0.6743567861532721,,,,,,,,
-1.8519335739728477,-0.67114791302951,0.8360376325539461,-1.4833028533042774,0.4026778602089988,-1.3821307152439428,-0.6238766626768987,-1.573435424401118,0.09510794444730397,-1.700640686117116
-0.08378497208835711,0.6387648552754887,0.199859790931328,0.4648192216059643,0.22583506497442757,-0.09090779875108165,-0.06844833533755107,0.29303694614897763,-1.0918113439756707,-0.395969937804921
2.034031819824967,,1.2491504763381314,0.3403675288999773,,-0.30462400565059566,,,,
0.7642609080031846,0.6745774992203892,0.07723585559749914,0.4761527011783217,0.5700373643391022,0.3845595152524382,0.1511466842424821,0.08575989466816217,-0.5672957262869229,0.9083571793669805
1.981433616445425,,,-0.6535334009323095,,,0.1346979516531082,-0.5914196734471732,,
-1.7215696172483603,1.2291460367312494,0.6686578836941681,1.2902843612516786,-0.34881653830940507,0.4900405641525867,-0.8476466971699236,-0.5696160829012129,2.049379742004378,-0.3731611965719263
0.9473397830621964,,-1.394900874112207,-0.1345564732821182,,0.7097324733784194,,-0.965358097569589,0.31047895279189475,-0.9408470934377269
1.2189270505041108,-0.06224230354151075,,1.29582906389073,-1.2146089286575963,,,,,0.1592673756832678
-2.9257652270014245,1.2441675702687838,-1.3361997417927676,1.7745254185151405,-0.9493970160118048,-0.9927855580032741,0.4051069957141638,0.2714202870344152,0.450759679828571,0.36184830906900356
-0.14054421257311656,-0.36761378585437565,0.5822785806937449,-0.6916471251850459,0.11927941286958346,-1.694639758898166,0.25401248876351856,0.09845338388644291,-0.0409571826431294,1.7061894521528886
1.4948623153397882,,,0.10567787518056813,,0.4326832672865235,0.6025151621646466,,0.5420806579452444,
0.42160984878846197,0.917623726661712,-0.656122336169815,0.13233258760916203,0.07590260771398322,-1.0182299521929794,1.3910977039954633,-0.8255549010287061,1.4326107544799025,-1.3423875603326885
-1.4965625142619245,-0.33610266165215724,0.3977978909923016,0.39223395525716737,1.2929749133141653,-0.7699781150114337,0.926038797773985,-1.6584013490493463,-0.9669162030632518,-0.26324162265099466
-1.1003244777405627,0.5471119555821907,-0.6510040253158917,1.0030681375616777,0.8685871145910697,-0.6751663988139155,-0.3521878502404977,-0.08934081653375124,1.3543713376470705,-0.9424562643206854
-2.373725609818095,-0.423507642966129,-0.9195787775035168,-1.5315968472920425,-0.03684978907923231,-1.1733513587540096,0.3378313866420454,-1.2028012408011661,2.953265038722202,1.0592152620245432
-0.7329870658501636,-0.7712209623424577,-0.19005237544663467,0.7360894680781999,-0.44783923094440325,-1.1616384041421501,-1.4510558827409863,-0.01875475533869352,-0.7245984719153757,0.28315697651718374
-2.126319249817599,0.4725173294343637,-0.32092442431242796,-1.7543524559669244,0.3621990749001963,0.4985655107979591,-0.8067189259238078,0.6463925717650629,-1.365967652330852,-2.294994417570559
-0.1698685799863593,-0.88690329226427,-1.2459286988256146,0.5706392499767293,0.21477647904309907,1.6402160643673038,0.41699602372486055,0.552759795502604,-0.8732505007703727,-2.1401845305982303
1.9779182465479173,,1.6038422272841386,-1.1816716404336562,,0.2888650383453649,,,-0.2289477426135341,
-0.35308849348861804,0.8371366958064752,-0.7958777069002064,-0.7024910137013759,-0.1607591811058811,0.6150908914586749,0.053266182103484765,-0.32720415359684385,1.0562908430517366,0.5885445441907737
-0.4593476901746867,-1.0423964045704304,-0.1756494574760325,-0.6235400215523087,-0.7721704853597875,0.7495817271188807,1.1272827817648579,-0.05935721220727267,-0.005712825537899814,-0.739846231042054
-1.063292613313151,0.7957527509194217,-1.2705177262210539,-0.6194279003659462,-0.6514725340430303,0.42405387524134197,-0.19740897646648387,-0.5696037825989614,1.3592517986839898,1.630215007673517
0.38959761277610394,0.14368050407781657,-0.5033809711129991,-0.01840330215134313,-1.204916310203161,0.9887374063816577,-0.1316532275542107,-0.6875611010229239,-0.33153244524513487,0.7063053863472414
-0.2564924588803626,-0.7873619971996209,-2.0893772089703537,-0.07793267922785338,0.37557479420964573,-0.490397067348808,-0.7940423510954524,-1.12532226130553,-0.3761295524798367,-1.1142293759940245
-1.120744766065191,-0.47904297935985285,1.8837216563378087,2.3351297429712687,1.1776420721567078,0.6443016241136151,-1.9377787931875041,2.6762200727333156,0.3920462628633655,-1.0994302844835033
2.686326084741162,-0.09847236361368802,,-0.314504581054435,0.5676188060634877,,,1.2834231028093632,0.15526081995740076,0.2098341351726416
-0.04788061308820121,-1.04406578845683,-0.9046830370792052,-0.30816723601437573,1.2622311207684935,0.47075036867830705,-0.09317898730698555,-0.26368775124625893,-1.1669859123437545,-0.898822676901946
0.15482507913133736,0.0082807430360978,0.7782799179294181,-0.21647920859525585,0.5674399578651849,-1.5312764531491065,-0.9494611181040666,0.2635895002633436,0.016340364176499176,0.737693293551367
1.175630074704408,,1.585986973268214,,,,,,-0.5887347764229078,
0.23205171180268028,-1.6865327601908044,-0.9496559075051264,0.2167651909597779,-0.21767530196613105,0.6209577702628354,1.955750381085258,-1.244559072984173,2.3141906053926,1.8811751257017353
-1.7258422071400974,-1.1937906171698107,-0.4038465596479686,-0.9534206489133408,0.5819872329825627,0.6349847753748339,0.14152561669083974,0.37400535469506196,-0.13386991667383946,0.3966443838608069
1.9128191305044124,,,0.4647640611109869,,0.3128545581002751,,,,-1.4848353307063216
0.620523943435697,-0.013550511261826893,0.2598991648031096,0.7614009567943252,-0.6181524493264308,1.1023286901099913,1.9750409906829758,-0.28996756124621853,-0.5177304254346374,1.265355252758291
0.9824051292933056,,0.5526207821538208,,,,-1.6041331015396632,,,
-0.03465650158279942,-1.1329958742135804,0.8523082180954601,0.3407941454675703,-0.1326214060845872,-1.2346610989472884,-0.1602404108854256,0.3336943427331908,-0.5317961547195773,-0.4976320599225637
0.01037983148067335,0.673786511530626,0.4239428783834514,1.1760778343285632,-0.08971611709608292,1.0129134616737605,-1.1658809886520916,0.39824008855050186,0.3450215462234947,2.3575749276235247
-0.6701538921392571,-1.20102748413495,-0.7702737930330898,-0.6321218360029377,0.40990792310309154,-1.2605481442781474,0.3454437389948793,0.03424185634772689,0.9144526184279408,0.6192539363425673
0.8282497665709686,0.49115155804124805,1.1677993658541181,-1.490582897959555,-1.4555908955237051,-0.020581188638140558,0.08431631522036417,-1.0240299343477293,0.5602137107303158,-1.3043652557480752
-0.2680318695390742,-0.017973489776365776,0.5720810579763623,-0.5040546456727644,1.2155776640947835,1.6801930432492764,1.5379895682100286,1.8078316741864242,1.0661069788886415,0.6151836085236075
-0.7492106062089681,-0.5641204686846295,0.948787177567423,-1.780919835050062,1.3235697590362792,-0.6062060449547152,-0.5340993231033367,0.7758803087976409,0.2804268411274706,-0.419526714600371
-0.9106601897206286,-1.5012921276540871,-2.163169604919358,1.463158591564768,-0.21656423550708365,-0.8887644028119571,0.7515194089337207,-0.7792765703788401,-0.7597195343251136,1.1896819297793848
0.7415297339121465,0.18315552877692265,-0.5542254710411499,0.2335890212332358,0.5804868671264249,0.2580579613282153,1.2144005109129976,-1.0013192227736216,-0.2580967768139563,0.5569337166624229
-0.5726723281787095,0.9528352499616678,1.3427580383562092,0.05932916018211819,0.38281752999421775,-0.20874056637537663,-0.2926594763266452,1.2833320052231032,-0.8361685578465203,0.8267466242712677
-0.4928811233271691,-0.8455291028734929,1.0079910473150366,0.6964041107826788,-0.6533155957614406,-0.16828709541581555,-0.12451522434868428,0.23509492445698416,-0.4894297013259864,1.7365566267875532
-1.108674099728046,-1.516007080838317,-0.11707174479069028,-1.9874821461717953,-0.7767758764534112,-0.6328902618232636,0.015165532350737046,-0.19734992312853036,0.2360088191556543,-0.7800623650793879
-0.3784296747598757,0.5787413918773144,-2.2693829489203745,0.42072294185332043,-2.1446429907837516,0.01059864700122312,0.5199194637314847,0.30771826260386814,-0.6202345763452864,0.2569199690560509
-0.9423147871628865,1.3820257180119466,0.8312801026659925,-0.9490199425115539,1.3768668049644182,0.19461385527340702,-1.1296613899172077,1.167580087986846,1.6435639579056043,-0.25574676701971066
0.3659844367037729,-0.013120244776006455,0.5793699145632784,0.7948249410775586,0.9860585878684686,-1.847879011243535,-0.5182188918084649,0.9653325278291708,-0.6981749811014498,0.3471911872334937
-0.9164067517388158,0.6778974759592685,0.037478847403059116,0.6039903274082512,0.39496995430080273,-1.4052359737464735,2.0949224663094568,-1.3078558539778344,2.4853830581465046,-2.1602739222770673
0.06808109321339531,-1.4075731370177886,1.6157505946294546,-1.0144192020382203,-1.094996161148163,0.034158630048087855,1.4302504125494013,1.2328889546908677,-0.22271751401596013,-0.32046713731812093
0.5215413469178868,-0.0582834571845804,0.08063959594200619,-0.141717439615494,0.6104579724246727,0.4508997555943092,1.5214202241273365,-0.6368678766227623,-0.6460754607430766,-0.09269335300606933
-0.20222424406547326,0.8628649545157777,-1.0548923498513503,1.2700596580008794,-0.28446113568524783,1.1813149059626995,2.531257834522885,1.0264903495284199,0.6248644740854874,1.1156694848463082
-0.2942853700255983,0.2629993433791441,-0.6722327563529155,-0.6086655826184423,0.3083980528941983,0.09571338511294583,0.43140495590873124,0.13421742012243598,-0.28236617831036614,0.9237277250005597
-0.6174982474407957,0.25110470476461993,1.1476493337682174,0.7094648284360286,-0.02892007600526676,-1.7960574108044232,-0.34009314024724774,2.1244795121660287,-0.24809686888805643,-0.005116088855638468
0.16957665321903084,0.42731526822947785,-0.6552172731088589,0.7580243340993158,0.40877849851812614,-1.7224509357249285,-2.544189911862537,-0.5369107488783178,-1.2108455546515102,0.30931627453851435
-0.37435356851539353,0.47012083576215524,0.48320749849951794,-1.0057499485127057,-0.3642671385140602,-0.5532835442475278,0.9330538697898731,-0.17568322420732185,1.2509700889648272,1.306604949800896
-0.1355561110781343,-0.5923647682740172,-0.8756472011253268,0.7099461837041454,-0.10035380119724263,-0.7288659976649062,0.8970821015299733,0.9153995644029793,-0.9484725450416233,0.36154045237263177
0.5887017263015707,1.701569029762425,-0.1650253838182608,0.0001934371017704339,0.6610428728839607,1.2689369691607504,0.4006190078417203,0.22545571819452992,-0.5613109974277641,-0.3236259849990301
-0.1489849032208815,0.7012538726195394,0.4487562760375455,-0.689203394010178,0.8497675655335568,-0.16908533467196515,-0.15483695571841677,0.7680423422566139,0.8927538963291575,0.34589450151788786
1.8715612440970488,,0.9656505699966874,,,,-0.04956299509243006,,-1.349404197595797,
-0.1992568147562737,0.14366976114051722,0.6029778887579073,1.1700175902731067,0.848934001444496,0.9966541870800014,-0.9920113099788758,1.1128651054125234,0.38290718149681585,-1.290573200596248
1.0794947603316378,-0.87341470322204,,,0.24790483375141656,,,,,-0.13338135093941422
-0.13396149051840645,2.730626273665227,-1.4495534558697831,-1.408214634547517,-0.5590726253024944,-0.6321222788507368,0.04285942781037028,-0.4636986481029357,0.8546869320794744,0.09573794170682508
-0.957602383169347,-0.22967559126858103,-0.2619146761203156,1.152280114033011,0.8741676219810071,0.7228403398494547,-0.7175966527455575,0.3226847663274651,-1.1417261032669892,0.6624410684616013
1.2262291329993984,-2.0768572226175626,-0.07407072991976833,,,,,,,
0.9008489250625138,,,,0.5701798184403515,,,-1.437259604696637,,2.1904871983346137
-0.654109071248842,0.5989651428511819,1.2726439447039704,-1.143315931725831,0.37273882761881827,1.3526985001241103,-0.23680969448929298,-0.05091223773215544,1.4118090700590462,-0.39194314052912854
-0.5417493643783002,-0.15135774349368974,1.8558818979936842,0.8347258383246228,0.5772529550500142,0.5667627757336015,-1.0744625251208215,0.6069029239070965,-0.376044668597364,-0.1400851456990183
-0.19132115146511858,1.001100586811768,1.8910726301150056,-0.8503722601363473,1.1359824027896568,-0.08051385185738591,0.8617249436053616,0.40401151761407916,-0.5096441347707175,-0.5247822633223856
-0.10697914684592737,0.46692845377018805,0.6054207918982449,3.0799995068516024,0.6567883560849896,-1.1847616198785902,1.3718749948859337,0.7109087053815604,-0.04721348010780219,-0.992324805648072
-0.1625119234209918,1.2873580039673018,0.615432381476649,1.4739707337699766,1.4209073648695305,0.3227267484361536,-3.0326806914944,-0.7860725992921181,-1.4253819788204893,1.5335886860230383
0.6301921192708803,-0.10098879260460615,-0.4062790781263667,1.1983550584790066,-0.784777140020693,-1.1770086083247548,-1.263088704862071,0.22065686334317175,-0.7025255842643744,1.1092787815408045
0.09474937397017665,-1.2970193798648535,-0.1471063323057763,-0.8868925276836039,-0.04150338343876651,1.1707662451069358,-0.07700349138726167,-0.5927819245902457,0.5163060685715417,-0.35621192038316424
0.6040052250821937,0.3961270491207855,-0.9864719736971493,-1.2464524609822536,-0.3047704936646701,0.4749946386965296,1.793786209909317,-1.0704867165419507,-0.9492985616897509,1.0302065160958283
0.2427533388447636,-0.13135189802457134,0.7190929775828463,1.2875820730731193,1.0837181402890563,-0.6566772212762382,0.48466431975244095,1.1764707645660561,-0.24374043941081602,0.4195129306524983
-0.5403769288314155,-0.906673291301662,0.4614162374261091,0.9711003549855908,0.8120577393697515,-1.2878173796208292,1.3637182004885517,0.6335395012476683,1.1811038112657242,-0.8740512363154589
0.8988641871886581,0.6986556149757911,-1.204775891800587,0.5027488648863828,,0.07918940481783027,,,,-1.4192607933227452
0.35522160519751633,-0.08614325686196851,-1.9445540738087714,-1.0250475520162052,0.9563544083898916,1.3575233805944158,0.14014152400513893,1.0776698012351982,0.1005386238208604,-0.6889697080580054
2.268277692603293,-1.344713921535475,,,,1.6564122959057153,,,-0.47865440219165944,0.6295140004260584
-0.8793439597597736,0.16192981435562007,-0.06716163997802536,-0.7152725693278867,-1.3647304282917194,0.10149946941592194,-0.3050361586080767,0.291064115708203,-2.100863423155398,-0.3918368213052717
0.9200107009137355,-1.5820799084987311,,,-0.07537107407849046,,,1.484795318868448,,0.13147312387689675
1.0680428810784925,,,0.031524810676855815,0.6326989994883083,,,1.464574711455146,,
0.714473751413689,-0.4306882624830297,-1.4687314193768213,0.05817452092973163,0.731396888818705,-0.20908511563071625,-0.1703809528017875,-0.12548241833885768,-0.042754469867727594,0.2066842033184626
0.8574582349395228,0.7956863506518699,2.0916649857686958,1.8029650597038174,-0.8021922637464813,-0.16992706863113302,0.7799575015037665,-1.7337429602101018,0.3721457492203163,-0.7988288064266661
0.0039002715445596607,0.06893814631619373,-1.7130174279696215,2.475117729329104,-0.48375105504727384,1.4948734972680404,-1.5782728583719108,-0.5995741636647086,0.8384361830099011,-0.20173367329846484
0.8389557962217041,0.6733677209006698,-0.7910531547628702,1.262320620843849,0.6125151120522531,-1.4103404696281354,0.13899522983976034,0.6869073743170289,-0.06597068537510505,0.08226640687565401
0.5199325203011265,-1.6009782227485487,-0.16714525860730378,-0.3410619444992373,0.7889231901173865,-0.5305677235450224,1.980645492845404,-0.5538935253576378,-1.094856142155451,1.2589639156434882
0.6256908346157113,0.4121819265903222,-0.21729918396116185,-0.3285086461054504,0.4830626229091756,-0.5439190587340265,1.8031553337367334,0.2613037032973925,-0.24757456211502482,-0.3907676223219034
-1.1947172157235764,0.7297114524777782,-0.7680300923853609,-0.12884075086554386,2.5474481212649045,-1.803671343052026,-0.09934029335642912,-1.3684614234134096,-0.5372528861695364,-0.1423607689309868
-1.3036884948553125,0.40912488865690566,1.4684190456753066,0.332860100989806,0.8402484247417996,1.624240355908391,0.607150620582867,-2.3555129989689565,0.17907995882313996,-2.502355262393498
-0.7223265897941705,-1.498964311301537,0.27291402911681656,-0.8972720923686879,0.3003854620911942,0.7812259047748883,-0.9582957404285404,0.25125326360927236,-2.6189763701815902,-1.4925526407376588
1.26759963249975,,,-0.817795293235297,-1.733234463606538,,,,1.0732590473392363,-0.6185721395661865
-0.012024170087154621,-0.5440112002470716,0.9339519495424904,-1.4330969622185787,0.4776905349307241,0.4049139160597637,-0.8212885077808895,-0.09931656622840712,0.3869584863214539,-0.6917849091732776
-0.7126659929000483,-1.2297284155025723,2.0223473311894,-0.4669289223678012,-1.226010781944143,-1.768105722058193,-0.8027768191104122,0.26691966698718006,-0.25545976318204144,0.3506221019531978
0.7152850820103956,-0.15091659755694592,-0.12755179135140124,1.565718634077284,0.7366424924930411,0.384503670348668,-0.34308500765407746,0.6754303353230445,0.3523166088380394,0.3146503739523715
0.7172219559541367,0.32607374004596607,-1.519245860859141,0.054673635758373744,-1.1150617627400703,0.6332958381228593,-1.5684394142919562,-0.03106576400095476,0.05783410151197177,-1.146979213545466
-0.08108091626871072,0.7677259157728825,-0.55666537722446,0.28951406799503276,0.5076350102011045,-1.0673905869546552,0.041320736908292466,-0.21085004251968847,-0.014840243937599706,-1.6040861641662407
-1.4073640132179153,1.2200695381209865,0.756290751183162,0.22010236025610685,0.9016305742324481,-1.3258973505364025,-0.2269875389956217,-0.32102686896615706,-0.7701848146827153,-1.1336847835065484
1.3161684409129761,,0.4506391392559471,0.3322475045641878,,,,-1.2650829874269707,,
2.463156776013101,0.9780122547503663,,,,-0.8117125045437562,-1.268858238445538,,,
3.0873696143776233,0.24880526213681678,,,,2.34370129792743,-2.7702476582856566,1.6202491053768215,,
-2.5802463668369184,1.0549978738830847,0.7931466805604331,-1.0933557914854115,1.107533752471635,0.9149963304493489,-0.5302142448046587,-2.0524208250848615,-0.2190760941535368,1.0416669862797006
-0.9149634042021906,1.0812884459888743,-0.8606277771492874,-0.09055002483875045,-0.7365121884623297,0.1564922965909999,0.8212406457198609,1.6307477379234365,0.20835763949494532,-1.5587460574223424
0.6320747658921948,-0.2978285545045268,-0.3193050840653369,0.10580334897082261,0.5591997572399867,-0.41356985961782416,0.580957068601602,0.4047443649481947,0.5816924776097692,0.8798496394258692
-2.2062796536611207,-0.39276202807598704,-0.15270708500258948,-0.24905323635960813,-0.8661589503906175,-0.6524532819286558,0.5212266801331986,0.4608244824144868,0.032543872795368856,-1.0040100098467915
0.8595501868846764,0.7874011694083263,,-0.7816151333486836,,,,2.3789576479160424,0.7476199105550225,
0.32352579765013206,1.2823825032614968,0.2522212889706511,-1.7247029746242024,-0.01800917297803531,0.899574594692712,-0.04778586710843107,-0.985146656407113,-0.03636075914434371,0.8642532988795059
1.2759951598819534,-1.1091771395339134,,-0.05890390581220456,,-0.5781828526995589,-0.268748336236271,0.7660810443218558,-0.843834678649204,-1.1662467429945735
-0.7390564336139765,-1.512871810824244,0.05258491795244973,0.10911377945396164,1.009995255776162,-1.058601386078792,0.12283190816432978,0.3349547068996155,-1.5479841100390428,0.2191188254091081
0.2563020716858455,-0.1279628992272175,-1.281343227418029,-0.07612215830025806,-1.956207989887433,0.3252055059107649,0.7416357007737486,-0.21896331001918418,1.2794266255754783,-0.6971421101837904
-0.7280088931013831,-0.2785324271361311,2.2635786207847044,-0.2841848479803226,2.143332726468505,-0.038495669338720485,-0.8071877778710534,1.9529092636977805,0.1847040380472347,-0.2940586373674921
0.8609894919307937,,,,-0.2266050804015832,,,,0.08712149199059373,
1.1422326135923446,,,,-0.6489819531366579,0.10972250668797884,,,,
-0.6244366057935941,0.7768170614602403,0.6534074144351774,-0.5492700055824219,1.4120230926022301,-1.478612775982065,1.0755810819265315,-0.11690597836356585,-1.0713447577895516,-0.18404839547491442
1.877974283234969,,-0.7786668451104166,,-0.185967411735156,,,-0.3908865160008065,-0.7819285018228787,
-0.1873188472464103,0.7700298495901418,0.12572192697637002,0.6653566573287314,1.0586178779378173,-0.28129927126743276,-0.06993383808650762,0.49103677213320174,-0.61625577809838,0.04434393161811129
1.0585524513645377,,1.2753602343426684,-0.9110067459843154,0.338133743287539,0.5780334768922085,,,-1.458895365223768,1.1182975983122319
-1.4108976843165633,-1.3358717772205069,0.581260640884078,-0.3692129214059184,0.14366325261642726,-1.282954517092201,0.29152100058798547,0.8362105303963391,-1.5612091124411833,0.2521817557926335
0.9023094435851846,,,0.05144955234561213,0.35674361074762817,,,-0.39724455797799096,,
1.2051203347475374,-1.4864087716495575,,,,,0.1926386145182047,0.07220814417481088,,
1.1326303312446415,-1.4210810512139673,,,,1.8234209805765458,0.5837131814075862,,,-0.33875803673422283
0.2799744757755823,-0.9769533691688645,-2.3165969419738253,-0.03245856992722912,1.5820994644726516,1.6746283609659887,-0.18871837640970593,-0.2765599129370154,-1.555473768859836,1.0622385929606368
0.4231215771917498,-0.18909965872396853,-1.9723821247683302,-1.8027277522361977,0.1294542623463155,-1.542552132954373,0.5381616692181985,0.5869155602458349,-1.314648500365942,0.04834400686579411
-0.9389427512656509,0.9413635769805018,3.2907723824183654,-0.11892201591258107,1.4777429953124794,1.0278303243727553,-0.07757383453871816,0.5320608593300515,-1.2655946352089245,0.13773062383516596
-0.3000089902280329,1.3595402016795137,-0.626521227720446,-1.0542484746616734,-1.0157409559603954,0.8556662297484438,-0.18394813563871343,-1.6839050127553965,1.014589228907684,-1.5105222144107244
-0.5484766117075032,-0.21070645474922498,-1.095779714143271,-1.6968362432642716,0.8134084343957996,0.6518488325448905,0.053817649403301616,0.3653312969290487,-1.7011044002636235,0.5219481197706486
0.41360969429652594,0.4423419096326296,0.4388038141813296,0.9942363006356153,-0.1160004751664905,0.06295909190129065,-1.334855721456641,0.6856826572199133,-0.6686676915784061,-0.596711624134186
-0.40897716682342594,-1.0722883703090298,-0.10652240500829019,0.8241972043268971,-1.1118095778040502,-0.01658221621015808,0.6664077446431259,-2.48014814112266,1.854317871559523,-0.46198729239622777
-0.934972632941978,0.08154423812382053,-0.6749208950013266,-0.07065445779791557,-0.7490308058998092,1.1268799295388108,2.6838269598341378,0.7229762639729678,0.19956843237304212,-0.5520675379668505
1.0612450092182513,,,-0.5200842372350196,-1.2564571667314226,-0.2130375239899156,-0.9853025925005019,1.4755962744472224,,
-0.6495083447823474,-1.2353274124384457,0.6844287775527983,-0.094600697787835,2.3432367622062236,1.0474537455054538,0.07004828255058053,0.36698410882348237,-0.09004967091230899,-1.0272992631183648
-1.4369661816225536,-1.0555146841847423,1.3373999228956346,0.25710438014545783,0.5371793119644108,0.7871485299088214,-0.20009283296883468,-0.6055810286493225,2.0197141105031218,0.5308283913234222
-1.6643560827980795,-1.7551828636927165,0.750017082181491,-0.8834408893338376,-0.13022443746240014,-2.1878228300909877,-0.4631554809889057,0.9122316432910766,-0.5352794991696975,-1.1701981828555206
-0.24430897626871942,0.034784110376915214,-0.3523585297614037,-1.5783581842153178,0.3933662764181096,-0.5738408776055763,0.1743272548969803,-0.9763933103314612,1.245890384127191,0.7125220225382277
-0.35967120749298076,0.30422540740565757,1.6357382034230503,1.1750667826502723,1.5092491254565343,0.6050962452008223,-0.541978937201526,0.5883963066835795,1.6992252571981543,0.6056495519536897
-0.8270716867149015,0.06624363530859909,0.760408536748708,0.1719711927445159,0.7633162012860001,-0.6194222479414473,-0.21495374426092625,0.34120290673642417,0.388580227140687,-0.6328863567250609
-2.4496821088590464,-2.881085645737538,-0.04677718832840676,0.18305058234310972,-0.20704047682627807,0.03514623356518659,1.6010513496560688,-0.49647648257880367,0.36505239611074347,1.6838903913536394
-1.0362954312961128,1.770344213589052,0.9711270285400263,-0.31023940326731564,-2.534971827758002,1.3906071851233837,1.7702577280287901,-0.6946630829374459,1.8331099397810735,-1.6905699062091326
0.29167333236120224,-0.177590868820143,-1.337154940916624,-0.2499108909601645,-0.030849108235344626,-1.18968997565115,0.6751837436246829,-0.6816421017095439,-0.3592202087247004,1.446904648115906
-0.6544568186140838,-2.261684287881637,-0.2515437066324511,0.10896752344851149,-0.2414271897678976,0.8603308316079443,0.40021266643072856,-0.5994860045078516,0.696486460516548,0.4635762524882299
0.4333451816442135,-0.1597250487411225,0.285395690124564,0.10908365924359996,-0.3002803447714306,0.47918800518130916,0.5566790666073655,0.5571276784538004,0.6170158864707718,-2.2497151421673425
0.9043258653473488,-0.9640896235796788,1.1201073191885556,-1.360483417012199,1.581937094834733,-2.183686555072161,0.3232524418169596,,,1.7254678749879964
0.23663068229013065,0.9395787376087631,1.5346004517103522,-0.6190341691997291,0.3620136945771749,1.3680693905334431,0.3527461639822107,-0.586491694995768,0.5150678370719027,0.11487444359236736
0.5092886747753681,-0.5284363303803344,0.24220497234409022,-0.13950141442053487,-0.4947737202608192,1.3097701120537912,-0.5136903366635082,-0.7552848990618837,-1.1864767501640467,-0.0646885444522385
-0.15227334571552645,0.7221349390772758,-1.231353907420491,-1.6844442120712884,-1.8548080522523651,0.456064042925078,1.0345939586901307,0.9530841039083338,-0.5015169975714094,0.1300947888052557
-2.246838900645491,1.6178940793276182,1.1568196159358997,0.9039578708614722,-0.897670493341718,-0.3635554932031357,-0.19015346003554323,1.7002943226338578,0.9999961746574246,-0.18697534441651895
0.5845967008361056,-0.9116924919591586,-1.3848269112974199,-0.06880072171849078,-1.1373556285223123,-1.6918372532143102,0.0332680334042847,-0.26475602418905747,-1.0086628549899346,-0.4002743050295425
0.3787226740612247,-0.22574556627813988,0.14003547439579112,-0.16994104741865232,1.7300460750831987,1.329202154023616,0.11623983682059283,-0.8193915707448716,-0.5604052968248402,-1.2913807379742557
-0.7974961413391105,0.6679699176110132,-0.5936411106084619,-0.17494754534950774,1.1814417901875494,0.553021778881936,0.06881897162436808,-0.11420278881090469,-0.19805849054314417,0.9311408839314038
0.29790213678147187,-0.25653592143177084,-1.2738014823695858,0.4827036620098827,0.3424975616514467,-1.5822653291555366,-0.15454886175849666,0.33496789204938876,-0.2613523418916016,1.8141250395361403
1.5270515734188022,,,0.9688325767633759,,,,,,
2.578228487387766,0.940178770533361,,,,,-0.7234307796513004,0.3120990792567722,,
1.0944762753897994,,,1.8054267468970453,,,,0.9028315855202703,,-1.9599299407191075
0.8397423635738008,0.22748057175570294,-0.5190315236157712,-1.2609526179157917,0.40680463072756085,1.2909605324965157,-0.8966344776090539,0.2819956922341634,2.2134507805488273,0.9487921414938459
0.004759637850528015,-0.09583597268974976,-0.46771421548611714,0.08250139443300719,-0.404522371205896,-0.25739668395944487,-0.10522970860014474,-1.5935270341713137,-0.12780654797920044,2.7331470573663603
-1.3501779819831048,1.575913650828583,1.0977235690049771,0.6974062278409887,-0.47550776975396575,0.9824022964787938,1.9051970563721017,1.16197804171245,0.3354921055342344,0.10826330181591036
-0.5482096973725771,0.1994615030813182,0.6405646235952727,0.14038511765661296,0.022953918220167863,0.03665807643927397,1.9363337455540743,0.27923627176688476,0.3165264656000717,-2.294669800312905
1.069717959951184,,,,-0.8456432919823982,-0.1869900267398439,1.8653257641522698,-1.2977077524220673,,-1.366034185166121
-0.08127980207832206,1.697888666935926,0.381064376683033,1.1901771073897613,-1.8957692486324837,-0.7385150979061171,-0.5790114291888923,1.7044656377699512,0.24621086733190384,0.053662972173772215
0.29850242157105633,-0.13417256834917451,2.0925516582228854,2.052712159071018,1.2238785556891412,1.1110698471401041,-0.407153461368368,0.5724392611223019,-1.8995958581642802,-0.3259740513009613
-1.4494215186766886,0.6044479012890479,0.0025910370806845515,0.8712970791061546,0.7589588872836353,1.2288601224742635,-0.6617326024693178,-1.6931125284471547,2.046171045571937,-0.4392795178941664
0.059045293456464636,1.1763527326569314,-0.18817634052592058,-1.0391065550247602,2.221235271532514,-0.4439429602546179,1.9534340151012322,0.4760067216665802,1.1161060514219256,1.0968197781437756
-0.30057046569055745,0.7124693358122307,2.0865533388092525,1.4339807659725883,1.2707865176270803,0.8032743646809707,0.015817659372527784,-0.739156594031212,1.7117375909097392,-0.4514332569439499
-0.37004186752193635,0.13569719993255147,-1.3463062288014094,-0.25410212162113754,-0.6363642147835309,-1.3178353211657985,-1.1373039786692354,0.08327220921821127,1.1334529010625,0.01805244079808689
-0.9853805336941674,-0.5503725770043393,0.45061823321217204,1.2551997677852125,1.0675729336505855,0.3492759965491305,1.6245005249616413,-0.4203708610924374,-1.0664542277687454,-0.1765744132097275
1.3706891377802932,,,,0.25654488113174817,-0.09943386284715351,,0.1511663666441853,,
0.7236083657634552,0.24664953721343766,1.4699114936545419,-0.7477645733195601,-0.28798156328955765,-1.6517995021124028,-0.872976262497595,0.7476116928638055,0.9321540267428208,0.8115919869596692
1.4167745804918033,,,0.7910353354237962,,-1.5171555455724444,,,,
-0.4728113553089572,0.917737458107128,-1.0883376418875188,0.03415946551089744,-0.48714261527199476,-1.5552838284827393,-0.27344022463973344,-0.7623910976441952,-0.284788304724189,0.21554455196867534
-2.03948080363942,1.167477838397362,3.1417809744840413,-0.8080323770371366,-0.4534079190307866,-0.685408069195328,-0.9472289954939209,2.1277288973175996,-0.17601812319063384,0.8302238652711833
1.3119451492600487,,,-1.1809921905249223,,-0.25128088336394405,,-0.7477709511766245,,0.08163168293519324
0.7235175433424024,-1.713178401620223,-0.3297049133548725,-1.0211319888343475,0.999084748528024,-0.49043971294562116,1.201453780645582,-0.6413173000798053,0.3789109643410683,-1.305925177404091
-0.03424512264011571,-1.020713282896645,1.602859075570601,1.148412772095305,0.2910035840012355,1.0984866786572642,-0.42544301146209523,0.6861429507173072,-0.004961902254385544,0.5899890167793062
0.19781499630211186,0.01871222603761266,-1.7352290876859224,-0.5707982545586641,1.8896343385427725,-0.040165449144941426,-0.6379582590835947,0.12512056431411606,-1.4461971738333343,-0.39555365423457767
0.26504032087254487,0.572282460923775,0.4251841974245107,1.5924606181597785,-0.5942601881614543,-1.4236127333784823,-0.2805625754780974,-0.486475190861153,0.2641476765199996,-0.21078134534110335
0.2208528801521613,0.18024075596570996,0.9622551300388305,0.06308956186265838,0.2811782973182742,1.8576169259254411,-1.5613253653881947,0.2585497404263581,-0.04008312255866823,0.12323771611548102
0.655359581497689,-0.758750986694714,-0.4955234428713466,0.8091083564546288,-0.08083772381894762,-0.8848718085136763,0.861258225865353,0.7073935750287456,0.2309038387907942,0.4819018785575433
0.6346032551316442,-0.022268636588680498,0.3770696911398716,-1.1247502615953309,-0.13999124295750254,1.0312726442231879,2.2644044739232836,0.18986282653529385,-0.8372852805753975,-0.2879861763338606
-1.3849016174736548,0.737824544904209,0.11250928472860007,-0.8889944199673946,-0.12446670440805957,0.7722681826347184,0.11740197063865154,-0.6215333488642427,1.0897110096063585,0.41023091126963307
-0.6982863989511866,0.09223622838518257,-2.0476479965846943,0.3268381597755457,2.861916128797942,1.158053687037602,-0.1047913867130759,0.31215837066796837,0.6072953572035443,0.6721564535855565
-0.05440421039457661,-2.117985770268229,-0.28840445242398316,-0.5371061035432119,-0.039524515547345165,-0.6898973073878509,0.6664089659756919,2.0872816977712527,1.0348307189456623,-0.01007811021819138
1.5733729825362777,,,-0.514645090298998,-0.08735790822991367,,2.2141640922549937,,0.6497947355960443,
0.8202595589408426,0.592094348807214,1.5898837304362834,-1.036648723749851,0.09215779687283304,0.8169102081542166,1.4837287186673362,2.0115254812754837,-1.3982943548801439,-0.6579568167171301
-0.009042672325756278,-1.1787941337610588,1.7269747285763986,0.18526213246099266,1.2350075625561632,-0.11529577074678171,0.4701040380067776,-1.3020163063793944,-0.9971468789046499,-0.9782867343297355
-1.6507305612460512,1.0880218643116497,0.04708076166763096,1.1190476685156547,-0.054517020268673874,1.187882050195816,1.0147618450730633,-0.06073211249813311,0.2596603842984733,0.4136283641861726
1.176769839856981,0.028616860342401733,0.4181310795728682,,,-0.6732306594049473,,,,
0.06309816741411832,0.9277871067396303,0.2238836979647144,-0.19057218410735216,0.46267426889963503,1.675013256071623,0.11183540228851571,-1.2237865573906876,-1.3152834097100055,-0.28036592112649045
-1.1404178221284975,-2.3922104361320167,-0.29263874599162115,0.38063952893162245,1.3838771524666102,-0.01760893957639511,0.30980003025921327,0.5156330486347628,0.08281846620428024,-0.6674798681913732
2.1711018512079403,,0.41640905703648456,,,,,,,1.1240825029266845
-1.5021309556050868,1.630892906732244,0.09486658495390159,0.7147586134883407,-1.0539983686497718,-0.14904044809738173,-0.6660055518687871,0.2953299224660477,-1.091868475998492,-0.6205297889188601
2.0674679399887026,,,,,,0.9364632591179417,-2.36006752440307,-0.11990740195724721,
-0.5243291911167975,0.7393715182370912,-0.13452751419393846,-0.16078457783253303,-0.7841387102696552,-0.393607489343417,-2.0068990426110127,-0.31550686553507695,-1.4151250765417631,1.5446556648983314
0.7336762534386343,0.9129867560006094,-1.3208382642239724,0.83808454070321,-0.6672117858119756,0.2767975146605128,-0.18668449550429825,-1.3786371030356959,-1.0375478384612258,0.6593001981040478
0.6274721951933682,-1.3723911431997051,1.1366880822179215,-0.3816314175557853,-1.2820838637906316,-0.5491686096736401,-1.355439920345644,-0.7254012015908786,-0.4782608252109107,0.515874865266959
0.8126845462434258,1.0630426328555964,0.7861817077542327,-1.9033146530321736,-1.4448976343187443,1.097882348368899,-0.4661211264135177,-0.13858991819515157,0.6325771536189574,1.2904386342492615
0.47004513097629436,-0.8598799503547296,-1.2203408942515206,-1.0704636263613576,1.224552717757123,0.8605166672518715,0.046015409351858605,-1.4252247057448422,0.8919265941734552,0.18929901860769477
-0.7666250102866541,-0.05421435257802107,0.5069916117442611,-0.445551047658652,-1.0362043400535206,0.18885474288133067,0.25201025078191475,-1.8936770460324697,-0.07201368164993865,-0.8425036795641944
0.47666966588250764,-1.7034963453650944,-1.2737558328904308,-2.3432777478717592,0.4149330368889675,-1.498831284603956,-1.3262329845876064,-0.09115857390798143,-0.15935429148109995,0.6369093572174899
0.7376409748812408,1.130215856028053,1.6146366644777677,1.0426621798991051,0.33257054289700616,0.21736525687081018,0.6166393648786926,-2.020869697653652,-0.15467385156056726,-1.8273696439441154
-0.7349108992572383,-1.475887817643758,0.3888817925122456,0.6011079756777128,1.216098575257402,-0.9673892107696979,-0.6577651739520936,1.082779204963611,-0.5120249014986505,-0.7186677700831247
0.7125789545647868,0.5186111354242031,0.9571235447717259,0.4823289596499393,-0.3941476452231167,1.374258381503457,0.8832466591869957,-0.017144516174538767,0.886242316937217,-0.013355288171012837
-0.927331454849279,0.11068371688403633,1.9263131292487818,1.0414629533846436,0.41593278987198545,-0.8966289078667822,-1.182786183836103,-0.2444007254356354,-0.6074799336992367,0.01773537280171944
0.15088776418461877,-1.422556446929711,-0.8379640414595447,-0.35455861939551353,0.4362697105033872,0.4736537277074382,-1.0333998667344277,-1.2247491401559847,-0.9465470229183619,0.7965111706615287
-0.4737922785437844,0.10640459050768807,0.4170691348222456,1.2275806101599351,-1.2205313895550711,1.212863616468135,0.5779354983521844,1.6676356500475582,1.4051944695662684,0.10966573511801514
-0.7483212512101169,0.660950775332015,-1.1194320492523926,0.21623771780737427,-0.7438084634243811,-0.2412270864363324,-2.181734434871021,-0.0840770074373907,0.12008251691791001,-0.5326604411237671
-0.08431668724009128,-1.0839429239634841,0.7795476288689807,0.024904428525932432,2.238481650904387,0.2922563260047706,0.3824624443737205,-0.469338289297495,1.1921754938093307,-0.4283809013888621
1.728716866169083,1.6997628431605378,-0.5122662547948191,,,,,,,
0.8722596620520212,,,0.0873039598268474,,,,-0.7371098923735866,,-1.8652604988352641
-0.341275573935602,-1.1218630012659363,0.5542045376176712,0.5090089432118785,1.2167199873468246,1.6615831325110635,-0.16283392425092635,-0.7378645052074531,0.46914036406180626,-0.38804560392688797
-0.6048202321041711,-0.01710800497187155,-0.588588926616408,2.0595021393743487,-0.2637485553209656,-0.030676860635863046,0.8094488491829497,2.1899787512969446,-0.2254937266167944,-1.8720206666377681
-0.07656061725191814,-1.7059358055118121,-0.5162538782654704,1.4975143731821112,-0.8014148680545049,-1.0460194321024057,0.858167069291827,-0.21808212893907286,1.2099079995498396,-0.27923009647078467
0.645205842891909,-1.5424888717907659,-0.9348558701104329,-0.1847803026849232,-0.40386906185651705,2.498132277907581,1.0159107275456203,0.989382863230046,-0.17076317756600368,-1.3930127446925291
1.673257873350256,,,,,,,,,0.4508244695147409
1.4590760737438406,,,0.4423392889092714,0.4107998876502186,,,,,0.7801041688011829
1.3506251518919317,,,,1.399301209005945,,,,,
-1.5216980417574189,0.5327737217472472,0.8796767190972475,0.7062484426312314,-0.8173061631346641,-2.4730441615937986,0.8735438740444995,1.4587019339613752,-1.8947188597862343,-0.30544956996344924
-0.9364182036705669,0.2461226793046423,1.3367256574094226,-0.23296677132868004,-0.5062176601045294,0.3909857232993189,-2.1240273572523383,0.8377733527908056,1.0577466350160898,0.004682781878821109
-0.43977831722013383,-0.28157379315272624,-0.27738428739008125,-0.05749400499557496,-1.5604554670458537,0.41390988346120794,-0.3672492026647442,0.020618101539437564,-0.5780133616066513,0.3808312364191058
1.3293688477780004,0.20866462374354874,,,0.2097895597909235,-0.054692698634325854,,-0.04573325129745221,,
1.3798852182744532,-0.6503034800467734,,,,-0.008587546720860728,,,,0.765279240024305
0.1543907392772447,1.5852779141615985,-0.16994113216763387,0.3412063525291926,0.6344982460962478,-2.033779851339568,1.1108667997420651,-0.12903388483826286,-1.271032025456944,-0.07535287175029742
1.1711203813648596,,0.10409232549972583,,,,1.0585987687618899,0.21096325452960338,,
0.02041802519365181,-1.060636228469669,-0.4907311363042872,-0.02832668008003068,-1.563421023237416,2.394322129309603,-0.7044896643698936,0.21025505741696315,-1.2504495298539111,-3.0234522742705257
1.712422724183828,,,-1.0261947919411938,2.0685133648295677,,-2.5804014960797743,-0.512038514682222,-0.18291970847472921,
-0.009078970902388314,-1.7344150480775677,-0.633804808805022,-0.9071925350092892,0.7485270086104505,-0.5429954200120685,-0.5549317363020863,-0.260790518167081,-0.8620597333576736,1.508588226115513
1.1225357575947292,,,0.35211040640543007,,-1.0261723713063953,-1.173381541328518,,-1.4617908689059147,
0.9543021658261782,,,,,-0.43563468195894145,,-0.12804996059049817,-1.3148278519683179,
1.4260200060443853,-0.17416069220597455,,-1.9603942737436244,-0.9527323079567075,,,,,
-0.23255875952460614,-0.16419469634053196,-2.605199274479453,-1.091888461370988,0.5075076265568189,-1.416109607417082,-0.9813601747830795,-0.4369195836350612,-0.3448061928218635,0.7161155235141448
0.22953148063003553,-0.6612616431170888,-1.7141994880364004,3.057078032816817,0.03779575132769585,0.9137005685227358,-2.3836960752488014,-0.3715533651284655,-0.4095290277473836,-0.4644536376427971
0.7782552121650625,-0.26488101552593885,-0.4294705895578418,-0.013400411102885134,0.025294206308507535,-1.2106534342288915,0.9900160953437696,-0.578249405935718,-0.10319890755879384,1.4968264163370062
2.906038860098795,0.468110898718736,,,1.7155911460817987,-0.23049261983292169,,,,
0.42897964943859157,-0.026534131966868654,-0.16365374747408853,-1.172070680159373,-0.7894638123865383,-1.0229390595077335,2.2739836575351005,1.037010590256979,-1.0095068989114537,1.8432965342580112
1.3649828510498285,,,,1.0251153329207787,,,-1.2376077742865244,-0.06477676788237467,0.49150459326898766
1.3003454998898545,0.6290543831997089,,-0.7517184112472393,,-1.6922307664752223,-0.29159980534502855,,,
0.6275674516306456,-2.3452816247889183,2.5798547034866903,0.39133433819693453,0.2894346211319305,-0.14841315639031996,-0.27983346738994336,1.1002721814418874,-0.9735629772160329,0.3067108974027764
1.5160042577393935,,0.5132442719426128,,,,-0.10025845559082376,0.7218460956688908,,1.8012277240994317
2.8923284008779273,,,-0.1438171745435488,-1.2305106496884939,,-0.28389245862023643,0.6118122762545551,,
0.20880668584527476,-0.9599833005942522,-0.9566564372895932,-0.13625726577366087,-0.37901457829607954,0.6801530922759572,-1.0889291606738287,-0.7752557953994899,-0.15162853516789285,0.09633040842931663
0.058388028571648126,-0.19543156047446614,-0.7844473851674211,0.5794509710788152,1.1826375120116326,0.3102650875204568,-0.5800831635693736,-1.9156281754121902,1.6601041662624043,-0.17477787887800406
1.3220062482227715,1.6418901738144787,,,,-0.221143605563148,-1.148352301075451,0.7980121804149065,,
-0.6395931679752522,0.573046288230161,0.2328024408281766,-0.6416408916490052,-0.4214947146434428,1.95827732193011,-0.784587250539346,-0.18331633968087555,0.5790025897452641,0.07041212400950335
0.6090504668617002,1.0986555077805158,1.4392835959131658,0.0451157851320785,0.40528066517931355,0.2101385578522842,-0.8952450469899047,0.19502088096948886,-1.647371008974272,0.37493736467037825
-2.1320703537473746,-0.9894133914759041,0.8553812002454478,0.4651783726418019,-0.017173833752174898,-0.4504932228950871,-0.8644683683518845,-0.571220613945368,0.6852024580071107,-0.2539952496239981
-2.084797620648977,-1.231491824980257,-0.8119429173183981,-0.26431652121454874,-0.29351136019265917,-1.0558915574672674,0.614896931338027,-1.9798445877051363,-0.746142189179998,0.7846384744306681
0.5399597006933495,-0.26999729192143285,0.9387449593496561,0.26050005193149306,0.07056284329765997,0.6007691691916107,0.4062832792615915,1.3316837172404272,-0.2757325763036633,-0.24286228494093173
0.1968423250389122,0.02132621793257669,1.8568790088790326,0.5244069823313681,-0.7231774240390126,-1.4910624207026233,1.5710462437525012,-0.3750604504188348,0.33062899069050566,-0.01857056087230804
0.8064947736014206,-0.5530133025335128,0.11886239680837214,-0.5455713405254262,2.7815730952803674,-0.7526941643316513,0.5601588625430721,2.845401456851383,1.098613834713911,-0.021266302237487992
0.16695743584840977,-0.8127397806161533,1.6798806305387217,-0.2258021515951906,-0.07349792953459718,-0.8782450685793871,-0.31233775409263387,0.06533658984873042,1.0894810132374826,0.26626013844953167
1.0949343220157188,,1.4006855964884084,,,,0.06569371231722125,,,
0.9263564466783397,,,0.9989114651523998,,1.2150627295503589,,,,
0.8709194260768639,,-0.07438483616289956,-0.8182174334785158,,0.40636954206981046,,0.4554382566284733,,0.6696732038382516
-1.127531463098292,-0.4554244746769019,-1.1067175650427648,0.28451807226434617,1.81249723784418,0.3686621801836315,-0.10170126328100858,-0.19746302511212274,-0.5800236427679398,1.105172377342939
0.41192835490611557,-1.6735268105958958,1.088295858288457,-0.8705577298109812,-0.6559355044392816,0.40228957061871284,-0.5982421900562329,2.242825308771833,-0.23851738780669865,0.6331565252767467
-1.5444914808044452,-0.6162818445756514,-0.13091156941136903,0.9968191396249309,-1.0762137677242163,1.199427828427711,0.12732523989008634,0.32744625718644577,-0.7453394063180189,-0.9651742664107648
-2.177376113478448,0.2996850928010944,0.6272552258837532,-0.3618884282908171,-1.58350425862891,-0.5561183092340449,0.3731025872586824,0.18403127645594353,0.6719648589952892,-1.617407312852572
-0.40500311797361443,-0.1001646342203716,0.6331486568599088,-0.6033773383769653,0.5349000754985023,-0.9493814650999637,0.2169958142392268,-0.2932210162981558,-0.3515005862433844,2.4131402212249173
-0.33288820787371215,-0.42280676616738494,-1.4246395305021529,0.9900974708251532,-0.5436009628831315,-0.03203523988114991,-0.8442874049533684,0.4157363179601969,0.9323252679927371,1.3086414160152455
-0.11660560561436575,-0.5934439260492139,-0.6585649629605398,0.01765154586298127,0.25363878863773076,0.5442862363870684,-0.846837086681735,0.13440507242068672,-1.0192627370958414,-0.12949630682159347
1.3956189033786626,,-0.8845110285038212,0.3505085515387554,0.8944620506750544,,,,,
-1.4040380071565988,-1.6941751747770102,0.2719125486474247,-0.7117909481141111,-0.9914245166023979,0.6497158912129377,0.09118703504185188,1.0053345134681517,0.734527714049786,-1.208200836700265
-1.6792550374701185,1.1191136473854153,-0.12429421147743197,3.0147646003018282,0.9670034570351862,1.3712355706584354,-0.9443113843358361,-0.08379301763705413,0.8086827992501336,-0.0841751356321448
0.056012107828565055,0.24344773435217834,-0.7239475797377564,-0.8834712011510105,-0.18327559503862328,-0.41453766523077346,-0.8775280444655416,-0.12676528469577947,-1.3059206095163605,0.7624072117499188
0.5896299939897153,0.6836856455158777,-0.8386421056607651,-0.9653423792010714,1.3212770961261802,-0.19568520951691024,0.5701184741550042,-1.1524974439272584,-0.2858419989098224,1.1918045040902165
0.1336554018552582,-0.24979285302313278,0.5663709048423187,0.3160356184635101,2.084508370800709,0.04087660383708833,0.647538312613536,-0.13483138739701817,-0.9887130474392164,0.4218012108783457
-1.4663181264432115,0.9865777348984232,-1.3166912383663636,-0.8854473348571373,-0.9689077722301569,0.6209002011128437,-1.11961884120009,0.5094103144657713,-0.6736985721234534,-0.11704079160776457
-0.5367061006097296,2.3270395179494683,-1.6638983294365035,0.4895870771318109,-0.009586118390076065,-0.7797238991358258,0.3947951783144413,-0.9604360891226906,-1.0737027480387227,-1.1465645817489245
0.0823897527331595,-0.5995552144578491,-0.8668412423760644,0.3429977013916953,1.078295052060171,-1.4188194376872607,0.3309177715842589,0.5237647018110418,1.2737189070528367,-0.2894454986674796
1.5447655528005024,0.5837454973218399,,,-0.01748818624298198,0.9840557891321059,,,,-0.12918279916760878
-0.7091565288965334,1.4489056184847926,-0.47602682861045875,0.03217252366354831,-0.07469501660780725,0.5147297056353124,1.3196185631470962,1.6094545928087143,0.9048313723539555,-1.6896900096353427
1.4573739642919599,,,,-0.012433182739771112,,,,-1.2480461802715535,
-0.18646956700975012,-1.0557794019386917,-0.13193540815746135,0.4770945635934372,1.0527719794922512,-0.4829952372634129,-0.440125158898561,-0.10165518196712718,1.7560271013029727,1.3421868643087709
0.5645519709351221,0.5268826103927644,-0.31491437858507426,0.7722050412555694,-0.9937300921855098,0.4791663472310774,-2.031929845542761,-1.6404490607774915,-1.9342084965546782,1.8818666912670747
-0.1582510411987455,-1.3525625799337682,2.4373791142301453,-0.7751262505842254,0.5259565323105686,-0.7833162070439545,0.7938090088007337,-0.014926548576427336,-0.7468191179086838,-1.335697793828794
-0.7093332909960864,-1.0050343277656575,-1.7615044012910885,0.7343695366490126,1.1162228628630133,-0.6807468235100534,-2.082603257080567,0.3630479336915842,0.15524269770203364,-1.000413532543827
-0.059229400313143145,-2.7576070083303184,0.008266863606789236,-0.153012577133022,1.3294140933606677,0.25388534421630626,0.09086518036067782,1.964133382566805,-0.7936282449035554,-1.4959376873594377
0.9129516030545377,1.0453313609852584,,,,,-0.8873842415152188,,,
-0.544755191054557,0.1284115078098117,0.5471581918077691,-0.36097915571011785,-0.3687312769259689,1.2858989531105154,0.18642261717080996,1.1292375272122719,2.387809559426261,-0.8699011982688063
-0.15559662632219992,-0.16702249849118012,-0.49556984153272327,-0.43151857391313975,1.4029008610282676,0.09924709732558845,2.489461412894763,-0.4063241069018353,1.5060799064850199,1.7589501339207083
-0.082962194553325,0.4472191899340036,0.8828377485055879,-0.5569057822081314,1.6637135872988114,-0.8113499288724052,-0.5206588128316098,-0.5096569624173759,0.22525396047646645,0.3278340547996715
-0.6364078339574684,-0.1131539957528851,-1.114492400255424,1.16453819184185,0.6949986503470841,-0.3472729702406941,-0.1922145602663949,-0.6631305731406444,-0.9292756022010387,-1.0808242209770318
-0.9258710480600983,0.9585053839893979,1.0357567516526893,-1.3694518838445375,0.6986690803686084,-1.2209775549954978,0.7645272790739368,0.0840675371081558,-0.5207990779928225,0.44585884495413997
1.3486176923352036,-1.874705012656107,,,1.4236460214002675,,-1.121326585769785,,,0.9468900303088409
0.47610179269490494,0.3900657837618752,-0.6388066136624093,0.03380191665866195,-0.07336637147241326,-1.501167441119645,0.33551291555569024,-0.3670069587532062,1.3759171497316,1.1697499389995105
0.184263831770054,1.104209687562221,0.6152491430559075,-0.022375076817455753,-1.4157476673483775,-0.15955337590602162,-0.3337795448071265,-0.11060638918438453,-0.22883714792619975,1.1033948520934465
1.213959773116971,,-1.3245204327907771,-0.9707067145228873,1.24168293323705,,,-1.4668262672468326,,1.7958118495889095
0.4192169898663252,-0.23637150194198878,-0.1256714527839578,-1.8813262007019755,-0.29190256039351004,1.2401735806030765,-0.3943643395540206,-0.24412585948600574,0.329111715529132,-1.1240742289361199
0.3329455379563302,-0.8277806361152437,-0.4992929270607999,-0.3782392836973687,-0.37755348982908893,0.10213935745992703,-0.07361784412639569,-0.1819476488699063,0.12189196800294916,-0.9077390389032814
-2.157733029217801,-0.008624258275297069,-0.6875478022291528,0.45463199811109317,-0.5519471506454194,-1.8978687250246777,-0.1198587557174019,1.0515463661084061,0.31284127584445703,-1.4205790617389773
-0.6254099135371619,-0.49668875673696483,-0.1838989482445938,-0.5869935120696606,-1.7561877131860744,-0.13750439302137415,1.4323304448551921,-0.6534728833839945,-1.2435917951906585,1.4246013011166094
1.9209352552859178,,,0.2207386447945961,,-1.1170052758465192,-0.02986790458701936,-1.0899869462816436,,1.513030805477105
0.33332969386795436,-0.8499456431638506,0.9956941449364741,-0.6110620912184311,0.47345357802266524,-0.7764397057172151,-1.3285285562921392,-0.7597550978398632,-2.7025918318839763,-1.0838047275151719
2.141322624055904,-2.8191263513598255,,,-0.9594710800891656,,,-1.648198175870823,1.0437562283077262,
-0.6349395394599717,0.9440112214139222,-1.330779056595405,0.0383955168467349,-1.0148972952598545,-1.2556156516080594,2.0025165270799157,0.1260217114563135,0.947601308099406,-0.5198665914198569
-1.0290330553524496,-3.1166624249104027,-0.3169939714165998,-1.6583265587575962,0.09446937485994138,-1.2926733817413962,0.467876964170401,2.0585301946755945,2.8260105726733005,0.32056998552983296
-0.011349410602270061,-0.7010125298603975,-0.7815433056479828,-0.9186174446122723,1.4825472480453248,-0.3919575470111469,2.1603096992810316,-0.9287639092914515,-0.14085751199643734,-1.2682892629606746
0.5322778607868592,-0.2028390144712316,-0.03346028826160075,-0.30987744871215966,0.5566448072454303,0.6704722733092487,0.8310567409972608,-0.9406933555155607,0.32096889229839226,-0.49739888538015203
1.328600834485891,,,,,,1.2248943399071583,-0.7694574853232367,,0.5693670751122143
-2.0302579632919513,-0.91561725033725,2.2883863912656532,-0.12137289932230716,-0.9040130653147235,-0.8721037431729777,-0.1360450531093237,0.9181275704362928,-0.3376859784852394,-0.775522475798711
-2.2655112143480305,-0.9098688250463103,-0.6982683433496704,0.3214183225759576,0.40550812450162765,1.43882993815384,-1.1903771946729123,0.13348654971527732,0.16054224148047128,-0.9999467118829597
0.912864173760666,1.7042340026181917,,,,,,,-0.3619965601060131,
-0.799210490297645,-0.6694277167505298,0.8107069902126824,-0.29436193233159064,0.08603306216638272,0.9675726144116957,-0.2988268917208286,-1.202670820843326,0.944188654049589,-0.38043607939001806
1.781659252033104,,,0.22634496906046758,1.1226512779540745,,,-0.10172391830759199,0.5716179901532275,-1.004131912486358
2.592277117186734,-0.14646236277834906,0.5617126785737231,,0.6041956609247374,,,-0.19320504022332471,,-1.1473102880909354
-0.26017450028098993,-1.2028847841779535,-0.004814614022661205,-0.40703776056402957,0.5016768658944708,-1.4955909530405966,-0.9282984785314161,-0.9202378597688893,-0.014707053393901937,-0.2450296452341459
1.0965643845569926,,0.0001042007111768223,,-0.28882032992193557,-1.3344505255174102,0.4936980067449902,0.8307935587754641,,0.044467843958388216
-0.1044942591366982,1.2042584040069202,-0.9996214674222774,-0.7598135088180639,0.2640035374022499,-0.48785537291991393,-0.43534335447519135,-0.4537973373977228,0.5225808330998779,1.1361187647010922
-0.08245979444762586,-0.27066668036207636,0.6644106854635584,0.20666736262656374,0.1588177985523558,1.1336543173303872,-1.0666970991707763,-0.2632676801739483,-0.9808711685149745,-0.5363546587636148
-1.2748968566701546,-0.3781628922619241,0.37012920158897605,-2.6311216183560515,-0.3264350603604903,-0.08981514006613373,-0.27560290270380206,-1.6756645137246928,0.9555741934036592,0.942472667893661
1.1435118214239643,,0.17245695358535204,,-1.0723939678295538,,,,1.2863556897336317,
-0.6821839830987169,-0.0966698124922824,0.9712656666994436,1.6224269794452169,1.1771661469291008,1.0788195099053957,1.3614975340403845,0.07359690768512224,0.28178836102692695,1.0601038291362226
0.5149770006122194,0.8670672974943622,-0.6077813882900691,1.3985963047437477,-0.49899321073525277,1.1122364588747515,-0.08954277457772752,-0.5334600755796992,-1.9935585944190743,-0.21783198911564544
-1.2472182474048685,-0.9227711761792179,0.5092188376565765,-1.5180972582547145,1.2304495816764789,2.5204058662279376,-0.48313983321321985,1.2045192621577308,-1.3970105395420684,0.4000890135220236
0.35503972064189987,3.0751333866752164,-0.3721898313353304,0.46221690277688887,-0.18452337955620765,-0.3714772371494709,-0.13815784091055025,-0.1886698055762942,-0.6332841386262074,0.2678671594897608
-0.8957224378468401,-0.3994110654773254,1.9215058778983487,-0.11589338475655474,0.8866316057445888,-0.07616234351859875,0.7683670164043963,-0.17476587555227807,-2.5855942143797432,-0.030924685246380756
-1.0015244290825627,-0.3001084691375859,0.6882877763729404,1.8163980995221292,-1.4083831311204171,-0.23895045318996727,0.01701673527443431,0.04889029775772415,0.05549390775060554,0.5633082125234825
-0.43773326526836054,-0.19851337793101087,0.39423827551518575,-0.6988133578506132,-0.5911060891833266,-0.06637809835728031,-0.5910747545873051,-0.9778245067787409,-1.0948477919499007,-0.04359312062093374
1.370292213238075,0.39244285835600073,,1.5483311709459597,,1.5871030420427579,-0.07415433559256165,0.2661256139115584,,-0.2986698035058866
1.3822572229716719,,0.9428856583742741,0.047260131438405385,,,,,-0.7585065026371041,0.5790331546861291
-2.2094013944885735,0.37617368541050555,-1.4377205718735444,0.17492325033974152,1.3385891655116264,-0.8840717711749414,0.524007869891028,1.124197049811954,-0.5758002658733242,-0.6470803912156277
0.375041832166579,1.2499747541244872,2.282407341763897,-0.7404423079251753,0.6476223033371679,-0.48031264505587634,-1.128990629664611,-0.23384743130186333,-0.2307366798948353,0.0864231688924884
0.4187156940148013,0.23257352669175155,1.2150573579905937,1.878235203775961,0.015456446809340175,-0.492231032216978,-0.19941685269624163,-0.2304496469631595,-0.5914180238026987,-1.498760553146587
-1.3476747746730502,0.6837548846795409,0.7498605105028148,0.3253537682411593,-0.24203851554756978,-0.5051087311453952,-1.3723967434383195,-0.6514576487599877,-0.7320108777577633,-1.414326726365638
0.21769283682182355,-0.7388763859298211,0.04048432362553896,-1.4792546358364673,0.5875754135345641,0.42927271078872997,-0.5133951786427212,1.3733914112040404,-0.08090724203089089,0.1357438334421156
-1.5619808401908073,-0.782690053619854,-0.6508892850445412,0.7820140507100904,0.9636767063927038,-0.5701893147685235,0.17033125043345237,0.8567633877597884,-0.3399672686424244,-1.462166329156271
0.7108871809765501,0.42487078389666616,0.2910732447740337,0.959612640951332,1.041873196726423,0.6211541566725163,-1.1709633280802265,-1.5127677802726192,0.3505158754382299,0.06531203835032408
0.1403402723174103,1.6909078760532124,0.9175900743912415,-0.18422702373535746,-0.7361589632812156,0.6449154336063068,0.46243788521548784,-0.2151809045674504,-2.7358636447265523,-0.9584590333476739
0.8473388251208273,-1.2922411398387257,0.5790916636109009,0.4436773629664038,-0.9910430988524872,0.8998962612651343,-0.07951001740425839,-0.14844958191147298,-1.149581430599069,1.2976035636241119
-1.1921452587342962,-1.2035207049447199,0.14151523453178574,-0.9803446386953942,2.067985739198987,-0.9880291435376228,0.793176398732921,1.6429465102086522,0.715672317771475,-0.7552403106610761
0.3433754345166356,1.3552887824860584,-1.4991331193854722,1.0975871925433134,0.49109655052203144,1.8900067113036898,0.42836797178184033,0.1521869128090011,0.6837866273913504,-1.2399469031200914
-0.8156494453547749,0.06935246846785943,-0.5236884100506282,-0.6115270789602436,2.037910031192692,1.7939693254323013,-2.5414756806724026,0.04008754432546487,-1.1917592950168456,1.1506217157778933
0.22256021803528372,1.465124566967182,-0.861386439572004,-0.9500721028644712,-0.21899119708607973,-0.5972033485518481,-0.09239772933883626,1.1869636763212439,0.4673505364060529,-0.29648617112317976
0.053919927813064046,-1.5825351758308381,-1.9529168351617165,1.211089861049235,-0.7613511251529866,1.4338745823020225,-0.3064849868266118,0.13429768939265924,0.8305774367711571,0.9475823857010046
-0.5142727776910748,0.07108866948442834,-0.01819179653330919,0.37836262416606115,0.19316649172292188,-0.7301259348183001,0.14947228507670554,-1.4633220849195925,0.0030595177370515048,0.11840371939174764
-0.9805295848219141,-0.2819555197122268,-0.5134479033026675,-0.4944976253804399,0.7576403873534518,0.4623500105459897,0.9613080779100409,2.07827928566684,1.0973682686510373,-1.5361629823312055
-0.6555395332968368,1.3420822432426605,-0.3948962567525407,-0.4613569692700051,0.33412954629890673,-0.2846684394813959,1.709383062557031,-0.16135404485090826,2.411812499082817,-0.5600318618721228
-0.6571430381998592,-0.835256945978796,-0.7869830344326089,0.7234568575795569,-1.343929342293746,-1.004349768502082,0.5196258252246196,-2.1699371035506174,-1.472579257406198,-0.05197514539859771
0.4080705179954919,-0.3362207429527906,0.4356260797966019,-0.8606117089223677,1.5138942123349397,0.9109827617799099,-0.8142649581647317,-0.1884471633773825,-1.9643666985881096,0.929644402091251
-1.279368977009103,-0.5386298617887243,-0.2930071995209398,-1.3764421299000207,-0.8329560192176165,0.37241785204352207,-0.49801443663134237,0.8717500104515903,0.7416665716607722,-0.8488584608399681
-0.4536458393224902,-0.45314816162214117,-0.4039424277734968,1.474787784454548,0.19164287128926552,-1.6592628635808904,-0.654829751171357,-0.46214702659379303,0.4235168823152467,1.8021667637303846
0.7873053577752861,-0.10207710779263464,-0.8507488569179853,1.4210045520276815,-0.2967529227393404,-1.4205015254813365,0.3576573179212073,-1.2357252975591937,0.6596897478219516,-0.39395095773819094
-0.30571970440723983,-2.74555724644954,1.0775303653104342,-1.1791109761053002,-0.7223221842133704,0.1908939352261091,-0.14587412964284396,2.296249736242468,-1.7249172114340796,-0.3830777958306537
0.7861806083572576,-0.4430344426535907,-0.0033281157445989706,2.584751893872803,0.06584380590767193,1.4006745825156468,0.6496661925419334,0.7374879271046136,-0.19841456239462213,-1.6289604898592134
1.0876564775841746,,0.535655944229688,,-0.648137602421915,,0.32671815692794176,,,
-2.626383157709395,-0.7480519151216369,2.596095338416671,-2.360002123713234,-1.1541853871533037,-2.4331161789090214,-1.5829315288458499,-1.8383610915666695,-1.1844746266476163,1.7159720634950797
0.9059533106769259,,1.673832222243815,,-0.9553688948869032,-0.4330203230842171,-1.583541429178492,,,
-1.2872587857782836,0.46732234900766456,0.5072971884920002,-0.6043893380995211,-0.9529035125199491,0.791615022777424,0.44777557490060604,1.7400023006915022,0.4360115084867832,-1.772765354553923
-1.5322705909418433,-0.21769947815386187,0.8089691378164708,0.32089614325833554,-0.6168044353951512,-1.6826812137205045,1.4688518764364022,1.4210450704767899,-1.4072685279403652,0.6644660541124092
0.25524699793326233,0.684190631955021,1.5179478238429918,1.425244433320267,0.506357009897442,-0.24376718229155372,-0.29943145254954695,-0.21876232043160748,2.7299347616727,0.04520885631575357
0.7797544283331085,0.41603721027961693,-0.9893341567219982,0.47776049236467694,-0.6622847275511126,-0.9465133434236682,0.5942236363916412,-1.2646117815966353,0.8775326852184847,0.5702006848682911
1.2649205746907146,,-0.9555986108702067,,,,0.7330962100771067,,0.8559738757822563,
-0.6216260847119885,-0.8316703662486342,-1.568610224949195,0.1773635401618563,-0.03108247510297767,1.328226440278166,1.2053108763102052,0.17689167192857946,0.7881145369367151,-0.1042187444257138
-0.11045933514780418,0.12559498739848454,-0.15073109165571846,0.21206345968717974,0.6634402488072303,-1.2196705292551704,-0.4081078830863488,0.775875207423302,-0.5542660790477093,-0.5332110416814878
1.0154540475660188,,,0.14981316993611057,,,,,1.6558680219418667,
-0.5989844598021578,-0.4616664330244112,-0.27061111154730505,-0.40811033229368215,0.5646451142665413,0.1016214457678882,-0.5902146003954418,0.7225437911842156,0.2816828937500682,1.3269326039144844
0.3163823073296403,-0.1281329248129223,-0.20351418812395858,0.14515200712047743,0.3670036811654005,-0.0020522261696319048,-0.4407330561794593,0.6266526947955934,0.433064665384031,0.018643609460305435
0.6684195737512909,-0.07636447385798399,0.012162585978419134,0.6315352844003325,0.800904166903642,0.6533365858283944,-0.7645708549878288,0.37585604491767993,0.0435094052493149,0.39184197995354425
1.8235711560975467,,,,,-0.6773934165095541,-1.0729975312782598,-1.9556497918275408,,
-0.05881546495530975,-0.5392589754375584,1.0324973226246774,0.22675217781172774,0.7420438231007214,0.9830413271714148,1.3869704174373239,0.9730045546000275,-0.8838074077652446,0.8592171825774932
0.32035343584580395,1.3465057127884004,0.025790923753714255,1.1445145010167754,0.09988387886879618,0.13974997210484202,0.6660260257116909,-0.3145746561521782,0.5526659165197231,-1.5185185003336785
0.4835514630685214,-1.2718051016081389,0.5543341803140464,-3.120675157339498,-1.814622293128648,0.05286531764496167,0.07041004831842966,-0.25268154840868445,0.7224130686610967,0.9325228624424511
2.5309068891163182,0.04396248095863215,,-0.8286073403271871,,-0.8208954676442621,-0.11011424640369617,,1.04189144493077,0.34565047120201103
1.33674429086197,,,-0.10423583204754688,,,,-0.7655509993021785,,
0.289998698045657,0.988376028369144,0.3847347040330321,-0.5914239024686062,0.7569978330774594,-1.370822138175055,0.9771580028029413,-0.7657527111711517,-2.2957682767662275,0.5445260755163217
-0.30902402813013163,1.1747064052109366,0.962766008985808,-0.9861939607528124,1.5230454342613342,-1.884360373331598,0.464868180370819,1.4245937233807806,-1.0156393194613393,2.1119631473570983
0.16211084019682556,0.37273077897920287,1.1745031185205126,0.41811889385337564,-1.3248802388134358,-3.2165240268376976,-0.9759703974847231,-0.8873243578874499,-0.9483996101506151,-0.6325652625815708
-2.8476551571966384,-1.1917318597121358,0.5463042584756846,1.0421316336573265,-0.7286763146292294,0.6907076711414493,-2.5894080159534516,0.2701182797864351,1.1846960044327497,0.5156619230250259
-0.026515626258901286,-2.550395822984715,1.8904441506094427,1.9409559326739567,0.7008996454431886,1.3318772386620183,0.002073885120415451,0.7613329887863783,0.8392074569931784,-0.06342365320556087
-0.8267996251220441,0.8750480098001447,1.8786982976948294,1.241940584745749,0.34085633039057,0.2638181269209584,0.3212996317507446,-2.2849918357154504,-0.10641656464262642,-0.2159247727346145
-1.207329320259564,1.0543006362839862,0.28186333487955273,-2.617015274094214,0.23485118607843994,1.2764276017924427,-0.5957891243905862,-1.0247666992684465,-1.2891048568021102,0.09980587375750506
-0.726108096516126,-1.4705396715984862,1.6201052583138527,0.20385237708009904,-0.5241392093614362,1.6737494449571153,0.2743061309632427,-0.13478902283570704,0.2180007943103235,-0.5286301571102267
-0.13960400357388822,0.5840832647899732,1.6813190731985868,-0.5491317533327104,0.6279149167368371,-1.474903634898079,0.5058670675645947,1.803698633748296,0.02355704636922496,-0.5774189903067309
-0.5315623443187233,0.4839621025193324,0.06016358586854081,-0.4045733987798718,0.653448860034321,-0.877806405448544,0.8650506708536643,-0.31500869278251925,0.6588987646075611,0.8397499633551149
-1.9424695271128063,-0.0708346525625048,-1.5290063599166126,-1.7309647587002577,-0.23457108051270056,0.3071267494358231,-1.5448453586446211,0.2713276885605914,-0.8743521871574272,0.06790315680996457
2.529468832759956,,-1.1383828508253673,-0.01791183045708833,,-0.3455680731994246,0.03427095621386532,-0.1848345494357889,-1.2376579997003259,
1.3135119617453814,,,-2.0455581183964973,,1.9234413116302735,0.7999966473618041,,,
0.41976355844273744,1.0284399767512793,-0.5016353977591423,0.7511231680913592,-0.8085464836861264,-0.43714033652579626,-1.1115254665135,0.16027727166408642,0.08347686951883725,0.39652826722288614
0.3085588479405704,0.723155853972493,2.0848879314898388,0.7329528013598694,-1.9732240340098235,-0.2479311258649965,-0.03524012749305863,-1.584622442520806,0.8300595598323361,1.78858493222282
-0.8666048671745504,1.263158270522124,1.0732823420574324,0.2742391015694628,0.8306355419986756,-0.7645035080231848,1.1508753804526752,1.2660290805271905,0.47709179828777837,0.3054741751710943
-0.7933319598448896,0.9463484522429895,0.014299511219960094,-0.13646078702118805,0.9441654856698737,-0.28870097261424477,-0.7054787715436889,1.0877570003552475,-1.5093106240696657,0.7278911295899164
-1.2311044581906756,-1.8104186823465014,0.6570845551695464,0.3244299295378675,-0.6320873355790151,-1.1557158625566168,0.33840510119834183,-0.46810099294345414,0.7909997243341403,-0.5759493457543977
-0.4251958547179541,1.108895351505235,-1.0276804115770086,-1.4556056409611644,-0.9348149795987729,0.24186634556032485,1.9113081110850638,0.15222383186390956,-0.8718076942422329,-0.8289470642084419
0.4104328715144384,-1.7332031977464093,-1.8816395353210786,0.19628277086831705,0.8847128151948815,0.9098808748050817,0.3462557021257754,1.196965297371529,-0.18883851881447708,-0.37865715808456474
-0.05149339031751251,0.29534584944149145,3.890842249501571,-0.19685567421327888,0.17915741640179364,1.7373750082783237,0.5543609929927313,-1.6796646199071326,1.7190489176037278,0.3241250076502063
-2.837957587348739,-0.4069588123491956,-0.7203937931567651,-0.4745609852049357,-0.03521052459869409,0.7225993571155986,1.267192750257869,1.3036466564635474,1.602790233668246,-0.20009543220900614
-2.089455424363609,-2.5028812133333362,0.7740884617268395,-0.06003278648028849,1.4973159757741965,0.46365590545568336,-1.7542987728269628,-0.6043947131036442,0.42804984877105484,-1.1134651817735952
1.5051457799662933,,-0.3218605893126419,,,,0.29057396043695266,-0.7728209957051428,,
0.4336853530819254,0.5761495706824692,1.0110917904395749,0.6932158913003568,0.5454412391404504,-0.6578811856320315,-0.22566835188187712,-1.2275297932938627,-0.49980835726231015,0.4269098007353249
0.4011041257037019,0.6626557972420714,1.471245058490072,-1.3133201081449322,-1.866925419240175,-0.2629768064023329,1.4746658706070126,1.4419378930983344,0.19858465398839806,-0.2851926681680386
0.2615571653634055,1.1203561513133926,-0.779260333236239,-0.5709666478062142,0.09557417838348936,1.119390045426106,0.8353154861832259,-1.9701689959292534,0.8376815241055473,-0.01438974560326697
0.6365445902765346,-0.21560531551865209,0.499337421971104,0.046557399193187014,-0.5442493210285587,-0.7585865397530456,-0.1914672746912769,-1.2945150644960302,-0.4426967223408047,-0.3215984029098508
1.0364861507738192,0.6633499980599072,2.0128193265181884,-1.677715634027302,-0.2566371702309694,1.232848263930642,,-0.2180330808959376,-0.9324582385795158,
0.18647463461481764,-0.33804605691558565,1.0084918049701406,2.2384034404030686,-0.8884484757470725,0.5832178433077149,0.1385465058393488,0.6495102090666686,1.3205276852888934,1.4221618999645431
-0.49843000156152084,-1.6585299902744572,-0.09361674030892815,-0.08757152304071567,-2.752660060841271,1.0131224123053344,-0.5250513199273599,-0.05164259550150791,-0.5708031190733298,-0.20751359755357066
1.2762640589451204,,2.121515612148744,0.6290819674956024,,,,1.032456177926565,1.1872001054447892,0.2664225081798469
0.5568064008693266,-0.1400140681410908,0.2199934379954821,0.08722218303741777,0.039496299377873634,1.0018216610406996,-0.0500706657441315,-0.6290744745305749,-0.26939279902513347,-0.2862841676967092
0.44096718785076156,-0.5581105678393425,1.1254109593498474,-0.26933134877817194,1.5691582571105,0.026019678754185392,0.5283217054214392,0.9937094509529804,1.2235966696400773,0.6270884546239066
2.621665510166823,,-1.5090714112255346,,,,-1.0182052990244193,-0.3379968379896119,-0.8096781437586444,
-0.09347244726452532,0.4666655457124929,-0.7288693202648485,-0.6344024624231787,0.7107488118305263,-0.856406657824183,-0.9014523419644012,2.1983626831944796,-0.5267802405007055,-1.8254050415922096
-1.2398552589996306,-1.9931009625563734,1.6495111273318614,-0.07229040298319202,-1.0410029503726623,0.5611275907680447,1.7122785579278623,-0.17106454128161505,1.6330025503348424,-0.3362138855884481
-1.1766067432521823,1.809941831752705,-0.7212446540297881,-0.5654340910212075,1.0390784876351231,0.03549236164303278,-0.11033841177227262,-0.25451463243934397,-0.666118495703537,0.180902357764265
0.4874081968934741,-0.22325518418458012,0.5665822166480847,0.41223893974644593,0.3873518039955725,-0.2841103643003311,-0.37145165349301507,0.3705411166260755,-1.199605423509238,2.8996393196152095
-2.5150422896480014,-0.5608762022984176,0.5141400375224067,0.7299278638529494,-0.8446653494084417,-0.6502594840267331,0.04990099409355306,-1.3581159729752141,-1.2022754719189606,0.8766365707379895
0.8171077035478717,0.011683280009675714,0.7698122509398823,0.09324756490675656,-0.7740268713984307,-1.158461883396106,0.6245465368520522,-0.674547528233519,0.8089757841034235,-0.30551904849386796
1.299249768374867,-0.956539647222659,,,-0.34813939704991903,0.14763979171644745,,-0.5153646922997223,-0.26849531270456745,-2.189619288740947
1.4899591157997838,-0.6415681820097752,,,-0.8871725511822561,,1.8063422479153128,0.44147711279885354,0.5490507050828576,-0.49869334359804146
-0.02183766648632016,-0.2072819485609616,0.2973434944861839,1.2303438787291487,-0.36113632723680217,0.015380683297472286,-0.40442211401885086,-0.2702136026797654,1.1232950435741331,0.437391380391172
0.308060424680881,-0.1363392288002878,-0.8733299067334078,0.6864543240992922,0.8295195608619242,0.872140567752631,-0.024068822175265042,-0.786437732112477,0.6322647827721852,1.071792188112106
0.8311316331034055,-0.7882816424078456,0.36880745451901875,-1.9533509775883608,1.3321593584315776,0.16350232019718014,0.19229393087928837,1.541880838637576,-0.5931669000436119,0.11575862797239979
-0.8624823702618475,-1.497215839815326,0.2788328871129408,0.23301866170157912,-2.123636957833225,0.7292510508155775,-0.04212649501215665,0.7522844220880874,0.2351025028085399,1.0457299277157326
1.1603630565208076,,,,-1.1817689836001941,,-1.010185942965421,,,-2.0323477853328202
-1.0088523847585962,-0.3825773271099458,0.45965129603133237,1.292776147400815,0.9523801804383563,0.17812751478468838,-0.826926637137208,-2.004418569902834,-0.4870309458901504,-0.2864272037764849
0.10004299973362167,0.8948177814461855,0.671331277591914,0.09345555359531504,-0.39850268058047605,-1.522940268259197,-0.8005180854227354,-0.9648041995028792,2.5926276452495856,1.994853895764575
-1.2588198726273894,0.39277445876929246,-1.350977047643619,0.22364317674577253,-0.49059880382555676,-0.14190568095368247,1.0514794614429512,0.37243526934874904,0.8699282021209296,0.5025812873704147
-0.732365200562318,-1.3111201672711301,-0.2994985799124487,-0.30136240874449644,-0.5227310858535323,-0.7045130301934863,0.0665700907692017,1.3212576401492315,-2.099972077060281,-1.24282410694039
0.2613613758177693,-1.8574108401366782,-1.4433517442067403,2.1155931983011502,0.562346131515166,2.669399014387507,-1.707986033311503,2.084892078197047,-1.3114922031169567,0.8952945481987945
-2.1766855131880436,0.2905123455872255,0.36094325487291656,-0.4484065107409694,-1.392431257815816,-0.280629738070809,0.2399258899343717,-1.1512381813525299,-0.2066994731788257,-0.0635046684859184
0.4518453267226929,-1.5924454012132705,-0.5949380586291165,0.17609190188941215,-0.39753547486612606,-1.098392601575337,0.9358109519061154,0.9687674107586579,0.7533235469750091,-0.3660859313295744
-0.20588662313187922,1.2484838018497182,0.8016542831561445,1.2640432099841388,0.08383085729756665,0.6093947281977699,0.664123939731742,1.4427595552308727,-2.279426114396436,0.12281573759970574
0.953301643521171,,,,,,,,,
1.2436292460250027,,,0.24507084481193922,,,1.0298293635956655,,,
0.2132882277416377,1.198552469248363,0.756524551823981,-0.4306374044179711,0.5089958016488897,-1.5830003791726628,-0.6174989771377355,-1.7490988768061122,-0.8567414421850533,-0.763883696928526
-2.083015948668916,1.172386735099727,-0.5087494705952215,-0.3230138693468437,-0.8609909054528458,0.5655371886391402,1.38077697167835,0.5226897782864548,0.3480107249577153,-1.9744462009972519
-0.10137420744579921,0.6472414904739674,1.1991828629428845,0.6065295889188436,2.087862593889266,-0.7283980786421513,-0.7283672496168536,0.3833490891874098,1.277706730465344,1.4388521302111854
-2.0353657654048978,0.1104350200787393,0.9524947916159495,0.9246244285844677,0.5648589244996876,-0.08522465063869783,-3.035282984740514,2.0562580783685855,0.6120718987347328,-0.8817677086188391
-0.3238684810281466,0.2606310796135714,0.4751906870269112,-1.3897804700317027,-0.9909328011540963,0.5002656148480783,-0.5770464841249507,-1.778613341529643,-0.7914201737384294,-0.012307416664488372
-1.6389920184511793,1.6349372545914684,1.1881411623203655,0.9164600676163133,0.09084365504490657,-1.235730629725183,-0.8392322931447896,1.3231109745657603,-0.7936329134536163,-0.03260377809889901
-0.2895684515721704,-0.15663790230743885,-0.1258659708919763,-0.23869432342606467,-0.4514859463748052,-0.3192539846012206,-0.20870162299549047,-0.9444045946569349,-1.4007755816024576,-0.37030150097384323
-0.8753069953284218,-0.06600115409518903,-1.0669236435387177,-1.8924329414656673,1.4546115793965302,-0.6325692994543957,-2.2237602259606932,0.7432856431841165,-0.49201454412001616,-0.06806649046510534
0.11718575844595473,0.9201745385336083,0.21420166935430895,-1.4919287226095637,-1.2875674021625276,-1.5279046663738094,-0.5886732562820001,0.29821528328256347,-0.9034834469862715,-0.7692640691760617
-0.8107800974452866,-0.6750738711678451,0.5902407827565341,-0.3747329855225073,1.0238051238629604,-0.6133293009429147,-0.04986432381518114,-0.27149588936260377,0.21184996971901135,0.4603751896264122
-0.04498994202948539,2.624614928906243,1.4597154882880528,-0.604437406471109,1.288099116904428,1.1797122181296684,-1.3446111063897217,-2.1444374571439275,0.18708125537564457,-0.16044282595358278
-2.506139331279412,0.10135329165581561,0.020433490841829795,-0.6348759050026564,1.5520680253993027,-0.24972282688880468,-0.420617986813813,-0.025578523096792233,-1.3887170415241639,-0.9418980618373921
-2.8439007059584847,0.360329469369178,0.8901941283597833,0.2561895367816427,0.17841645263694936,-0.11691527575377922,1.4734823394707073,-0.18500179510307804,0.8565426481784774,0.7544923383877997
-1.418157588724097,0.6135462987840896,-1.1579189127282041,-0.6045678143170841,-0.22360412367971474,1.2096081957861662,-0.7587504697087174,0.28863303346049396,-1.6030238073969527,-0.2293623634894777
-0.520292133666402,1.2194477778735024,-0.7914421563020945,-1.6048542638276306,-0.47282824707513205,-0.6565211263635012,0.20412465415659642,1.2821403787509835,-0.37354501998815115,0.32887941732666875
-0.13539676609084947,0.4649528423965896,-1.0123711123549706,-0.0576867470134043,0.9101528843020329,-0.7960421265241615,-0.20805434016980415,-0.10355014303516284,-1.5183116353777846,0.6861194567220091
-0.6051434572547935,-0.08190166151826034,0.57880154432334,0.6800836586997657,-1.2238886674080391,0.3792258286812147,0.9493707440453696,-0.6912870729101444,0.7597817390202729,0.3788469521147374
0.4597405322023926,0.8312622862270517,-0.9153705055381723,-0.9748717396177409,1.1330846480839334,-0.3353553820985186,-1.4743079439690898,-0.18035502163350764,-0.12394206233075994,0.22976615490204486
-0.3995493944941609,1.7234003595548955,-0.9097490682983774,-1.9550840999575971,-1.4812703006940484,-0.7508705506289758,0.4610589874486972,-0.22046378410650208,0.33102358423939787,-0.6870848726538495
0.3945525518408202,-1.6013879952430128,0.14106483034217243,0.578488475247321,-0.9424085169013239,1.6607304728713221,-1.8961409451362743,0.6802452096902321,0.814184661655248,-0.8867112286478883
0.2950237311245034,-0.8808001041037082,0.27106388355826067,-0.24487092788651343,-0.02175028531809926,-0.6077307213702563,-0.602391432436408,-0.7965148757622474,0.6194990427566033,1.645055633754617
2.2542174459208892,,-0.027458639990722893,,,-0.36396987666525615,,,,
0.5608596743479366,-0.9521818535027193,0.06055656248045176,-0.07051431774910079,-2.6096025713628834,-1.4216065080775087,1.0797059625553747,-0.7278984453553887,0.5819190812728867,1.2628755906023785
-2.0735309597351455,1.6090329193825794,-0.17319281623515018,0.38582239468823587,1.936989517662887,0.9633016115312804,-0.1784714474667886,-0.5342955945059963,-0.4496682445596279,-0.5659208725634283
1.2621880731828177,0.5397852050998064,0.20946197694084825,-0.21925091229120958,,-1.88461644323259,1.8626106451580504,,-0.9522122288884618,
1.1232020263774658,-0.07418308067237984,,1.0029304847172367,0.3798387778641183,,0.12640667969819228,,-0.24877240394744837,
0.7515739400257642,-1.2449200418076483,1.1940028303877785,-0.05037723998789605,-0.842106515829168,-0.29015799910891965,0.19904923238127256,1.4422878842628208,0.7101900883882221,1.1812080463576369
-0.06317364689520746,-0.21220839327401278,1.8569003514297955,-0.1377524849721024,-0.5477310234969411,-0.6498323629429319,0.29486550108323395,-1.084081303880119,0.1831064008411681,0.16391373289172706
0.5911589397994443,-1.7497604511056,-1.9984587325502503,-0.43779353023961176,-0.13944214747191813,-1.117140040509411,-1.36840305204463,0.4323913823750335,-0.31189182950047994,0.8086432527281319
-1.3759291198182961,-0.10819452556175714,1.672475363178702,-0.29735568856412775,-0.5834263409732586,0.9120823539107114,1.2185914212121023,-0.6351971783285338,-0.5617645416020982,0.8653362421078292
0.30002957523655777,0.322571463572281,0.2366748528061887,-0.05062798608850641,1.0025929151275819,1.3885527885880389,-1.029777825117275,0.887122389969797,-0.043911703556023744,-1.285947324882321
-0.9243093616072144,-0.4094728448457354,1.0581485606671912,-1.0342013233319418,-1.8006818946003607,-0.2648055988057874,-0.4774138247450621,1.0706337808323303,0.25691753887949054,0.7124643005292007
-0.39339757690932897,-1.217697758880139,1.312166471251765,-0.5898290234151902,0.6474033559054474,-0.36803435430951154,0.6575953975443047,0.30203425322715,0.12814504378234398,0.41327663470512105
-0.24107090790174715,-1.7048546733536376,0.28889975669580037,1.1454555071691936,-0.04434347398360131,-0.31356290602628417,0.2611148054986634,0.9792369731508705,-0.2810544207814892,-1.4945749985608103
0.15794614332174164,0.36458341529131105,0.17411367706700134,-0.49460593530872515,0.3344525906788025,-0.23082648357806135,-0.4371373491205947,-0.2857554195236916,0.17303497372891347,0.2808087138292644
-0.513682407020658,0.1990471852490857,0.3818416415470805,0.5574132071473965,0.481870488955283,1.302684750931189,0.6861855369834304,2.004172695605997,1.0315294346210089,0.9997159242994647
-1.2263056511533985,0.7563103439234709,0.8510611624798018,-0.044211615384823606,-2.047735250066908,-2.329224797972739,-0.2795488561332455,-0.5379614241306991,-1.4914067768249584,0.38713372735404494
-1.1334834078272649,-1.6657926953030173,2.063335583494045,0.5046658228046129,-0.4258744591944389,-1.4125585654698782,-0.8856468453343415,-0.6225255192991044,-0.5436350377743993,-0.32265712303911365
-1.181005485882664,-0.8734821561186045,-1.7110671781435356,-1.9799200677942972,-1.5355581585597828,-0.6097820438850124,-0.30796727510536703,0.4653167422240718,0.41523429672216833,0.6237759052353518
-0.3049657809989144,0.6553728815223495,-2.143310784714677,0.6037594048941997,-0.039803277533491575,0.961696846639441,-2.679974562238536,0.9120889101658418,-1.6262467095893052,1.1191799925193737
-0.8430734146971942,0.41543968520865404,-0.08618455385072146,1.0148460980111467,0.1511972837320511,1.5703311575324999,-0.7200461732070006,-1.034916827710848,-0.6535640802843249,0.6333299925829005
0.6747734742601564,-1.2871037745904197,-0.848048051528175,0.28840931803585207,1.2453860742504546,-0.7023153906741955,-1.4265340199770151,1.003163995775532,-1.7482176468398958,0.5399451740485018
-2.1685760522819155,-0.12038119662071743,-0.35322551247016937,-0.7824598847463707,1.4395165701827046,-0.08333368354620206,-0.1682298143271571,-0.2568164209787401,-0.7680004614102717,1.8276526572614529
-0.37687127008542337,1.8547705548830749,-0.8255674015047205,0.018213316306972774,-0.4781958042638346,-0.8034927357315472,-0.18899535064636852,1.6647345428949623,1.2876142678694675,0.024507431269751103
-1.366705547300893,0.32196940269119606,-0.5289811156876442,-0.9650913991147834,0.6386686685237585,-1.280699702774151,0.10386603927704134,0.4465425723037197,0.6589415308236923,-1.2826254571638995
1.671900151842654,,,,,,,0.3141970210881201,-0.3831164591065558,1.4180699750231536
-0.40881050014385906,0.16338313150132902,1.1067890954354953,-0.5793553721742613,-1.3971297221881636,-0.44472811622253255,0.8823715049030973,0.03834829712066103,0.6461277901525143,-1.342639560245025
-1.6437933336154917,0.5505693589855302,0.32060715364304737,-0.9443119715598012,-1.174979238193095,-0.1936274638202838,-0.07373569246315947,-1.2479919839230176,-0.09791851823460528,-1.4787799504630956
-0.6649604735599408,-1.342374746432888,-0.1365882400911775,-0.6674208117762969,1.3224107979035935,0.27768078680951513,-1.339588498311937,0.8839171738009984,-0.22494695515583016,0.7286708335836751
-1.3209964655100879,0.5734713901299996,2.0223885004554356,0.5565748275618828,-0.6202427438575944,1.122669749211676,-0.7109679674458173,0.4561450729357141,2.2198388908137177,-0.6050353331219378
0.48583328578470986,1.979517829046168,0.9583634957474668,0.687854308285528,-1.9900074073903908,-0.9883233275918838,0.8414817699960918,-0.3352270403660013,-0.5198237145757669,1.1511510237193037
0.6361248607713734,-0.8474009395607137,0.7360888772804584,-0.9875755502999637,-1.6168010326702995,0.2885564189747418,-1.2694988467586366,-1.286656756700847,-1.053082320450969,0.12967342184390157
0.7494457428697445,-0.3308608822130098,-1.2431795112543882,-1.1660848845096798,-1.5939845875462384,0.6758124282660128,-0.9443674422004574,0.18376489825043738,-1.8495903810542276,1.2266955951057685
-0.05714716779710352,-1.6139556797046182,-0.6502925750103606,0.136798901597404,-0.9313583352152818,0.3171282331063406,1.2318782273723432,0.8674825690497615,-0.07181962960761722,1.3810615577069152
0.1473127845713922,-0.17482057354372246,-0.1484188709759495,0.039042278131922126,0.3858050310339497,-0.94389615708688,1.0836373683439326,1.2476925769487026,2.42158565340129,-1.7656770976995517
-0.014878876489950793,-0.8503087590361277,0.6001947561211852,1.1753150923721394,-0.006337375292092187,-0.3510338474762619,-0.5244465958196571,-0.23246046983966642,0.3376715777614465,0.3312436950475671
1.4593641156585275,-0.19541427769364206,,,-1.2927437741177479,,0.39293974323697706,-0.5401794083588293,-0.9317243466441468,
0.20805802122006825,0.1480328885095463,-1.4547785795892314,-1.2779556024616956,0.13042806578977542,0.5792449823023607,-0.7938063063027208,-1.425164583919289,0.02909569911100905,-2.2078852594922505
-0.39041504150758993,0.5936240492261627,-0.24660870391211823,-1.5678699043379205,1.5060050502578854,0.005669180208593471,0.20826602768117738,0.8780479787075408,-0.1815926987948846,-0.2754869181762546
1.2269863489040365,-0.8183309479476936,0.9146821413573526,,-0.7285323978163405,0.2912610790959938,1.4283324586776034,0.14741451591821006,,
-0.7942898063483428,0.6330480241481845,0.28748597003193677,-1.5011994661234915,0.3602518151023268,-1.2348194837549622,1.3521076488570103,-1.572637945698076,-0.15943390926076623,-0.9461499625202234
1.4108443535437794,-1.548707456028348,2.330513673678952,,,,,,,-0.49715268314198835
-0.6930309761598282,0.8103363220131813,0.08601083495111382,0.46274669305893196,-0.41868118017180117,0.6443316433113551,-0.6938723192788706,-0.9210611630574673,-0.5093153863891682,1.4245916387896373
-0.575944168794962,-0.5308302399659228,0.21846233272702087,-0.13062099885425585,-1.0874200571656196,-1.1813262653588517,0.7489853389306521,-1.1884518269610147,0.8843244671314553,-0.46706910821281816
-2.323128657318191,0.6469938269624895,0.8015438890261701,0.582122571061404,-0.4661888336242572,-0.3554910889431044,-0.45498702647898165,-0.7209753302348108,0.2806174468691095,-0.20526008145346628
-0.46445934198604377,-0.7119398686817162,0.14767695552232815,1.2676793640952233,0.11899256211275205,-1.355055575267162,-0.02448767007382112,0.481273163555751,0.7098021724293538,0.5159226990384777
0.13380291831310723,2.7109287857544566,-1.1905339423519126,1.4897798316473372,0.5535455437580772,2.2939058386079982,-1.4486742655618698,1.536815046463179,1.638056259947216,-0.1572144607506316
-0.8502848486480783,2.123013935548092,-0.8241650207398249,1.0466855880223913,1.4952076623987147,-0.16062992761533162,-0.16737149036856444,1.7653341840465306,-0.3072878185464976,-0.5575603661994113
-2.698790010874675,1.1215634694118288,-0.37345343172658596,0.7828470559543725,-0.14714920499355244,1.335457201896724,1.3751465861449894,-0.9954534058147811,-0.4639624770721109,0.5811432712531074
1.407234205880589,,,,-0.875760064133629,-0.45345863487240345,,,,-0.9100681530987553
0.721567354601281,0.21832604381475432,-0.5017056857271508,-0.9597486749704104,0.22863270640646322,-0.5849568982327877,0.3729976979677269,-1.0021793053626922,-1.1038244714476364,1.0752115902176542
0.1953238929075762,0.172077371946451,-0.506019195457299,0.7583028202868736,-0.18267666520305434,0.7781689742537371,-0.4534561686889574,-1.0623816925760188,-0.7266930555071304,0.42333961221918387
-0.9882307101275755,1.8117468761059041,-1.3608127868845246,-0.14968729340277157,1.1909545165249507,0.2855829107744558,-0.3528122216856175,1.150508622371509,-0.928633185906628,-0.28840852451700366
-1.6172983446433251,0.8838995879517424,0.5600964514442106,0.5625692714153697,0.13019399393741884,0.08128613810580637,0.1080716904354665,0.30491640483017834,0.13020886284548908,-0.9315406111741527
-2.2582083176002534,2.088026762035964,-0.6484143577222993,-0.17564183675270867,1.1134848073647927,0.33689736889404853,-1.4304094134643925,-1.1647841447721148,0.8802836144752866,0.596933870983573
-0.516326285562974,-0.0413216757860591,0.038483240666586885,0.24755366504966778,0.4208239678027106,-0.38883650556185645,0.7008864555789927,0.5939358589648986,0.8718390560825091,0.7707040152783631
0.7453135590231126,-0.45472145988753815,-0.12404273680379335,-0.8513928116714039,0.201086950898229,-0.8014299222893618,0.4699074612772904,1.1994832020875585,-0.0006920069077595209,-0.5413868120930396
0.4940320784712015,1.0322830006106862,-0.7477637233401829,0.11554680704393382,0.3136006894747803,-0.2780152420063332,0.5128870333294662,-1.6376005152700415,0.3438636486390188,1.7935458465668943
0.560412126009888,0.0382981749349034,-1.216136700881672,-0.3430761274764956,0.3089277623552166,0.09332981393224497,-1.2341432877310707,0.24928055615753314,-0.8574660501739337,-0.5745413959420724
0.8968939771724813,,-0.6461986217193798,,,-0.5395254574357409,0.8579900616502082,,,
1.2909021613319829,-0.14964886505860542,,,2.2595957081170495,,2.0708272655040805,0.8634894520567875,-1.1051656606379046,
0.19202255264665372,0.10379223786748729,-0.3983340147990841,-0.5352357231475046,1.5488135477971707,0.15390712861532604,0.47026392167187353,0.11733159316713275,0.04334583227212923,2.1545055769986363
0.5731111458096858,2.6302890377076285,0.7783578714078977,-0.6523141491246983,1.243784993711101,-0.07681945247645214,1.5247299004984358,-0.67605810992567,-1.5849423949058294,0.10212703478971603
1.4678806930071935,,,,,,,,,
-1.2998701806350366,-0.27840437820706043,0.4487713670449504,1.853999323087827,-0.5198091960986466,-0.636961352263121,-1.3249969440538498,0.8555589515263757,0.5714712260137371,0.4474617314882909
0.34466686781517863,-0.3732390904412167,1.3584398966671505,-0.7766873016129181,-0.4738292150180451,-1.0163175775939435,-0.12887897602225987,-0.7753848710378696,-0.6293800136334392,-1.1998632230968516
-0.9584480534037163,-1.6085929937897072,0.35807769983898385,-0.862234568685379,1.611200058936642,0.9469729529976285,0.06967374552180725,0.5701061681007504,0.85850833445195,-0.49494583640822093
-0.20345702966356777,1.078118537463164,1.1427796939567287,-0.7712612990955094,2.295956515814337,-1.352634067095366,-2.2855079624388677,1.722540897588327,0.728696130220934,0.18539458708301276
0.8100719370876429,-0.6790065810885964,-1.7379770973274515,-0.4496797636751418,-0.6972220276993749,-0.9884567838967071,-0.6027254290952483,-0.5886701097279828,-0.47194638645030806,0.3810829552999635
0.5578398596379731,0.29953134922589425,-2.54091682738894,-1.0173200880815108,-1.0037462888925395,1.1966960149067345,-0.8484559043306178,-1.8972682279579858,0.6889933782439619,0.09124790412565568
2.5144037394370837,-1.381132140002759,-0.21794926380435642,-1.0370992014706155,-1.0351456507520296,,-1.0983914526009606,,,
1.2682729020094665,0.5581089495400553,0.8354575060096069,,,,,,0.07316747002989492,0.041523861721055745
-1.4212181911255684,0.7620387559944032,1.4394580456370716,1.3636547391676435,-0.6932647468701688,0.8499278673815083,-0.40317157255783886,0.0704907806855378,1.102049488101853,1.3406367453147514
-0.44200393847327424,-0.5192951440924094,1.4983165011728423,-0.10092733645729476,-3.0006942199664275,0.4399624501153347,-0.8013572555533782,-0.2842681773224102,0.5931622747624884,-1.8489463774054675
0.7642472760944207,-1.5151099361873688,-0.7427771842006943,0.318172131859441,-1.23042973238722,-1.2269663262130879,0.33498482443732497,0.5293253617527774,-0.17768405885870006,0.6195478383689418
4.0283468866991266,,-2.239380210234806,,,0.36954621580095853,,,,
-0.6121930552867231,1.2767790608683542,-1.3099465703313387,0.350943906124685,0.48679617585062956,-0.07631326429803052,0.9702090750206488,0.04328565380223869,0.3325025883420971,-0.7059607027958883
-0.9982352740905455,-1.0232223664901208,-0.6130220660834621,-1.281199554420591,1.8677070615229507,-0.3080320511848619,-0.00909512177704297,-1.1477402777215382,2.0443920371237656,-0.2547762527016462
-0.5891599591521107,-0.4970611374627003,-0.2109936785813893,-0.3038109096905523,-1.3459524174759596,0.8602017876743727,-1.1138669493702784,0.8094389521738179,-1.3303815058040396,0.1732369623194509
-1.024363726960761,-0.727791797425273,0.4810451797260711,1.180963341881983,1.8225380692306439,0.3730890027548974,-0.005452782575377608,-0.9633174520826825,-1.7893701541599552,0.6203338867469272
-0.2533951988636765,0.009052750230515504,-0.3981876010858382,-0.7178960633374041,0.6766542913090037,1.704936361468984,-1.1998445376630584,-1.8740112764906554,-0.2349626346262213,-0.7177592240378567
1.1836774569205621,,,1.0778121396947689,0.1047975463056186,,0.3912877726375077,,,
-0.6318204478265675,-0.24184023640800606,0.6567151746327411,1.498876748407546,-0.7422597226387451,0.244534409301374,-0.031314078698513624,-0.27406705344632115,-1.8590094163952091,-0.7441882047978183
-1.2275416806952388,-0.13446073509654177,-0.4530411240196526,-1.1892214079005272,-0.26634265575852356,1.8656436584534943,-0.6629365803735947,-0.38770613356014877,-0.22612980861236404,-0.7283628043016328
-1.5776381268748423,1.8092836107185915,-1.8309152633900323,-1.714218268485166,0.7488874426760178,-2.0492760832375816,0.7710125601898983,0.8611796269467829,-0.8015555538087684,0.04154224929598054
-0.050490704881757664,-0.8051873398940257,-0.6152254194104996,-0.15694320243687238,-0.46700396053505816,0.5756628828657724,-0.15033952641254278,0.4513159383496563,-0.3877892028737383,0.6401259537343669
0.8838826988225256,-1.9798315746390958,0.37814281492158,,-0.4387898063344584,,,,0.6612584557606282,
-0.758343934234813,1.0986905504856275,1.0645043512223442,0.013309186549711487,-0.5584058686725784,-0.7714030021291564,1.672899756034078,-0.1842721741406016,0.14558988282620133,0.4222352396277893
-2.762398797900442,-0.9158919316098683,2.2015785977386897,-2.796857720018001,-1.4964033631112539,-0.4495435954476257,-0.9921662085972891,-0.7509026686360495,-1.1551253491625912,-0.17193237682489357
0.35715277685488006,0.40060643564810305,-0.8218900756688506,0.9725632939796744,0.14300779934313318,1.0711145267163733,0.2882458279058693,-0.2615691020167895,-0.2368731052897912,0.3522733817414001
1.2624273890564692,,0.20899504849907385,0.5651234599330849,,,0.2178215136428643,,,
2.4126898941363684,,,,,0.5323814888028946,,,-0.42043251178773483,-0.8490841218109939
-0.7349906776545136,-0.20839473691873345,0.9200856468171171,2.8808505077595252,0.14656809821993708,0.5404874937246574,-2.412209749056192,-0.4396830878117848,1.531707867458548,0.09360285407076875
-0.1049185717827675,2.900896599523806,1.1897637595701192,0.7716185485832365,-0.06364734550808296,0.2719988164127102,2.137914572139468,2.2323432058379944,-0.5373957944116047,-1.6238767647416363
0.049405171423405975,0.7636934367057636,1.806240216864218,-0.105005162526507,-0.34867864711808344,1.112015809057784,-0.9229584238674764,-0.23745766131210816,0.005493571675231274,-0.07166169478207036
1.2792157573315528,,,,,,,,,
-0.11506689634927066,-0.5639797172832555,-0.7345363577517106,-1.733006351799731,1.599382992414402,-0.20251233937460145,0.22254270764410325,0.8528978357921765,1.3868248267539942,-0.2258672485439556
-0.9121520349793003,-0.021604203187501347,-0.13168638345108016,-0.557794865298423,-1.262259646196523,0.38908475115221863,1.3252959851029407,1.751748986200694,-0.7564087505771807,1.7586820537707195
-1.100600692788456,0.149220309261501,1.0455567755279118,0.5525236810560489,1.4119688879094139,-1.0247889448708485,-0.1826004914205372,-0.2030822477206384,1.1391927560453547,-0.23143339823661732
0.23373177648653837,-0.25829897693732856,0.3619474382186637,-0.7511894099791304,-1.119498901410315,-0.49867664466061734,-0.9182058628869816,-0.20280161018139994,0.7817431608441038,-1.3375522743082677
-0.41387977517950514,2.1703448586783978,-1.7948070112099204,-1.116935588647276,0.3021873654680044,-1.6039182947173551,-0.131044315644829,1.673050338751306,-0.6258588588989628,-0.8955371329904636
-1.628291711723927,-0.8809902481585916,-0.24037156805629828,2.1346847916913045,-0.18662181111287596,-0.13924094439072673,-0.04869502180057381,-0.8727534157649212,-2.360447401803224,1.4430478481767597
0.6035659505225336,1.1103968294348732,0.23476975592932178,1.1587952694597745,-1.543491952620558,0.050700136283477,0.5160120022702525,1.3184943537584257,0.41619153734930847,0.41698250681038523
0.22608005441992843,-1.478300445762849,-0.593592230067549,-0.5046402757540571,0.8331447830280063,0.5137900578937343,1.506104849830029,0.48807056755618067,-0.21322598890989838,1.282528821762754
-1.2442767446496752,-0.290879503946021,-0.9470107315474879,-1.1208168394630365,-1.0867063733452897,-0.6614662651988662,0.19035537211817694,-0.3506372441725588,0.259728130037481,0.2211843292945486
-2.3367868959628546,0.15465518776020165,-0.7500208525436683,-1.6425847534334923,0.22646332111889572,0.06367261804570012,0.14719171821211052,0.6934584694829539,-0.6814829658796773,-0.9924727285795849
-0.04092331625476787,-0.4621935222887782,2.6985005823194785,-0.15946039636227707,-0.031682650632167526,-0.9152458432475153,-1.083393845387219,-1.7177878179156851,-0.3898417705131951,-0.2734809785946703
1.0266204036794182,,,,,,1.342064995962037,,-1.0706241543437367,-0.24558493793824415
0.11079309327194571,-1.4504876283806867,-0.3929284013800639,-1.6001665502475813,0.3162108680708951,-1.209071523343094,-0.42606105628714513,-0.2551701201422161,-1.3882255620723005,-0.05596004911010191
-1.1787733602962023,1.388570163588059,1.2373062728524056,1.0833172290379995,0.05588304844752688,0.24832151147273565,-0.2671600587868275,0.4464588833499368,1.547461826389765,-1.0691012932484512
0.35066664468165926,-1.8023214149806321,-0.5021146018088837,-0.15214528123008167,0.2281898476704044,0.5871201092591611,1.2202494807759705,-1.4902303388229938,0.780280171155563,1.7146071499397872
-0.46297914677412133,-0.5879409065332668,0.11979787104719827,-0.15105121010722158,-0.2180159267208991,1.4349322471922832,2.376873960144194,-0.32542827030118066,2.3122030793316237,-0.3555833684516715
0.7566630021163743,-1.0459956550615102,-0.8834455651551119,-0.32542171783078166,0.8313609323614504,0.20770926828374153,-1.644732468679082,-1.3334161904124773,-1.7283555111602884,0.31715463081262946
0.14699941621787982,0.1278176606462515,0.11724607017565451,-0.758969842528113,0.1683669742292899,1.4326899706754677,0.5681110384115649,-1.1707851955712032,-0.3355615413166747,-0.6290163601882102
0.8809947280332928,,,,,,-0.22226982076924867,,,
-0.2073541357178433,0.2500552791942777,0.610396030339621,-0.18630667166221254,0.8430364735871998,-1.3413119805173435,0.9797327742922494,0.5690794509020398,-0.44349737522635535,1.0481744874743109
0.311222034466773,1.2772880848796981,-0.7769107192071878,-0.6826383792853882,0.5497225374872192,0.06729917223291818,-1.4397122898970596,1.8700958177117035,1.7518332201106417,0.19144225351963134
-0.6869079879325569,-0.6642599784956238,0.38678440319125384,1.436508703566121,2.645232843846798,-0.30140348127002203,-0.3560051965081411,-0.16539430875998976,0.40858504344882196,-0.8546597605653643
-1.3627384781784344,-0.23290014436828052,0.3099026435241447,1.7142583937319247,-1.0793909242990896,1.129409762859106,-0.1022011636834043,-0.24398326557321603,-1.5518538669602788,0.3919149470832037
0.2749251669188747,2.267764167076355,-0.2580526841602088,1.5535500942188998,-0.3048025435573645,-0.3417341244490929,-1.680431852891099,1.1497779516201052,0.13776239738771145,-0.004838204046008707
-0.2902029722099712,0.23547732586734496,-0.7111529596280018,0.4497032154959477,-0.9545894169918524,-0.13392745627638586,0.4973815438892456,1.4076137804628723,0.2098530504893516,1.29664608161217
-0.012552181358076191,-0.935105051854068,2.0815942996111954,-0.11555669166252648,0.9467868779016833,-0.6207580704971309,0.5207434133464728,0.34452558633338043,-0.00018756297731055172,2.0290387616473144
0.42875310649015297,-0.3710425946562351,1.5740391131222968,-1.8113013928976955,-1.4580699990723651,0.8800459722225776,0.22674820324691836,-0.5464089572683875,0.39222999324584185,1.066379414237194
-1.0566954860951563,-0.08756125636667131,0.03849612060995433,0.30625850814294453,0.6442337229614724,-1.9680065482071782,0.536173788118931,-1.908604632008355,-0.03701512140546799,-1.0552518354076332
0.19658721456855852,0.6656174889345177,0.057183552558755915,-0.6531734390400785,-1.3159070281351277,-0.036975854215526155,-0.40709933742156723,0.3364969715543472,-0.4306501824308465,1.4021355978933334
0.046684635964652284,0.9194336598882458,-0.49910375135854645,0.735060430705123,0.6239249975229445,-0.680685028062607,-1.4974726928773265,1.2682596249101974,-0.41994043206791726,-0.6461017883500307
-0.300323706802997,-0.9467116544952594,0.6300107196135626,-0.008964777501105083,0.052345209208151465,1.1384079210033962,0.09975523546936926,1.5755684659360043,-0.019804375895563,-1.5058861928813831
-0.8865785559473157,-0.7273001079781888,0.11278084628699905,1.5220849059326318,0.1886391349937808,-0.22856333670514076,-0.3032114352370983,0.5454453551228877,0.4154840969591897,0.7977009857729626
-0.7036889395086294,2.250819376379958,-0.34450984300571225,-0.6353480439764568,1.1946442403258708,0.9025323066045551,-0.6438551915509008,0.6778422606546916,-0.42601943088108735,0.4189052683306611
0.23466315027392778,2.545752151240527,1.3903370483277413,1.0666104194591157,0.765560997630513,-1.2533349353544723,0.18502101445458227,-0.438896316271308,-0.051300694844115785,0.08597024521996884
-1.7148281568515993,-0.28386757468775287,0.1270602796528179,0.9253766285302859,-0.7836354970181453,-0.7903419765954824,-0.8566900102492336,-0.3181436065723226,-1.1276740559620977,1.3268818341932167
0.7759089991430053,2.7150581732875256,-0.5314155706553166,0.8604823609013943,-1.2135042419022632,1.4695442916274066,-0.21456460610016315,-0.08425192223977801,1.2754361872788935,1.2145780171761562
-0.9799644651521731,-0.10601227791247879,1.4249288953064805,-0.3679175407374599,0.305937555354859,0.5380546769912874,1.4089473879307284,0.6677833035975085,-0.24348052435961556,-1.9634054837020356
0.7035441734313701,0.17235582672627633,1.7758672244393787,0.5757481734968715,-0.5666413228120292,-1.2463124976643185,-0.1724942601459798,0.36278271428941555,0.10470809013119847,-1.2621221584174733
-2.7868229294824554,-0.9569793645381682,-2.439259846281761,-0.9815778118475244,0.24148867269572388,1.446100549406227,-2.447623758604935,-1.0252684631310724,0.39531774395104863,-0.45055214121580767
0.1626264565856894,0.37722120123716596,-0.4118125181558246,1.2046916216495753,2.4289783917394474,-1.067198123144801,0.9269266231432103,2.107826737501683,1.4471544412423702,-0.6890541394509363
-0.32817025830139834,-1.7325747344426043,-0.5699620308081563,-0.5396647180562255,0.4575249568307848,-1.1362283601409342,0.07218929251073546,0.20831962127913695,-0.46586399174451115,0.8383466495496489
-0.45203090974852667,0.32546774365263903,-1.29903309982175,-0.7784860129450698,0.960301461010258,-1.6710121234596027,0.7526547200008108,-0.32746131640181186,-2.03189250530174,-0.4448042412463285
0.7341947243653243,2.3068781704956955,1.865655338402786,-0.9304902212330626,0.7991329433611916,-0.4478010906978155,-0.6114302161361589,1.00596674754173,0.22716733534744857,0.23096188806141613
-1.6774001997662855,-0.9662901893580209,-0.9006472829577848,0.512679859026096,0.7318831602177697,1.7354378824883265,-0.9410865342154369,1.7591901294163135,-0.2602856043778806,0.07902238815253201
-0.11688971852742767,0.25343333793999023,0.6972312092242452,1.0375532692096476,-0.24439248314793682,0.08874291037495358,-0.9110976831695572,0.6778238291000322,0.26603884852486587,-0.7771869021277121
-1.2434019200987663,0.1607952895322925,1.3065225820047515,1.586160291910825,-1.2935631031697965,0.9344793288020584,0.7974975042639869,1.3848567567748746,0.4755469873812815,-0.33437238818895726
0.7859162016314023,-2.5768387043881655,-0.9915545002154089,-0.8695151850682269,-0.6726875139695708,-1.5200805414551852,-0.5643567805982801,-0.5536343003609279,-0.2635150715912664,0.2838315284809205
-1.2512384215011556,-0.4527780512556894,-0.09150699122414226,-1.8539153398399375,-0.07366962998228666,0.23872548301095303,0.7580463056427478,-1.319885120095732,-0.1515900932304542,1.239772515320479
-1.7359036145034268,-0.0067636006784342765,-1.5225137934506912,-0.4295292884541383,-0.8049981145481802,0.3742720110991101,-0.29523930512043184,-1.2766122569824574,1.523222900550776,0.17804882355476756
0.9868430833722499,-1.0952323894729752,-0.39316088343394917,0.9991060375026222,,,,,,
-0.1658884864293387,-0.719481245173176,-1.2889061207471335,-0.8135349491209063,-0.5267809276179061,0.6069324290668457,-0.5598245781422537,0.109922857339219,0.20112997651316242,-0.5408964810114686
0.9714061977079296,-0.37505338323357024,,,0.1369798105399695,,,1.5934395519184001,0.08290081981011144,
-2.218532822156112,-0.14626180081971474,-1.054678521012001,-0.3155868801079534,-0.7283840537621665,-0.2895672400007191,0.19356420499063812,0.37278389161356024,-0.06532467560285049,0.10660573256508248
-1.7844366199928505,-0.08392250524774202,0.20691970657166342,-0.07929520154972988,1.485861936890594,-0.2642527527381104,-1.3243379665140023,-0.000476598026789669,-0.5742654583427579,-1.7248903416924075
-0.3045651123069527,1.475828483011829,-0.3689081484805035,1.0832795258862815,0.7175639512757818,2.3668815018203206,0.4538995701691873,0.07644200239557015,0.08939208942785694,0.27848032171460196
-0.2599052422457944,-0.5084372518527336,0.4610400708755948,-0.6326357284958253,-1.8669093828985022,-1.3102942805688558,1.6468808231224459,-0.31902230027552636,0.7683247975196901,-0.6978058943258382
0.8892538563112463,0.40233057589459725,,,,-0.5887424038292123,,,,
0.7051392340170336,0.07751437345625198,-0.0024186089203702297,1.5241082203405143,0.10464881693841695,-1.3552569153323297,1.0239226738870029,0.2095096312573819,-0.2725068897691677,-0.9559607740571255
1.2611997537872712,,,0.2975852366240012,0.43900094168757425,-1.743539943058687,,,,2.2630134315353763
-1.4491477685588605,1.8762544950368507,1.7763810976248997,-0.005574911846942584,0.5151557446107121,-0.2834137425589893,-0.44717891547288446,0.2033291634036213,-0.7747442844837023,0.4731067322385522
0.04150301949817072,-1.0673422822002545,0.7095341875362866,0.7357054075129726,1.1230064258059764,-0.47969564678271653,1.0289421272749388,2.1666910177970067,0.029680775204726968,0.11868221672171668
0.6786666213483495,-2.165680138117331,-1.3661105699712093,-0.550731757926405,-0.3410448155253657,0.11218996700104651,0.26726002874983584,-1.3729989920576657,1.1522535898806603,0.33312516310656526
0.05980856455802103,0.4905450002734772,-0.6153347233042594,-0.23852162668759627,-1.08268659667724,-2.204012097162041,-0.2363836928368915,1.7246087334224507,-0.5686777842729104,-1.5566876368448637
0.5647266917224949,-0.47870787260736775,0.43737198453963466,0.6608187942600514,-0.5065347661649882,0.414789134156115,-0.03545455362005592,-1.9678689148858746,-0.5245819814373465,-0.8297554405869342
-1.5081552086191232,-0.8472953293015333,0.6712065248980834,0.014023336712242904,-1.8557398052814,-1.1108935121520438,0.015180399714921952,-0.0029702879996052036,-0.3204327354373791,0.7533859078687299
0.3690006419967708,-0.571369911687442,-0.6752950128127212,-0.20154958791230587,-2.083503201448665,0.2921121032368617,-1.2564785760219381,1.2095285467206056,-1.711975460083663,0.36960353728052275
-1.9912272185723627,-0.6456381703109236,0.3955176487257296,0.9173765241053562,0.8670119702975119,0.687282845433353,0.7982311979109847,0.8827570737754092,-0.5660199642765463,-0.38827078266021225
0.6696126326465569,1.0870670637300288,-0.1691271973484276,-0.5568691364973488,-0.5903522539883699,-0.8528098191048415,0.4441862917883572,1.1075368637194813,0.45920575309562206,-0.044016376073842754
1.8919783237067298,,,-1.0981153176979102,0.20871867231484822,,-0.9272406635557129,,,
-2.0709481567139365,-0.4360039973002399,-0.6259208365739711,-1.748996810600705,0.4527125596416423,0.6651619497721645,0.6167021948519065,1.7032143385109277,-1.1220518802050528,-1.0974171867013949
-0.03441353478602255,-0.11906197341001587,0.13357863693023803,0.8359587500846041,-0.2558318610130631,1.0328542018929228,-0.7713186773766216,-0.5069878340416524,-1.1110979454979926,-3.4114818514957457
-1.7501508962427432,0.8949393424219253,1.1025482223889507,-1.279109102406665,0.9314499486366771,-2.428415288785528,-1.031491567914361,-0.46758090637553845,1.0537221639502012,1.8064262821945325
-0.4631267849267956,-0.06842874414416956,1.0407112641245753,2.2478103707147756,1.1879431295665877,-1.2101485441619266,0.8758948264063725,-0.6460277550171204,1.400979903066063,0.6329894262003184
-1.0228418282618454,1.1051552743414552,0.5289556732389198,0.39841895907111435,0.029985380086713042,-0.5236602195126087,0.6172915785286769,2.2015826768983504,1.908207868124771,-0.18439205293802743
-2.1039079982303104,-0.5475864557249589,0.14608235509330955,0.2852309279501746,0.8984527091539717,0.7261541736492156,0.740930707619024,-0.6334298970881983,-0.5230332108208327,-1.0814594723950006
0.25994724512605494,0.8651706090921412,1.0690283302211145,-2.5082667470907896,0.47050788718851533,-1.0420398177501538,0.5902051740964223,-1.0486669559155837,0.7345139367076177,-0.6474109308976396
-0.6262082052531615,0.803513984595233,-0.5516028645641531,0.9587983972717052,0.7419209146630547,-0.11127106643150403,-0.4535005117061492,1.2762255079498595,0.8299834777806518,1.6424888291313473
-1.7427745002879254,-0.2890939318446626,-0.455362172213716,0.5121820985509544,-0.9490856414512335,-0.8081421413153701,0.04097067859267581,-1.875663008252289,-2.0116046329056676,-0.11515975413187998
2.654115853987983,,,,0.578376888319909,-0.12819961732063032,-0.6761665553103012,-1.5683960831178396,,
0.47423394397493635,1.056649233965088,-0.3068953415500126,-1.4654189690533264,-0.22648687264557896,-0.15550555176275704,0.4951143172232077,-0.5719067322118688,-0.622950689286039,-0.385554992471702
0.3718999809676064,0.8999595060266828,2.3333331854751593,1.9289002143272806,-0.13362464885143205,-0.7188190177349402,-0.6234335132412728,-1.3126460181358253,0.12428763585297563,-0.990403055270777
-1.1069458820217422,-1.0409882725085366,0.8884622781386377,-0.08257957627767117,-1.3627172892237003,0.881183971023511,1.191217003559004,-0.4597464534988859,-0.7835538429025009,-0.8723570578540438
0.2652477927396956,0.9115642199279419,0.16854590817969264,-1.3456733255287134,1.0641643004916994,-0.054302857927144906,-0.20097432741487592,0.4310265086555469,1.0434010804878604,-1.138647678428259
-1.3415476721770978,-0.04795386706228643,-0.036167543560516165,0.9023341920648609,1.2678459522515784,-0.5030369280347159,0.32833754185184394,0.4594345901475289,0.5567946745089343,-1.6211776714793382
0.5216889369647574,-0.8314441940604832,0.571918727817427,-1.1567413504774413,0.058595501383005115,-0.3096370290394939,2.129655414443486,-0.8968596591518245,-0.9719850215040318,1.4639848416801677
0.8474491123177004,0.23753570633583,-0.5197487183572573,-1.192774594308465,-0.47396126197775507,-0.5796175927898274,-0.7453251815169779,-0.5567822481561634,-0.603371543242231,0.9203379348913306
-1.435956505384108,0.351127854768705,0.22645306695338197,-0.1071900874334044,0.6260383330352334,0.38840353334493605,0.060209368085641896,1.0629745086476792,-2.496124658397771,2.1510726624336884
1.1338252554835244,,,,,-0.40136132178346007,0.15055783785984764,0.23470247084032236,,0.7151667130556837
0.6326740763119393,-0.7027291909450011,-1.3241895201949443,0.10431804166923864,-0.8442702343699664,0.2688573932075138,-0.7933795172528436,1.497557930420145,-0.6874553692077184,-0.8939008297754961
0.023981199761788318,-1.5986304390922805,-0.8658176923762251,-1.656101524040367,0.21227418893308425,0.9276800904702825,-0.4296848932507385,1.2543249896552149,-0.850199417758672,-0.466388455643732
0.8948412705146791,,,1.109944540570271,-0.05146576737550991,,,,,-0.21297390002617603
0.20959514003982496,0.6671570892211207,0.6568769675106125,-2.7091653293728144,1.7670196758966739,1.6098369001485555,1.252378055590165,0.1465329980677419,1.2476992819124757,0.2620732544709278
0.24960079986086836,0.6981836496177597,0.5434176554028677,1.0240126747298703,-2.1517182716278636,-0.08876158459459367,-1.2209363744657897,0.9309504255339697,-0.9122485257863624,-0.28293657613917805
0.9362565861013568,1.308293881340669,,0.7530324819499467,,,-1.3403907125280337,,0.15818724498711698,
1.0019401384385445,-1.8515567244646767,,-0.27402303205172746,-2.3172390622056134,0.8298766918978685,,,-0.3095272791547752,0.14549136782089825
0.4137917832486059,-0.6487046866079532,-0.8590573745153226,-1.0858626704308663,1.488925731242533,1.2195705213091244,-1.0923880265124442,-0.8957989856054868,-1.0606029319537242,-1.4849979270556461
1.951054653641464,-0.7343478299332412,0.759559004602913,,,-0.28895106509677776,,,,
-0.6203245649509662,0.20419936984368536,-1.6336576703448822,-0.5220598291004147,0.018233374107247496,-0.19902053248394208,-0.1088836727932055,0.5166341122452341,0.7253784727983814,-2.1259791990180226
0.18299549719768152,-0.31478612691637803,-0.4817771798670246,1.3959613793738137,-1.7567549811950314,-0.05317815970499932,1.4390090852924293,0.07198132611828066,-0.9498826191996017,-0.21638419329037814
1.7711223675788255,,,,,,,1.8252019954729808,,
-1.4344999223074177,-1.3088839476855996,1.1325709857573845,0.8521092603365884,-0.02612075198068625,0.8688677224555654,-0.592661381094671,-1.126341493261159,0.3866926224245393,-0.28691326547297
0.4166838273469195,0.20642906585040494,-0.33515024669211746,1.8842165207446457,-1.0377037281447146,0.15305005076723305,-0.09323880593818575,0.3073448439785976,0.0466568068401885,1.0797240389302885
0.312657283766864,-0.6506642955768527,-1.0268131183757911,-0.7693850153510834,-0.8132634132074332,0.6785996702770587,-0.08259083260848522,0.3954816055365454,-1.3776039879270197,-0.31589239390535356
0.4831373261630267,1.0400021553710783,-1.4853454998482494,1.5679310912439994,1.4409840034605517,1.017726164485543,1.2654195216660464,-0.37832006561054377,-0.7976487685284872,0.08491008391613222
0.30105345372632203,-0.6251872155140663,0.5892682535205699,1.409557503163465,0.8953994010751577,0.04722704469998626,-2.4404393951283745,-1.5359271953889655,-0.09402041176927559,0.6421021412435467
-1.4221169760415904,0.0958910976997455,0.7113575495090946,-0.0648744229381265,-0.621210679030618,-1.4825749996738076,0.7725478466712413,-0.6544510538775986,1.6463131585054933,0.17706324101404222
0.3692476402347366,0.832654774723142,-0.36440703465962637,0.4698991005312386,-0.6455597791421038,-0.8006029089932452,-0.9114372661640434,-0.4892157341478925,2.058482465195825,-0.9037621975698333
0.6137826912574139,-0.2269832149573122,-1.1360159694315273,0.791438417381001,-0.5034354653885132,-0.44629412353963754,1.0830577451774615,-0.26211478071638716,0.22389351923386244,-0.027772188205055538
-0.09393990021301503,-1.3196420969186813,0.857936144196824,0.22198746318344298,0.8137850769990871,0.11532423977221098,1.0561336629978555,0.15161437346079146,1.3722055519492573,-0.9055323701596443
-0.7905955155249733,1.787084762635035,0.8270527477486982,1.865575994718473,0.6129259865624699,-0.27807171276408577,1.867311953710214,-1.8185098135072826,0.7998875727216993,-2.539900461042282
1.5062444403230941,-1.0276421732226593,,,,,,-0.6590238044350469,,
1.637927674774052,1.043029335423742,,-0.5510998781665087,-1.3197005042105725,1.421597413151524,,0.00609528042216873,,
-1.7092076571524595,0.8506973505146366,1.3705043636683578,1.0447097417870035,-1.1127488859036818,0.43424832086543197,-0.1712888882716603,-0.0006559052320371303,1.6593729688361634,-0.43516428768128373
0.679320977838308,-1.745074989685057,0.07196607788331526,0.9309488070813622,-0.15022851357764846,0.6148104710354753,-0.8105674366329482,-0.46623348805636594,-0.1346710607977396,-0.5424887828953768
0.8983835730519067,,0.6476678131666391,,-0.3180920130109959,,,-0.22268833306372157,,0.98651586191023
0.5985289163419708,-1.488431765189791,-1.1189795513478042,0.3932796806782418,-2.0802078245999667,1.639790249999494,0.1361415136995994,-0.704053399926812,-0.5315493227488474,1.2070267874720142
-1.2596422818871582,-1.9229957618319071,-0.9932527190724468,0.29534931289080174,1.6020342135586378,1.2172570383192542,-0.43637894149897577,0.2831009823308245,0.34795710588765094,0.22163312031903284
-1.9693740247843685,-0.313789975492354,0.7901690454092039,1.8656865844034758,0.39772797392136233,1.0929109174368767,0.88280472385284,-0.3799220978210645,-1.3356096040191117,1.1316831074871545
1.8524524595138887,,,0.15040004139628876,-1.3797949605110251,,-0.5683302136788357,,0.3993852025819876,
-1.3080110766212412,-0.4581299790104932,1.5497892197154561,-1.173807755003117,0.724612886463164,0.5985326468939043,-0.5517287640131275,-0.8429866141374357,0.5939443569259183,-0.028011260357209775
-0.5033956743225532,0.4716200540032406,1.6260221602433176,1.239662121531548,0.12850202196370628,-3.380243387088339,-0.23880088605954847,-1.003721905939452,-0.20350934895554124,-0.3492367401122957
-0.3158287849775012,1.0764444284194519,-0.22772254113737736,-0.2712278577909377,0.47659400492604687,-1.0575064046681328,-0.33773789700788587,-1.3702567023902705,0.6226892280075299,0.2315362459431465
2.0686672073651042,-1.6336771973871034,,-1.7534401477965151,,,,0.2726823989310175,,-2.185016756845824
-0.5325244864434263,0.12920879114839667,-0.9145992193316841,-0.02823240106141473,1.0807169101502168,-0.5738744708770047,-1.0871040296164642,-0.08088675041464127,1.8155560576078718,0.505081323690526
-1.5093623016770765,1.3559262721028087,-0.4141279626195428,-0.2337482000911609,-1.2888690726888654,0.14832990955252964,-1.9541514771409927,-1.1265818838516581,0.6079472171753926,0.1266835597403214
-0.7537810475528737,-0.19401683611709686,0.6972122575352246,0.3829009649294839,0.662130182725217,-1.1880275753178466,-0.7075876616427124,1.9353880953466613,-0.39667233145175956,-0.4595934015771205
0.12273561469204743,0.22054586001337673,-0.9974586132302758,-2.489238635600422,-0.32165752521532354,-0.019296665579969095,-1.7692328671858684,0.26667005159241014,0.3355325943286302,0.9726709748363179
-1.0977691621654249,0.367375975640415,0.5516747763748647,1.4777472505140974,0.8518237260251345,1.0561826297981973,0.15233785448125245,-0.4518094313919629,1.2697574489724506,-1.2692168994438338
1.5255548420358591,0.791729291815564,,,,-0.6350798649618936,,,,-0.00993207234999527
-0.24133754265326274,-1.5682521683230326,-0.18244055807180332,1.5736946819845448,0.03766576478906181,-0.36151936648094907,0.7477465617734632,1.2654195498463043,1.38046511699276,0.34438404612022794
-1.641997948578967,0.9920307597112236,-0.39247260150335467,-0.5265002978778852,-0.9739975627556717,0.5423433241736908,0.9570312027055969,-0.6677319554359561,0.6428143719848272,1.0992733683591183
0.36604390053555935,0.000554855028397028,-0.15237872597950192,-0.6562135204036328,0.7611383507830987,1.1394699003025832,0.131581567337545,-0.44479013572902626,0.4917839050514129,-0.9030910417172553
1.2574704143718172,1.1413677131663804,,-0.42819799947607073,-0.19156003842550257,,,0.7348411569489928,-0.7731950996677766,
-0.4964490300694794,-0.9277042387497131,0.3371075842216376,0.38192331799637425,1.3652390786581674,-0.256250206470065,-0.888432255099052,-0.5831076511596873,1.2032832643754843,1.641061247473387
-0.5963830036915752,-0.1499085096841433,1.3829842565856558,0.7353573415790671,-0.5885116245702897,-1.18696958252929,-0.676601066034872,0.823061993931666,-1.5193702209907756,0.1763166615116254
-0.3926695246152306,-0.758990786736899,-0.5138586820132082,0.8481019371159054,0.505573787420929,1.008022690029697,-0.8404588598138023,-1.7056319217383793,0.15677135657064925,-0.040482869244244955
-0.5175132543473808,-2.0071265256909214,0.8342854194575672,-2.9783704927704258,0.6838629752270234,0.638332665121865,0.5758654194703354,-0.09413442399320135,-2.3026396717712516,-1.6343880861604927
-0.8642457309817309,1.8196354923321134,0.9260947958944518,-0.21120068723782626,-0.6430161692574894,0.10294657470018855,0.8169023572804015,0.2709858154988494,-1.420504911646549,1.4055522613199314
0.4517286358083109,-0.535571576390779,0.32330085894294935,1.1847879139587878,0.35604334928,0.4119768898876125,1.5041076023762172,-0.6526869955056669,-0.9853721613572491,-0.46951414344660747
0.8424906440195701,0.9581122874110937,0.1614943299640166,-0.8470579956200595,1.7801474898251066,-1.1613031792896151,-0.4580822574318185,-0.7042775795943866,1.061210093694315,-0.1771160933153055
1.6452767003955535,,-0.9308531569495296,,,1.383903410315326,0.8461218808491648,,,
-1.2753071009911658,-0.8268295352486159,-0.216004649642898,-2.2133725584369905,0.22133009383288646,0.08495878879177819,-0.25418754428258244,0.03609101267484324,-0.225928851898939,-1.1239631782037245
-0.6405649864627718,-0.7770290765920655,0.6298092569752117,-1.0654892326101626,-0.5525922922498037,0.02656681946647239,-1.5241208632489252,-0.45572805749599943,0.022930996347661575,0.15436011558177268
0.3379641677449333,-0.773245693476591,-1.1049013601169118,-0.47934810857691845,0.18283538791098752,-0.30174161649215125,-1.1279901955014688,2.203666338618003,-0.8014521092346807,-1.3372610351859862
-0.7047967082518816,0.8633193905150032,0.569481750167088,1.7842080911280256,-1.0116507621779007,-0.30238213152814003,1.013017157776737,-1.0494435275979712,1.1594844709898082,0.03467811271901038
-0.798558708205368,-1.71600762082649,0.5222917067206472,1.4763310092215662,0.340041659547642,0.3965795049415608,0.2636098081967747,0.9223141583214495,1.2265148877633454,-2.8844947214056753
-0.3199231491066176,-0.6183667733431734,0.1887271821096319,-0.3964269790930881,0.4452296971630866,0.33391033007845544,-1.9160661164147146,-2.1765707775003897,0.7563104194333912,-0.8310828109569816
1.7186872791901162,,-1.7876238423399209,,0.23968150108724187,-0.4462471580775502,,,,
0.7556718568945662,-0.048305831076052325,-0.6287414171668817,0.13703103592031518,0.36289384713790307,0.001937196640818864,1.228174543564577,-1.0857280543303747,0.9086041842070689,-1.2194106454974314
0.6529729844487273,-2.0549950751094412,-0.29904919784862694,0.9537365999962962,-0.4145044333118668,-0.10407847549126431,0.26326065660893927,-2.3373343319378703,0.2820182558208098,-0.9708309127709243
0.9225539319770283,,0.24327126083774336,,0.7626546640151454,,,,0.6204834248150057,0.08288406693822231
0.6575088333854084,-0.4164515813729648,1.1571671350133157,1.355580189120917,-1.8080736999238949,0.534790644676918,1.4591259257264106,0.4241178184653898,-0.0958209929915175,-1.3795201696962889
-0.3646825710032804,-0.5636956304432121,0.8265139803779887,0.9420572782074234,-0.22034949302885548,-1.003671973133881,-2.182167483492262,0.5345525800111468,0.4495482774329348,-2.1423533257890575
0.4663112877674781,0.8182898329293471,-2.8061019351625864,-1.0621342250843324,2.434038845601383,0.022744826414888383,2.2462091468102714,0.19310564323499688,1.0747911918613076,-0.3310860467580219
-0.69151266403169,-1.6198953173991808,0.5198253960302972,-0.8687840107306665,-0.9770353056691392,-1.5762959121183284,0.019681556984940927,0.7495753827012347,-0.24877632727203078,-0.3357252368676061
1.5210916677385609,,,,,,,,,-0.6169279027550716
0.99257213559903,,-1.9396411594041993,,-0.03259333951346673,1.773962148945605,,-0.8796341209223547,,0.09612981412302249
0.7123775212378949,-0.7586133856010453,-0.3796176871676011,0.6498874160260795,0.7297145960321898,-2.107424545639015,0.578681844424877,-0.8449096066598321,0.2344969667300129,-1.6541933917539826
0.883160273543992,,-0.8253528553258902,0.40176822717349087,,,-1.3838701563556508,,-0.7318236531480307,
1.631764908373111,,,,,,,,-0.33562554009564394,
0.5807774178887374,-0.5066794210848506,-0.7742569537754799,-0.3355002069516817,1.8249841142334213,0.8805869507480197,1.897713892625441,-1.3023899453292258,0.39007804535203633,-0.37244204553000065
-0.3125801835313747,-1.5406640492165278,1.3001976719157406,-1.6222176416773106,0.8895605871734651,-0.3940857687583503,-0.9111594140015176,-0.9553180902634281,0.05011310821542261,-0.3663272246911236
0.004518791321609828,-1.9857082605627776,-2.064903244849743,-1.820740617855909,0.8023369642306313,1.4482425185922336,-0.2636392509657722,0.7440790611940103,0.346664576730214,1.168864317201044
1.205239637718639,-1.2361962614254316,0.19261635729827167,,0.860674428654575,0.7668365058310377,-0.03276826638200642,,,
1.5085678481153226,,,-0.15376930085814064,-0.977668312420428,-0.18692932512014582,,-0.8385100093195338,,
0.08047145439840292,-0.3878331656087389,0.7555491952000655,-0.47697603056923443,0.4773203105653895,-2.414216528802493,-1.751379880626239,-0.23369246639873112,1.3342368605206218,-0.16386496434453085
-0.05213093383209423,0.249773349160565,-0.41166777252087766,-1.6091271114613916,0.6886763948486218,0.2658174460916517,0.34274652759635194,-1.114422505569928,1.5265141993242344,-0.4295251047535405
1.430452810066438,,,1.5229031180613637,,,,0.2803266746535195,1.435608446027946,-0.2876610272397861
1.0953993903849797,0.3949315574389649,,,,,,,,-0.5763281274635002
0.5223067322624543,0.29275498601906524,0.35215192869790646,-0.16424747312991808,-1.275530185609032,0.4727834467587808,0.8379874217718151,2.3250965243539445,-0.5939627930414648,-1.0473258601817748
-1.1674580768017475,-0.05001675795321823,0.8027577780430302,0.8908586865839546,1.5688775732437412,0.3854333176877962,-1.1995067994241515,0.23980956177633747,-2.0991382838085504,-0.3463263844364599
-0.42454375415899903,0.4601143726717469,0.4398307823255667,-0.7393884559816006,-0.7097112142500085,0.06445341973925185,0.4764311595458362,0.7356631833560191,-0.4857269436326334,-0.04914925383583715
-1.0417474740709665,-1.0286460655341652,-1.9331014749743518,-0.6326716095593896,1.278852528087389,1.416930096382627,0.5673927963992018,1.0056012466963546,0.8100080805458922,0.1734480272398159
-2.436051857124718,2.2656179101532943,-0.20723253647039702,-0.21229675204812146,1.4607562460627435,0.15975541828821876,2.5181350970315126,-0.8310266421293468,1.0363900724910853,-0.24530480150840903
0.10039361290833,-0.8807408368706315,-0.6297397618227563,1.2903558141736342,0.5179434713330772,0.4233001720100288,-1.632402808882629,-1.6042464706880484,-0.9227050048586092,-0.3960177011117465
-0.10275336510636221,0.31634155741801256,1.0223351355689776,1.4702362956849,0.1943789212778256,-0.8459137055559504,0.7295175082559595,0.1842560831850015,0.4667236601818044,1.2060287390223445
-0.3875723321778796,1.4561592982332388,-1.424717885790252,0.728478421214686,-0.6507877190330836,0.224612906641418,0.3288158479843525,-0.3507568609900043,-0.6412727516628162,-0.8495339890030371
0.28695782281645815,0.6342951274563311,1.8206048875246161,-0.255846853284627,-1.5353699169794868,0.4724558986649076,-1.7393747264387358,1.6017240669429278,0.7579940280792541,-1.0084734862093754
-1.5850889922742715,-0.8618592124327304,0.5311170381857696,-0.769230315976706,0.7433801799613624,0.9380360979796567,-0.5715992672007275,0.8835815207131825,1.207983576218613,0.5657451982923115
0.5452690230507311,-0.5623057005971446,2.0307029116642425,-0.9818191669457568,-0.4426571777552811,0.9385543350775583,-0.37611858206976384,-0.300101007115327,-1.361200493569624,-0.4692700620957308
2.414487980541447,,1.2790111745361925,-0.49917111277977605,,,,,1.70463495787104,
-0.373829883063394,-0.7935126334855298,-0.5216687788893842,1.1506412874277594,-1.5777859433104904,-0.055128800943229674,1.1290282701825327,-2.026016444326375,-0.6282943575396629,-1.5134684853567293
-1.2888208239043504,0.21653228813387965,0.6492159275985206,-0.40988716492353466,-1.4993519853513917,-0.8657445822405165,0.39693240467661023,-0.0356291553915584,-1.1802735077647508,-0.487921923975251
0.779837595986556,0.20087774847035703,-1.0453919988928109,0.2553627787304177,-0.5619269306012763,-0.6459595451059544,0.13203159180348864,-1.0981109774978903,-0.44033537584704946,1.047004629859598
2.4696065343188462,-1.7133221501486495,,,-1.2555419991126522,,1.7971063835492125,,,-1.287641067061612
0.6862872559543076,-1.788894723532767,-0.6912955649080248,-1.2976051486763271,-0.32127930872302163,1.8555974264554413,0.3860491091567622,0.2386828994181653,0.2956235941335444,-0.023023558930574613
1.28390136669057,,,,0.23526706732912417,,-2.009108501718771,0.000756222853307493,-0.13894076698098234,
1.073137732666709,-1.6357252440424572,,-1.1177091344464696,0.4701459130063728,,1.168290473489205,,,
-0.42715683595986315,-0.9668739673221026,0.034115512105864325,-0.02714781770363756,0.011142919202448505,-0.3783029371828213,0.3402880499503779,0.781803185876793,-1.2059490546134064,0.6168927751687907
1.5614995276089594,-1.2757156441276494,0.15473020233746804,,,,,0.13594455317292312,,
1.4433527465954106,,0.5188738178623494,0.8451489735962663,,,,-0.10141712093371981,1.8159407481920566,
1.4464193490669748,0.5492083845848109,,,,1.100757984239053,,,-0.033296952501649955,-2.4945390497504403
1.312383237839396,,,-0.3382063141668492,,,,,,
0.8274167331807409,0.4197218317358755,2.3174532223197626,-0.8910817044723868,-1.7246614304784547,-1.191228633512734,0.08411477669788815,1.1988900500953437,0.1745298261024367,-0.4932466470619989
1.4971144584976779,,,,0.6450978986376945,0.2375934849237997,,,0.27989452145559174,
-0.7038392425352099,-0.47386245297361185,0.6930824920953634,-0.6761083795856766,-0.09656467350106823,-0.22291235577829285,-0.05266894024708171,-0.7643267197011886,-0.20703579489055474,-1.1525669903916385
-0.03968787225970799,-0.028189799954515333,0.07257813003801716,0.559433553616703,1.8091968056918988,-1.658754562098194,-0.3709527137910775,-0.9130852828001969,0.3116749346878586,0.7079420128253684
-1.2132848024821286,0.3181532740139793,0.8653872781605735,0.4249973084749794,-0.3376687706867935,0.6759754853671724,-0.25502376690695533,0.905500226212593,0.35259420821684084,-0.18831129657079387
-1.2579194451984475,0.01716785164046492,-1.0716364875276823,-1.0870347189610297,-0.34803198645736133,-0.07606401602181084,-1.194409875551982,-0.16524255563267773,-0.23773067356104033,-0.5998298229120297
-0.25668610679148374,0.644630485442087,-0.3876701590305516,0.5814538129882838,-0.07971408841767154,1.0184727314490227,0.8117132477257069,-0.2124802974086213,-0.6807935641463959,0.48502101905874834
-0.5245867102324305,-1.5672571554557118,0.7355274570274538,-0.6122116297660921,-2.070148581610196,-0.07641530539461215,0.9360495352029798,-0.58969695165247,-0.3480280234576213,0.49865423116978513
-0.4550226334989853,-0.10385736122727991,0.8950480641224023,0.6774891431056084,0.22624089981850037,-1.6670273986441622,0.5840845450608539,-0.39516927243562977,0.48962893635211124,-1.5168486645808168
0.9377156663465614,,,,,,0.08824765518132938,-1.219769189832905,,
-0.3826090952762035,-3.427946541437005,1.0066973722666759,-1.8207613103335116,0.532134559725668,-0.7286026373144812,0.48024611887204927,-1.0073181851056876,0.005562798088710015,-1.7063286874499715
0.015253799109024167,-0.004418452828413393,0.7179942301453,-0.47834133913106336,0.2829687247049794,-0.3965586218037933,0.4535615694704257,0.3911137155972908,0.8796460306574316,-1.172697361859398
-0.09143296027444711,0.2837931562858454,1.819338195786848,1.9826844315097636,-1.3594220188797221,-0.6148600588919249,-2.4988049681116564,2.1962378451210927,0.317583170461815,0.5806253250981172
-0.3161713267812697,-0.0038482254763731547,1.1293029239736398,-1.0462069080131486,-1.1290578375313183,-0.24068553388141045,0.009945160687862775,0.5554193420796846,0.01969139923404079,-0.8448797691268901
-0.38072323052845314,0.17697152863335797,0.6605973982036102,0.999399160281706,-0.2745976420364827,-0.707467261815137,-0.8981249446935489,1.16679451984978,-0.43627748095322466,-0.7636806729426047
0.1671746273555397,1.6143240213214713,-0.9243297817924363,0.5912604503594123,-0.454973659115837,0.11109087476667301,0.811154607356635,1.2159934830818975,-0.5296010228237926,0.750395141488393
0.23745523478315728,0.40278246428202624,1.2356482410253071,-0.7105908688488413,0.77486162734307,0.15686909806646918,1.1838351236898443,0.41007412940585364,-0.15110649261507955,0.8712331573784958
-0.5678283585589943,-0.4003917809565523,-0.7511514886894786,-0.6267821773938165,-2.735169569723189,-0.5106933131352105,-0.0735045501048597,0.7603419464405957,-0.920910271422506,-0.5004696707393256
-0.17630852624087245,0.7654806221106313,0.17995707759460863,0.3744850767318054,0.8821369064159097,0.5028893333000347,-0.6027938710858641,1.7104072570028817,-1.9018515438906634,0.898306892925655
0.44002231422344884,1.2442223253938756,-0.23316177729253212,-0.49629850351527144,-1.1019938740208137,-1.063481387486254,-0.167007523526431,-0.8420986100995431,-0.7114399174834162,-1.0602413179787342
1.033917003382547,,,,0.3470174790725824,-0.262320197381793,0.7748868774122064,,,
-0.8467743731186971,-0.3888274623754155,0.11345623644892455,0.5269531347953842,-0.6267395134758703,0.19991119089710022,-0.18266554588732534,-0.2661820183353049,-0.008744351362044824,1.5009674257634902
0.7905687225192558,1.049057178585123,0.36244074540645727,1.7611600144958637,0.8898628432633795,-1.4254723151730475,0.7275964635236685,0.33842927909979387,0.6221844307205903,-1.499972657907359
-1.4636934056638171,-0.09505336868895088,-1.7558438069427729,0.7033169950943161,0.1478219054475254,1.9477594863463021,0.3745433535690309,0.6938587796799461,0.5789775223113031,0.07850780972098666
0.11762426858325264,-0.056414492389340265,-2.386553942544434,1.1222208091415118,1.1321834340317687,0.8638055684607433,0.0887690950402529,-0.13506601661139833,-1.1344437561503289,-1.252105447087924
-0.5939909240547055,0.20324890829817902,0.37346755224000855,-0.5150335209378938,-1.3036302772664035,-0.6665675741009791,-0.119284317645639,-1.5616803598016058,0.18295930949581102,1.6120983125641655
-0.8032700892698461,2.1192828794630127,-0.704565272903337,-0.22291580135150332,0.48323756042035193,-0.04630730967266571,-1.6953175764310637,0.2502861639795188,0.0777481929606057,-0.26285654921716906
0.07168891814020412,0.44224633150199905,-0.8867653961455754,0.5358986765498233,-0.6093123876536761,1.535331561756969,1.040147416723517,-0.9965968817669498,1.2299675084738289,0.4074377415084664
0.5301858384176732,-0.1814416378491263,-0.3428290229661649,-0.2704420499816884,-0.9530998588617902,-1.8709927699572704,-0.6378698759231943,-0.6426844682773747,-1.0898699228026267,0.582040979001526
0.24408002103733656,-0.5924847773193122,-0.3114717633233404,0.22309088779684572,-0.7268733363139357,-2.55426380806785,1.1964272322890168,-0.11460026673845992,0.2702460937454837,0.1720292988803587
-1.44296898356059,-0.686972355205884,-0.01333535087482529,-0.19917842199881375,-1.1344841646397348,0.34257544136030316,0.5692700329349792,-0.3806841905778969,1.0024886468153935,0.532887244290821
0.38655498934128846,-0.49945684762754256,-0.1697284105756831,0.8332749784524546,-1.4493148953407538,-1.384391165298356,-0.40777825523517897,-0.020219764572893165,-0.09751067679709677,0.5220603355584944
0.24157811703726442,0.020873821262508713,-0.3017756664228855,0.8167314727391856,1.200166030979174,-0.29609995941792566,0.38932049015860454,-0.25765980652381887,-1.2096376297504565,-1.6671495364428874
1.1759318463709356,,,0.998239998625017,-0.8008691973244583,0.8906583936509498,0.34847992432083436,-0.4308799747179168,,-1.429900300508813
1.719680079766986,1.685350829533226,,,,,-0.7204228161472389,,-1.2419933078869227,
0.24930638019799203,-1.7923168679551509,-0.7020752351573959,1.582604572604796,0.30150601667513327,-1.3969742249909616,-0.6497140542325462,-0.10952431411783543,0.9494631910164284,-0.09851504731568875
1.3772711100269088,,-2.2915543563789997,,-0.18241465719648017,-0.5055809850621975,,,0.20122557055915236,
-0.5630078541370734,1.107195990619062,0.11417446164560359,0.40953918854698285,-0.5777386194340487,1.0641238636150094,0.20587986592548282,-0.3378259983991247,1.2666216789546558,-0.338213533949436
0.18065132130367803,-1.202534466699086,-0.6256183199544743,0.7766011343589284,-0.05050527170726291,0.09216638804467474,-0.08985703726538387,-0.04891516856660885,-0.5402807805326695,-0.47069917435739334
-0.29399518005497566,-0.2900199970408885,0.46228951787669653,0.4290415364290649,1.3176652027082385,0.6925948424096133,-0.8860229466662326,-0.6698654780394464,0.9305120657670756,0.6601007007623977
1.0391433842099649,,,,,,,,-0.015582599647746193,-0.20316033612769283
1.5028038815312574,,0.6746154408173831,,-0.6498941952613925,-1.6759595665919105,,0.7234761752278904,,
-0.6457471147007593,0.4992940063633725,-0.12831298218019885,-0.9131660550659216,-0.08076629285130014,1.2679009534100925,0.5950152015311315,-1.8064238861059503,-1.0519967400571448,-0.13087766510807974
0.13398554715746433,1.3089966666529593,-0.010116227631950121,0.5392095476701355,-2.187192060285362,-0.39754305558901504,0.6988761888527899,1.8884987467389365,-1.3396438656092913,-0.17163545187124304
-1.7616244904141345,-0.20386605348153342,1.0416808216629592,0.9231283785148817,-0.04876631065987592,-0.25842133056387234,2.600812539293674,-0.21785183145877918,-0.5509306091805476,-0.5638298074549278
-1.4687733854852583,0.4380718605730466,0.6476991144743264,0.6125205062706957,0.7734561164928032,-0.5971266389617661,-0.1658992378983889,1.15040431156301,-0.47158499002754445,-0.5633227898999636
0.9933913893445847,,,-1.0512263627574985,,,,-0.9400861497114379,,1.6935221644249892
0.36043935568107466,-1.1064235743410544,0.5338357196079178,-0.16055748088471242,0.13680639071511966,-0.9661407014976731,-0.7620716671141383,-0.4729567190146896,-0.7780519209746227,-0.059063109162250355
-0.683855491762364,1.6367784255577715,0.4916337877648796,0.7581718409008377,-0.13904437224904156,-2.005242115289698,0.8393451818559974,-0.10959511657399384,0.4165262589619779,-0.07129225801056308
-2.2266566075676746,-0.43040343695901573,-0.8263943795470813,0.20762280560568303,0.45822867911026816,2.154685243346095,0.4667322441842123,-0.560396637805525,-0.4229346437025049,0.5156788919537378
0.8448788204851952,-1.2457463591611961,-0.24732617783818683,-0.1547768809965258,-1.615512157600498,0.720173776993091,0.22510727315744913,-0.1963993663485974,0.2434457585149274,0.6533375406036862
1.9340137491083602,,-1.1450211294719281,2.820050885583609,,0.3897168819167142,,,0.37918575270331323,
1.3803853526803431,,0.39970697486517864,,,,,1.3744237697916724,,
1.3265204664665986,0.13256256015831136,-0.199388773990464,,,-0.519874558578511,,,0.1611206459561626,
-0.853791413080265,-0.01708931190241546,0.2594111116262872,-0.043304191227063846,0.8162843449159789,0.2698839996598213,-0.16937900444673068,0.7014056633792345,0.26838787485659177,3.0014074117479193
1.0232837577696539,,-1.7193977093046238,-0.6779651186415281,,,,,0.5979892640650226,
0.3941107054760406,-0.2661512210584365,0.076943214575399,1.2903363269126178,0.9149252374187117,1.4329226044912198,0.3442560577414001,-1.8097463023421743,-0.6843979814086096,-1.6154158236968006
0.918619328899856,0.015394913654731003,,,-0.1258109452337432,,,0.08144363427491833,0.43484860080680776,
0.4475714940061187,-0.6660481434033777,-1.176556578756505,-0.2646299335825078,-0.6807704276047465,0.20419163371902915,-0.5152014198791779,-0.3835392735445652,1.2126071415685933,1.6559522379261444
-0.7774134989180065,-0.35914129501582176,-0.22987765248339326,0.31378307022241875,0.3440710478826966,-0.5076054867402068,0.5097877938275357,-0.4618179459909044,-0.37337946328593935,-0.9091074162845787
1.0354631453895797,,0.3467436091062528,,,,,,,-0.790508728362291
2.1949420208198402,,1.6006910504961578,,,,-0.7032614132442268,-0.13174437917860404,,0.5463796223551928
-0.678337194097464,-0.6418113672850871,0.8724340016878659,1.8986011533884843,0.08548315908687404,0.44344536163004056,-0.1467352140424452,-0.06421451529563804,-0.21177061068479008,-0.3497568588407119
0.5550483451427396,0.6169853043913249,-0.243898462881396,-0.5742361405555872,-0.4772380022958221,0.6517120418953105,-0.8024094892173139,-1.0167064900533163,0.2823268913329564,-0.06688400688484705
-0.13903224535461078,0.8333387183966497,-0.05171779957242671,-0.654745375239659,0.17075169918447805,-0.6521815609429731,0.8851674104845403,0.02248312928627046,-1.028660512893739,0.15556453711716578
-0.7950601390437055,1.027454051228715,-0.09883403117437521,0.6295868056167279,-0.6181836984533453,-0.1934425798136993,0.41458807490863986,-0.15732742631090318,-0.8917725222388997,0.7179417342328026
0.28254550785832927,-1.0750919633945832,-0.3627234242961862,-0.8199179543262848,-0.4857983390692109,-0.45168508558289006,-0.2373938624884042,-1.4190990795145197,-0.41581634003480067,0.9633981695618785
1.724104056743643,,,,-0.19623594444955875,,1.0147579914743676,,0.9505612441368687,-0.19105158086868146
0.9578419335959977,,,-0.31370330105603267,,-0.46854174714542357,-1.1397181037126176,-0.22111048051107487,,
1.4558290067226074,,-1.0702148894678858,-0.274019502245283,-0.6397230991176679,,,,0.74483791918924,
-1.13542255774196,-1.2562129694460926,-1.8281003748966693,-1.0610409510450798,0.5645868642947197,0.7304021552930583,-0.8681177496313714,-2.0088439441819266,-0.40479223217602317,0.4996760027237316
0.8336141245841484,0.24337306011586934,-1.0064730080663233,0.7280976945731941,0.39457446115047745,0.7396007890720552,-0.8908185616452344,0.5134056038702878,0.8684091132825498,-1.3508736993103603
-0.6156374928771858,-1.5211083796263498,-0.8123218874884359,-0.10359611963515265,-1.4475546043565002,1.1122187764452365,1.1266810693653648,-0.1303861161482368,-0.6567870400393865,-0.04387586887988915
1.4590973526283029,,-1.7992867322170718,,,,,-0.20605773816647463,,0.008001171519070151
0.21753655112524314,1.7041927741778762,-0.13212910005099643,-0.3551791453150215,1.3336041255151698,0.6531719712380791,0.042646039044320225,-0.30421906122906467,1.7008820531428384,-0.7321438466651999
-1.4772976989577316,-0.19168676137467172,-0.31631120562695225,1.2054896929416197,0.1556742605319179,0.9151765580466453,-2.5604053037694072,-0.3342196257494079,1.475760599685569,-1.0788959819598836
-0.279198609000106,0.8390685574889315,-0.5047194018452121,0.7824399806105751,-0.6041289003030337,-0.03737295421659121,0.6710186922853857,-1.0917031758623854,-0.8140995390907425,0.9142435650751161
-0.7878593120501741,0.12640293486708326,0.973850929728091,0.09213705184547485,0.2728192018402173,1.549518279855325,2.3006888083473385,0.1361491791190145,-0.4240543556714083,0.8333016496398707
-0.7768241527033252,1.3130480223394778,-0.5472096334411544,-0.42333816912040784,-1.0260598953776383,-0.8492017763699442,1.1803872609614863,0.3424664473216029,-0.0526268427615542,2.050344902996132
0.11832953080014945,-0.017600887926295463,-1.1127904418441403,-0.8091113865326673,-0.9356268516109261,-0.6856532218504325,-0.46792306370843634,-0.2851490231005781,0.6994814325526891,-0.025152298002789855
1.7881548863294903,0.6302964030767575,,,0.15123485633414965,1.3965008458351416,,,1.74858777324967,
0.6011929678805756,1.5031407296854136,0.856790156456524,0.2159484434398328,-0.0779279943477811,-2.0190708089625815,-1.8457067210927696,-0.11740072456547468,-0.5552528689140527,0.01882260330646222
1.0170602342223178,,,,-0.9841777630112803,,,,,0.68878541424666
0.2191381690017491,-1.2387814371386423,2.2406634400859256,-0.3179570354288006,0.7759434620730674,-2.2379321806925225,-0.08902702337159754,-0.17188028477680148,-0.2671185715854402,-1.4014857646363577
0.19832826062237655,1.2198563768930366,2.0998166894524406,1.6488412785543483,1.2646078260697582,1.708862032560425,1.8260076410850676,-0.9236830980374906,0.25162760380314053,-1.2764508300788686
0.5386367206892848,-0.24608343279411632,-0.15459017086522572,-0.27361000383296447,-2.4956289299070327,-1.9088872445342686,0.8558417477150605,-0.6738060223316287,1.0228976517465689,-0.1612340866170853
-1.5861447263631678,-1.400574469818454,-0.6716322312866367,-0.927673060095869,-0.08843912596182081,0.2521022672460671,0.3401160054564339,0.22819020873719578,0.8840310332065083,1.0027386966172385
-0.9295522571210925,-1.864718620818859,-0.6785178965528337,0.08339768688718595,-0.5254650156212483,0.6330077356843017,-1.3321550765148713,1.5803547269450995,0.7843668113210988,-0.3852232249052703
-0.7635965204920623,-0.15194015282305073,1.1477700004991611,-0.3991476607185888,-0.5815544017335251,-0.004945806332016752,-1.2553837388579188,1.075595362006067,0.6213945327266722,0.9057200113742899
1.3855099046783783,-0.790652346286402,,,,,,,,0.5329892855871228
-0.0935550998192317,-0.3801244026631249,0.34097565597898805,0.5661857462459936,0.2170367938127517,-0.34892883375415606,-0.03099268067722053,-0.5468590542325518,1.0339215031957127,-0.1316560807716084
-0.9349596368009766,2.259420978091838,-0.7283987658286933,-0.8932216526746747,-1.2035271443421462,-0.6871207692283648,0.7462273732652068,-1.5810523470560776,0.16106149279441098,-0.5828960853850192
-0.8115054786535156,-1.7389224888369257,-0.0442764745960109,-1.7136672050281208,-0.28063728216025474,0.34139146405148196,-2.2589724863176737,0.6938710352024897,-1.9773142044529597,1.8159215484232125
-0.19421228143991692,-0.8629858184272874,0.20488363412345273,-0.9011201892251313,-2.4292097141313187,1.1383969647265824,-0.34731045246588244,0.07570772123281214,-0.16530108127449242,-0.830490308136398
-1.1169814951447834,0.7294787320663267,0.51234976823991,-0.043330857350193,1.0217188811336273,-0.07440035193720844,1.117656179772417,1.4759445269948912,1.0825500954251244,0.4104670111274961
-1.0096848464103136,0.4434557216766115,-0.4740239218217688,0.7201654603620595,1.6152976765118034,-0.09015839455597956,-1.1197210771625847,0.7013909164858655,-0.008329857491451573,1.5363526928072213
0.054120859994798744,-0.07029449646831434,0.09589219418245343,0.30803670515985343,-1.9816586657835238,-0.8116101592006608,1.1070220963501272,-0.6520644289510595,-0.02909959912668373,-0.2291375187070612
-0.6868400747635964,-0.1610762827199293,-1.0217105444351298,-1.4809454106984623,0.20605771340371196,1.6117600260148357,0.7471434003995144,0.7680300047553719,1.0543400116774468,0.20554738053125582
0.02363761004956475,-0.8592296848967138,0.7881850683556713,0.27709514185782375,-0.6882105942784656,-0.31493771837415024,-1.1265156053058742,0.5252562036385956,1.5448060851533651,-1.1295875170809604
1.0450246676067128,,-1.1629307861732792,,,,-0.22023134488793505,,,
-1.5357978951431126,-0.8673686251826834,-0.8725534320386145,-0.1873048211099698,1.4203945248683134,-1.116835257594723,-0.9035176879726032,-0.6347021033448316,-0.08978198944301834,0.16159921132449206
-0.390211720498943,-1.2888553706151087,-0.09726372284042714,1.4335431284297917,0.9154529011817641,-0.45691338504593315,0.07145520392428178,0.4993033244644526,0.8849778372881432,1.5345366846614368
0.26860162712448205,-1.1725634899798731,-1.5305136737761629,0.6028634274868843,-1.4474649113498288,0.8157425678202648,-0.5963250193103714,-1.2152046469981475,0.5132580573501377,-1.0229702754590393
0.4721185634513408,0.18263221922103887,-1.9014352076667582,1.4161360139662222,1.293682540826459,0.951572391930439,0.9728774187355737,-0.7287036324757864,1.1591545947014599,0.757993704029023
-2.0921205623626267,-0.965440519641181,-0.7579811788152101,1.477784015149758,-0.965813948833352,-0.5866291177650639,-1.2840012185139795,-0.477520225102435,1.0343939261671615,-1.4233655572998392
0.47184505691940276,-0.8769480150216861,1.8835580294344356,0.11490671262382768,-0.08406764165968193,-0.5809080686806215,0.2149511095810707,-1.4709192584222037,0.09736912000471974,-0.586782453956802
-0.6301123743978732,2.0597306153770307,1.403930616626479,1.4602517634966279,0.8502629946764404,0.40802652508755355,1.4677590682351793,0.3281118397140005,0.6182888358888906,1.386830164189005
0.8161270108168684,0.4434191945226182,0.7956410240782421,0.1110027400411851,0.5078733880825408,0.6040953019145479,-1.2344699451773575,-0.736334119514982,0.7279129202836709,0.13181762025200805
-0.017674707177673894,0.29353581167098075,-1.9827203776079223,-0.16942297068125245,-0.1608294288681241,0.1800042626708038,0.8549492138349446,-0.3652208141641593,1.344303810472383,-0.9734506515818665
0.6937617839917773,-0.5190582087634449,1.1678199185844758,0.22086155458877554,-1.2060976206082445,0.10325636657323586,0.4005797688046432,0.22543139080311586,0.32886691378671545,-0.22489823045315285
-0.5591301154967374,-1.6438890343209887,0.5829837511427074,0.5076857168328857,1.910047097842389,-0.04144474776168533,0.27751719576818557,0.15098027633773567,0.8663862124321716,-0.5143747735319756
0.15061717737361677,0.027226988361856264,0.743559955608982,2.221756960028139,0.33097438675311297,-1.4447253798475705,-1.1721220412867819,1.055161519108846,-1.6638921589463185,0.31648843847241465
-0.7306413571422481,2.697993252781374,-1.2122495180476294,-0.6619399825666159,0.7813411557748086,-0.23180017871480083,-0.719196338504868,-0.9655029868629179,-0.6569046047016496,-0.9062401484337957
-0.012687098971051225,1.9251081563164314,2.062493143749552,2.045228051105608,-0.13018657976860498,0.7158499722635742,0.12697252830385955,-0.8205732436862302,-1.8042019378547445,-1.7620868479270044
0.15510410798048502,-1.3635993320636575,-0.7954592757761652,0.3689999622492312,-2.3322494598122225,1.4678575707104438,0.052858388360690456,-0.37642453575091295,-0.6383796124000124,0.47290733676880564
-0.9647369836457719,1.3207144715516534,0.8675788607771484,-0.7244734879057069,-0.19615307202296195,1.212990531083324,0.4057612618644323,-0.22620355418348312,-0.7444180501693718,-0.11235458756647873
-0.41353747400026125,0.30904205863654677,-0.3138703766075887,-0.9674382040394301,1.0974919780391754,0.5434304774257664,-0.9976006636075523,-0.5896612849673947,0.7098672181576153,-0.8387519936708103
-0.1701751246917414,-0.2908103419782385,-0.7233384421200073,-1.0615946145544612,-0.05478577730074136,-0.9304225568824077,-0.5964497815414027,0.8494442723099546,-0.7171004815133719,0.4573485813195777
0.9572669387277578,,,,,,1.4549996516230084,,0.2644486244190397,2.7603514857231057
0.8837695236311351,1.2728885143306907,-0.46108541254153945,-0.36874587198763564,0.07231993531488866,,0.03784958409490603,,,
0.1210654559360907,-0.3727238141367191,1.790503827290157,-1.5203875501283175,-1.551773470624534,0.4806932988360236,-0.06935092063943384,-0.3072264269893156,-1.829226465227154,-0.8782752647248026
1.4779727216183598,,,,-0.3331172603542406,-0.40244814818393504,,-0.5441465183796595,-0.10090898716930088,
1.180819870512825,,,,,,,,,-1.2823954710465648
-0.17027623448189128,-0.07768028184983254,0.16161461962043797,0.8834247134389126,0.5164857450318513,1.5630173183839977,-1.4304620204485246,2.0913272856591503,0.940197042914702,-0.44239207854238294
0.9890290847148884,1.7665020760457188,,,,0.7547803128673548,,0.43986163862015365,,
1.258677328049505,,-0.04480459716454507,,,0.9367448596789172,,,-0.033966192210892775,
-1.641746894237526,0.3913191446465476,-0.19493895233505631,0.3173220460246317,-2.150842767850777,2.5332893764742526,0.07351657733243909,0.4617284337111617,0.3872853583169604,-0.316012447966236
0.42168744946289666,1.187181095718545,0.17830848859022133,0.8582937239987144,0.769037447921401,0.7064002451157041,1.8508848063651804,0.35263994347967703,-0.07683697363229423,-0.04255050389105706
0.40859646398378724,-1.3522000422541174,1.3994468742069628,-0.2438465186684161,-0.09200154767047025,-1.3032093301258612,0.1094661087262083,-1.3555301835815898,-1.6824812117260641,-0.7301618672758744
-0.24655423754005734,-0.8576136247387885,0.2858280812768592,1.2262251213845001,0.218218712471425,-2.216486894890925,-0.018434815824399736,0.5807567179683559,-0.3702500853002431,0.31552688343065977
0.26485865548885656,-1.0997380183476537,1.2045233745515804,-0.28952903874719343,-0.32885221643051127,0.45200640111109003,-1.605075800564836,1.2659961539529112,-0.9823862077720777,1.8092175925697027
1.1264790200887618,,0.3332829534347206,-0.9560063196712248,,,,,0.7850269633040008,
-1.2173988492647658,0.8410342481510488,0.5192530760011479,-0.4795847018411749,0.9751325446961263,-0.27046552166551285,-0.786129103527776,-0.19069570717917,-0.36969917479976805,-1.4839834999557047
-2.636516418744809,1.646847132153361,1.132281495828501,1.4780964975573627,0.9019566962460556,-0.4138717159142547,-0.17599380826059557,-0.6160232093574611,0.5411317063717865,0.4729413119007011
-0.3428574688536606,0.4381338816275391,1.160114084483405,-0.002885210907243981,-1.1637003483967499,0.4565167436965568,-1.2230368896317036,-0.8088574762505597,0.2761858774060352,0.6186693095532848
0.09532836324744,-1.0129467569529123,2.785098586682215,-0.521735066817042,0.4549516561504986,-0.584173761310691,-0.9398502095382979,0.051992693002203806,-0.4422595301063069,0.09525121705529202
-0.6559236533972436,0.1346903041698293,-0.7503151795547495,1.0764823601540825,0.2979026942941835,-0.12539040961445677,-0.016476093313509767,-0.376972161673667,0.119367436053551,1.4976203104478012
-0.571269500927883,0.16040882881806406,-0.7675504369703138,-2.481907990018375,0.6128936636033697,1.0783855401174351,0.435614296108475,2.334674889125901,-0.3597396364703417,-0.8955191625288498
1.1839351795596635,,,,,-1.642626181642486,,-0.9202137450696855,-1.2065345937841756,
0.11735391816048928,0.6662418814421103,-0.1302655967815697,-0.67935817082807,-0.39573786679684747,-0.6035388463257787,1.393582283043657,-0.006325083018856385,0.634786888578889,-0.2092645069197477
-1.8268387075750199,1.642976270944572,0.5804566847345891,0.38782693736791723,-2.1203857294434196,-0.13909902689700662,1.5424136001578903,1.2956582876664002,-0.21765503869468167,1.21936225309787
1.5702377801725624,,,1.2731050920582594,0.838836330603591,0.9357020771077162,,0.7848986827442009,-0.12555896655638038,-0.9041861730906282
1.5206433326394502,-0.11784213450569203,,0.14091927495643505,,,,0.014378273757007327,,
1.0740831416891419,,,,,,,,-0.1507578455662327,-1.6094500600989587
-1.3432476950112555,1.3652917692347564,0.45454151334102855,-0.9830383149497155,1.582945007857966,0.7098443337758582,-0.2560541347080846,0.29899881320831545,-0.876907924479549,1.9991198501510492
-1.1862562921237474,-1.2883701038992987,0.19468002468991907,2.8807832910369795,-1.4057601439658258,0.8152618976149412,0.06978893181222473,0.39942901351841587,1.1420599170006815,-0.6854328825406667
-0.257663201290645,-0.6893478633000673,1.4016645091493813,1.2722470943780697,-1.1240586243524537,0.38095105552983966,1.0487221311044372,-1.5902374385227696,1.3881490463215922,-0.06513833876340475
-0.453459381708231,1.3967540536565821,1.130822168897884,-1.3686421739356258,0.7210395858870043,0.6807130677841656,-2.180426704176835,0.5611774961145338,-0.4121434904845238,1.1289753171997854
-0.8552990907008032,0.12264490464478797,-0.5353675785041984,-0.6357052645358853,-2.188045079356717,1.0654944563630697,1.1606467982173347,0.07206370117537729,0.3706244478253048,-0.7336627775496762
1.074881430752824,,0.0623634119569073,1.4713470866693443,,,0.4446896374170359,-0.20874775486568423,,0.17202724031450703
0.36335337865856215,0.8792496669510736,-1.10295676879916,-0.40923817385827166,0.2991256864233629,1.108468896162485,0.9099308037013883,-0.4928813492377254,0.5192113950524287,-0.5205983897822527
-0.4126817730454019,-0.31171976502166543,-0.6425407444545408,0.7348812769190669,0.9308403739410072,-0.4003457414372174,0.1738203086389721,-0.38451253166045696,-0.9372936958013157,-1.0906767660934742
1.748301778478209,,,,-1.191192227294352,,,-0.02409677124936739,,
0.4728954699562062,-0.8611353360089155,1.4371315949506034,0.6871503594946492,-2.4054604450879773,-0.22415401625014963,2.1295978743742054,0.3575155700019493,-0.72486119709464,0.6396600862991578
-2.1181498956253675,0.26888467040647446,-0.5014631699412373,0.04288499467553449,-1.3301505236401827,-0.43041839422360767,-2.6115206232756645,-0.618815672911942,0.12115178222866824,1.1137861068383816
2.464338525140977,,,,,,-0.15864721111813748,,,
0.18354965600497092,-1.0740180049736319,-0.368860360943682,1.0597914642102746,-0.2481858030643961,0.520415079330851,-0.20942881357119925,0.2610233379868944,-0.6963710125610398,0.811368999731618
-1.3178259254741314,-0.8007546631320359,0.08137580972996462,0.8246496881143117,0.21150369946560113,0.5125130137741554,-1.218390740200901,-0.31621067026351535,0.23858079810614113,0.05589891181980094
-1.0815080829623431,-0.8431242256150286,-0.1314816398681293,0.7466006211252686,2.1002029142617253,-1.0904012237203067,0.050441386066023795,-1.0193548476191605,-0.024171553233106415,-0.38513721017219427
0.40830768587768035,-1.987998594315975,-0.3323421275903088,0.10853634434275052,0.20472004738016014,0.3281834547088709,0.15821460821167008,1.2569768830329264,1.3298927462872685,-0.20914248503278604
-0.5205271725707326,0.2006841755182818,0.8077105946964255,0.04146539471937351,-1.088676113038172,0.9593121058388198,0.3950242564657377,1.7587923444284665,-0.7476873686817481,0.23770709673409426
0.4327487613619753,-0.22360008749559623,-0.9475680661629461,0.2812467800485159,-0.4296751119766582,0.027770216432300945,0.04139501127086788,-1.0576296332565047,-0.4341902370114502,-0.4090621984268626
0.0671181086098674,0.47497894978167765,0.3213122406496716,0.8713374288483705,0.15657283077210526,1.997548352412509,0.3903295796274869,-1.3334300718277678,-0.38769248374833154,3.1938614377017034
-1.340093844494985,0.47829348071254363,2.2593353096775415,-1.2257874008556806,1.5881972237605815,1.5865961576297616,-0.2644303212820021,-1.8662365326730865,0.6286327358610907,-0.0680981225861086
-0.1658000683785905,0.6926817404982324,0.03383075851230739,-1.5631981447147063,-0.09359406272201082,0.38492521135502356,0.5152325298773421,1.2998568289730694,-1.9189171725111192,1.0312565514778795
-0.3615220724779147,0.20721306710862025,0.8890233187355772,-0.739513944420145,-0.3637931240158726,0.5835036758180623,-0.5723163806522205,0.3505252462412545,-1.0578097071716377,1.2293132107972078
0.7715600432878957,-0.7462873534341447,1.1083365082459748,0.4392589655233959,-0.9370725462542449,0.7031235236995822,0.7291675912107475,-1.5690644721199791,-2.4151692893794605,-0.3899486945942492
-0.7233721047233622,0.649396292378485,-0.6521699407253211,-0.588220198003861,1.8270039499928636,1.2742677739395505,-1.5080858803808237,1.3666801141046667,1.5856678571088145,-0.12067431619163253
-0.3717418399908429,-1.8704894967934564,-1.323274771324848,-0.0901581683080006,-0.44985910180683286,-0.32198472178342746,0.37894705479355717,1.7973123058767313,-0.5682156517690511,-0.5664584135818793
-0.11166020359934833,-0.23995310977119325,1.7164631673353419,-0.1745277064756417,0.9323468661098975,2.6103716751320096,1.759125494256721,-0.15961484816231677,-0.44457373507684445,-0.934057281972636
0.12623971887810745,-1.5551549979875332,2.2617440453794977,-0.5231314179770257,0.06133653893429605,0.29498520431138114,-1.1763217447833667,1.0242007731188805,0.49704815210553854,-0.24971776521951236
0.4049310016138594,-0.05833488579278396,0.011285806829844374,-0.6438592016860315,0.14615459800123537,0.4465750187198113,-0.7990819308715953,0.31316870970189714,-1.9014785378015882,1.2679191581779654
-1.1979695929335563,-1.6983469834385845,-0.4747496375951706,0.25598459487942093,-0.267471742994835,0.8437239768262461,-0.20623518517418282,-0.16548144969425801,-0.09536705302502578,1.751709236579326
-0.36661725621369134,2.5646813004595828,2.0394142883931528,-1.1286016530372052,0.9868420092587411,-0.555600532801745,0.2092031758120313,-1.5376450403495945,-0.021293889129743792,2.8554856145549317
-0.7100766153622796,0.8346210952625429,0.21903682700853816,-0.4347320376786854,1.3133384556702161,-0.3607450178564804,0.06137876646596491,0.33755497014657687,1.3198509408620502,-0.2893982040052032
2.3612830076699813,-1.692974965116848,,,,,,,,0.8530635663608257
-0.506518690790699,0.0070968730484023395,-0.4047165618019669,0.7779414935524191,-1.5056370859067838,-0.015654275687551778,-0.252133839292368,-0.8135623197093961,1.313251120618651,-1.6381724461967078
0.45915873189737233,0.5506801001197836,-0.2967914562547169,2.0422878746144577,0.5275279836277216,-0.6214958212402256,0.7107827786792346,-0.37562220953549547,-0.3090916023389293,1.2228250551857578
0.6383935341698557,1.170361723279565,-2.3874453461790637,0.45498923275439224,1.6201492455646636,-1.018494145350327,0.27562573719956185,-0.11885974903428445,0.825994482578671,-0.43767375564931765
0.9031484361667068,,,0.47503094640963345,,0.7611605682589093,-0.2662001244369569,0.15524505822696394,0.501545908003274,-2.1812575814182797
1.076040221629096,,,,,,,,1.563512571746279,
-0.2761659288152955,0.6205089686748702,0.04887236593215658,-0.2546355304999021,-0.3424758179341943,-1.1586469261889183,0.46493517792695427,-0.5379765377389893,0.6974349573674841,-0.353457859507167
-1.0861761621043131,-0.6000157899979621,0.438589656837693,-0.2672351404485555,-0.848140062379991,1.6828452298157062,-1.285310648181274,1.3758789145050845,1.1990560129749104,0.9569957224917568
0.8358795370089137,-0.6996531541166616,-0.4802553180351659,1.995891872565107,1.1299380673969965,0.5757797226203399,-0.4922592866769653,-0.8080958528559368,-1.0826695701688298,-0.614089444232779
-0.18648330790638099,0.2502030522021633,1.2872837856847141,2.2221791987849047,1.5905177376668354,-1.1767239885652727,-0.6719057638550707,-0.8675265000099558,1.1880881743851306,0.8846890063769313
-0.3861485475059706,0.00039805486573924674,0.3375996932710966,0.6705773183653503,1.3645038472300572,0.3313031307004165,-0.08276782087246838,0.5371741642282629,-0.08356300713043159,0.526626485225627
-0.059594694654820556,1.318718322523077,1.4043457701554884,-0.07109518088659224,2.2040679179572042,0.3286098335282266,0.5460822225607169,1.562573260076,2.1474071528810255,1.301817631431968
0.4530943807847896,-0.25476335677549844,0.43961831811772994,0.7226641869077236,0.5402948327688923,-0.10552947119305071,-0.6360031292108311,0.32072699944225114,-0.5475318903737744,-1.576303666702883
-0.790223169720913,-0.3574160543752021,-0.7014552676974305,0.297842021391805,-1.1881893305052198,-1.0829883148511164,1.3221581318233462,0.9937359626292097,0.36437952512520433,1.4558146024852188
-0.659913135493792,0.7883657021984052,-0.14447974390630308,1.5319246585432846,0.2736438149380215,-0.8408069047550943,1.4032480816770996,-0.35842177808351516,-1.1406853139522786,1.5595333036216943
0.674152705820079,-0.8300564850429696,-0.0696217014250267,-0.0985618504175877,-0.8600545158710263,-0.8242446710614058,-0.0659389112697857,1.016290698786213,0.8672855101776312,-0.5169688467668129
0.8657279351748514,1.5231739491392644,-0.8256959535242694,,,,0.048383942482797794,,,
-0.33373127047691575,0.05329624026601334,-0.15286159101259802,-0.7191792934247389,1.9176948347240979,-2.58522181048867,0.6025793514210334,0.6106233635549161,0.11049078784987335,0.3100302659990345
0.6680739440910048,-0.4939664887252399,-0.3333085670243921,-0.2831751061735219,0.5107332041188358,0.5478132872764753,-1.0155214472763487,-0.024887307234111946,-0.5744544866971597,-0.8967585002346222
-0.4315082319425629,-1.0765158756007538,-1.7610288347425056,0.12689072870809587,0.9842226397258127,-0.26506744865761417,0.9654799124579349,0.8138494723456511,-0.8272300343101521,-0.783535317424623
-1.392343300594797,0.27738011888883246,0.5497926722844592,0.03343356221674755,-0.7364982500717026,-0.04445424732875504,0.7273941345595559,0.6246032777380958,0.5463330841237316,0.34591081403004703
1.175562792880821,-0.9485518930025207,,,,,,,,0.6580917229395368
-0.016540052582598,1.4058452966836505,1.4122484163084221,-1.103443497916297,-0.05960205055221164,1.278932310040637,-0.7263169129839686,0.9911663253185727,-2.478917185385303,-0.051697157278909917
-0.6193075149650977,1.0707501614015968,-0.37140592596937605,0.8265878622132324,0.5309031937956564,-0.7472296333114458,0.8960633831894943,0.551930557240913,-1.5019487153488391,0.5308218900102962
-0.46371847109123054,0.47426733612230937,0.26193756646477645,1.0199217777810607,0.9573240511498077,-0.7746556483627107,-0.5069896278256261,-0.24359447187007283,1.075430852643451,-0.3947407422705025
0.32943474531079253,0.9126209634481183,0.05460082550298791,1.7385264372782347,-0.5361456118125647,0.5445017326373554,0.40025749660974036,0.130965192104607,-2.1298794315814455,-0.2714795392561846
-1.739205989338765,-0.4936785960402993,-0.07336404756037784,2.3043765882340788,0.7561701062227518,-1.0292868226647127,0.2006757374189555,0.4219520809571222,0.10081136686760812,0.018469495718436757
-0.5544091760930431,0.36095518259335113,0.2613637663289639,0.6795140538133154,0.8393332588655983,0.8067279945094865,0.10722386174621205,-0.1620002614880491,0.7415316114405569,-0.8219387390945109
-2.4727377084743307,-1.7375176774718173,-1.874321725779624,0.5623342033318105,0.13262848762238105,0.7874411794213982,0.5175477932983938,1.0378146480114139,1.1302858818774921,0.9452931750239595
0.9665711033715797,1.6382282264940398,,0.07473433410100298,,-0.5830167042636433,,,0.10182865560201763,
-1.1983785646352332,-0.7729722094491084,-1.1749593645994973,0.5357603117602376,-0.8632775487759083,-0.2795933259939035,-0.6071956269771926,-1.3653414294560495,-1.3168745974140939,0.9114506716917392
0.3268934369600353,-3.1978918619928045,-0.6348319114552344,0.8927571395256853,0.5648543266083216,2.1251796799390776,-0.2577457902799478,0.37557700337169986,-0.8830130924238349,-1.5466001043748085
0.36449998070033884,-0.3929070280231658,2.66537108002277,-0.5881785974377163,-0.42102255850875103,0.08103614444538197,0.9405728046763345,0.8559371862370194,-1.6608210586171908,1.3071996931452385
-0.16335820109253654,-2.6786686688971257,0.00263919280944778,-1.018328081285168,1.183254443878371,0.3449218017391211,1.0759045264595763,1.1939185855609813,-0.4568482127778317,0.24978354447167256
1.1367016609155647,,,1.4443838029533533,,-0.7872556988306886,1.9155656516309565,,-0.6666245374427451,-0.5736862481955121
0.8775474969063297,,,1.0434886705975825,,-0.28764791765989656,,,,
-1.2948082642615444,-1.653540584303456,-0.3987003763108172,1.0553262580127971,0.5802225469905723,-0.599454596111897,2.594262315425485,-1.072036579433257,0.549794782998915,-0.5288073484683962
1.213755629030274,,,0.9638290647884539,,,-0.10963847830053228,,,0.5183539887754418
-0.3088087068169982,1.3642708726014043,-0.9669140628294179,-0.9113171158501835,-1.4146952540265083,-0.20032826785074886,-0.6613463390137405,-0.2903957922286576,-1.469383303191287,-0.6859832702894968
0.4552434358666372,1.3655895261202617,0.04463944647974405,-0.4979625561617023,0.6299798071675794,1.1774561989770136,1.1227509421181794,0.5114634564078462,-0.7537581444158925,-0.05514547354146424
0.24260484493084603,-2.4542130643620985,0.027454366495863844,1.7245963108980011,-0.6398481787330667,-1.8150575697185836,-0.6658245502517749,-0.7017209156004173,1.1018265695248008,2.633690398246752
0.15573856141827108,-0.8526054137764254,-1.2103824054372765,1.0311894599797227,0.7235393316187235,1.1716212889990494,-0.528374174679838,1.631477906095102,0.1742741193891628,-0.7128986065201796
-2.0528521279149845,-0.5140263582762101,-0.5255059068047166,-1.070943324344785,0.44722638617506877,-0.692577297283578,-0.9515840328205255,-0.917064012209578,-1.4192278628236803,-0.5710511487635402
-0.5453113273618632,-0.2448789170479797,0.38204960640867774,1.5309743316903404,1.0103197333964624,-1.5635222934735318,0.8935622273365532,1.082784015486787,0.757650549651621,-0.4515614775800277
1.4644473241607072,,1.0667667022850635,1.0365527645996997,,-1.7980554419348447,,,,
-0.3739819027000927,-0.5272194534116114,-0.09518305694151832,1.1983229188656528,-0.7033685509490443,0.3924673429336378,-2.6894668826667654,-0.5254466064802668,0.7136068824358657,1.0055637585900636
-1.1126144635135224,0.2831083986877495,0.7788110709411404,-0.8097987764216493,-1.676879254492105,-1.3543583026716486,-1.60176852931108,0.7022966367342667,0.09327188176821144,-0.43989173164227735
-0.901276386461035,1.0907925575710435,-0.22408166777414934,0.3065083810374241,-0.9227393663007912,-1.1925381284726055,1.000055315396957,0.06988564543278113,0.156813627271544,0.31165030063881977
0.9745339687188079,,,,-1.0441961821840802,,,-0.32474900256884986,,
2.5108476066609615,,-0.16420541999913518,,0.15323909853844128,,,,1.065851051392369,-1.4978274657327673
-1.3664419057322175,-1.1562165517928897,0.36295785751025805,0.19505505591343908,-0.31130916995986474,0.6240741639401279,-2.2822603254463205,-0.26047541420836534,-0.03556493872300486,0.16103504979575262
0.04844997397964213,0.23471412611724685,0.4320842671356088,1.9312363928590264,0.6996745391711822,-1.5211427686722405,0.8241670862449483,-0.1636157319835218,-0.5857856812890472,-1.4622827984724107
-0.3085823367520239,0.1836791832888161,0.7357093400746225,-1.115785331315996,-0.4303820915585013,-0.5094541473632525,-0.5834647660748499,-1.5360829602308879,-1.0763718462671377,-0.31536206925321414
0.6145576767997893,-0.24506293161521117,-1.2098473737705722,-0.2748171888476982,-1.2546787074620827,0.7300153267104696,1.4846988535699157,0.08128962552243861,0.6607875196208854,-0.7274786162142636
0.21642431501453926,-0.07593679629527267,0.9504096316101559,-0.6414327297829318,-0.13046007943214463,-1.1532963667304192,0.588100104861495,-0.690631679599299,-0.37610946927769767,-0.9517405413222294
-0.25056931733412685,0.6539184247302283,0.2940736413976061,1.2149056782426935,-0.7170835888763538,-0.05483672200151866,1.0870187385288468,-0.9995617278345742,1.1414692430072926,1.4685381883041981
-1.157716722224472,2.3832862340374685,-0.3273195457322416,-1.7406436031194168,-1.1507264921703129,-0.20907431936597204,-0.46318480491468533,-0.8408976476409183,-1.2922586626623633,-1.4574755495312968
1.6006364510275195,,0.9511487120947693,,,-1.064112863225096,-0.5465665825301337,,,
-0.7146843319363506,0.7279961509589788,-0.6095479817587754,1.2269804394584247,-0.3899054539032106,2.423092180814316,1.1979224747516568,-0.05237699044383013,0.06836068628938542,1.3707342326070433
0.32585036932367445,0.5998692383166114,2.114118981755168,0.2063967454572689,-2.101086592610344,0.17259445196690432,1.1727004688097449,0.31456014450139824,-1.1580732177568294,-0.08513574830630347
1.4839218745831353,,,,1.146498620393953,,,,0.0017484735690006911,-1.4809701903356947
0.13074209051015914,-1.0900037846125814,0.14570951919674066,-0.8907546878986742,0.3318128437844218,-0.04970684409120785,-1.2635819263903476,0.5524813196948661,-0.14681401470417693,0.31801106395179896
0.1959226334793825,1.0018217076959302,0.5753195267932665,0.40418563264473595,-1.902837380366889,-0.43784856732886857,-2.638833937708922,-1.5017327882903673,1.0441720547203002,-0.5845051134661967
1.0205468254014984,,,,,,,-0.6136262800351903,0.06994918835073834,
-0.03213878512636844,-0.9282105003841681,-0.8793136024091514,-0.28634138209660254,0.21691375896355938,-1.0060742059072434,0.8493076289773692,-0.7548895714832365,1.1995579655637556,0.16110159287095735
-0.43082589121410103,-2.910646656473813,-0.4503573473710401,-0.07697182281192722,-0.03238571992821615,0.509752078529813,-0.46631361282603373,0.5229617364523999,-0.9854802784277561,0.9299630695720787
0.9440547827836084,,,,-0.23487584511122625,,,0.14525963989625443,,
-0.5292608400060451,0.12479905347410099,-0.21816159837137852,-1.4070681592534349,-1.125710159547204,-0.42456722389283735,1.3268516136120456,-1.8821102523551174,0.3476523916177745,1.5581881389168297
0.965377290575601,,,0.641016061126243,1.5081245509926815,0.7181077081259483,,,0.17826045288914746,
0.6349103359442392,-0.6381202203140918,2.9907864747108754,0.15794730703028878,-0.184800273792068,0.8442134314298677,1.0963674272721577,-0.6847264863836915,-1.7090893395644027,-0.33087842766778675
0.28467603748236375,-0.7416218119578225,-0.02533681189822606,-0.12818996173086275,-1.6358282927388677,0.6611989807956542,0.8982616823561488,0.19680772258879972,0.38800708812263796,-0.6532702322756127
-0.1194897273646712,0.6727928368476059,-1.3667957083581248,-1.0220169496153895,-1.425837583890924,1.6841292464289175,-0.27716186839389273,1.436839953666775,-0.07410500047409165,1.7938008000145926
1.232365271860789,-0.6845256535119645,0.11342890600699149,,0.6620072932648227,,,,,
-0.24641062245168593,1.8236789141300167,-0.8640584456328968,-1.037874268241937,-1.0973009612876792,1.0746390181636245,0.9629610177245701,0.4448146166552369,0.3130337833842226,-1.1830838133190476
0.2714051522308472,1.23315445877965,-1.0819786235888258,-1.2205733718000749,0.3114806281031432,0.7662148771684397,0.8157509630036053,1.210479902765593,0.1604583715745247,-1.657072437334676
0.516141720498484,1.1885225902901124,-0.6216839081096326,-0.13716856418557122,-2.176668232508061,-0.27996949417797107,1.597757202967623,-0.444435779300728,-1.0560929019256216,1.960089999386416
0.6149924600565644,0.4760515388374854,0.15586602779792103,-0.6743204558915141,-0.2634456852002642,1.6613670896783337,-0.6865825280717006,1.3653413807909593,0.34909197624220395,0.3544173519122549
-1.670156025070522,0.42512203570171303,-0.06452501709361376,-1.613144922456881,0.04172234401055384,-0.4256198501284398,0.2649233473676702,-0.8538508996892881,-1.0151236414760012,0.0949583820735035
-0.3953224392716184,-0.3374819281563128,-1.2204430571554874,-0.05735381596606533,0.641035177570771,0.2745269967755071,-0.36857781181682336,-1.641719010033702,-0.8519234003059363,-0.7442741569733705
0.8389439919521346,0.8025703319268835,0.31134188136578805,-0.3466844806105379,1.3033706784533619,0.6289817650024024,-2.0755103906642445,1.5820215841418364,-0.1624664026283524,0.9405008802014544
0.47055525724638564,-1.2901780510495497,-0.46737076928610305,-1.9263294720695119,-0.7740132782449753,0.14186745526562533,0.0684155533851445,-0.6699677764310021,-0.25298135081446727,0.11013165333765293
0.6714439445587088,-0.626428117677415,-0.1505077756012187,-1.2539626739341558,-1.2185612201877722,1.130105936539023,1.529108331877227,0.20544031967772253,-0.3252949650278754,-0.47094529962852516
1.2206634301303025,,,,-2.5438898835409423,,,,,
1.2014114088717014,,,,,1.4390521738784938,1.0551443746384164,-0.6038724672799645,-0.34450082345960675,
0.6318262439711718,-0.051623285568331026,0.38777020261464207,0.6318877450771561,1.5561605643717151,-0.3896590060715431,0.05406067177867674,1.5664003188267182,-0.173587949940854,-0.09029514005063975
2.6395329738079023,,,-0.5586641136562494,,,,,0.08939799313134872,
0.8750632857237732,,,1.6588088315714489,-0.2828546096614678,,1.0817314859583784,0.14843081731252505,-0.027236122641490754,
0.9203370781212046,-0.5500503483783095,1.4459953431456567,0.08475768097518968,,0.8961800787267216,,,-0.2683212402786797,0.6565657205434834
-0.06041212282141654,-1.8826648915564461,0.7905032656984725,-2.2320930675174475,0.14157425307631902,1.8949684656311447,1.4011051397821275,0.4023250037297441,-0.5112939621654264,-0.06273427709516738
1.0513750136299564,,,,-0.28155192200357565,-0.4718852885039117,0.41427234270762103,,2.153501858675841,
0.32272163484227345,1.1751535707868976,-0.025056677472570923,0.09735732474940592,0.6092679048690016,-0.6764348620961984,0.2009090349274292,-0.8111902035478121,-0.31868449788806785,2.1466985765553317
-0.14443361741034158,0.2217334074477222,-2.646283022484083,0.4406193080015155,1.975978072409887,-0.8484836789582701,1.0839806309046116,-0.6199166209411547,-1.65550140170965,-0.43751332785081193
-0.6832841944783982,0.11530810038669609,-0.30269454395538287,-0.9985957145740747,0.5327123238285628,1.1735436129382621,0.6494428724483763,0.17808539754735433,-0.07746304665103869,0.5855104652470396
-0.5504371524292198,0.8414072676268298,-1.2813714205569036,-1.744664543359333,0.6136125825310819,-1.0732424401807494,-0.7555644968754363,-1.037875397249737,0.5964911520272985,-0.7974537600760897
1.390097558343253,0.768107200532303,,,,0.13009685536842946,-2.289372961693107,-0.527794396224218,-1.317052338923432,0.9099561598388645
1.260588076271673,,2.285566152811307,,,,0.3821034385772011,0.9463149385930771,,-0.3390418574418708
1.1231681323857703,,,,,-0.48710267073095953,,,,
1.0174791927013545,-2.874188986743526,,,,,,,0.23060948406416704,
0.2588809259788048,0.5409331170255647,0.47938847482278424,-0.7075737644028888,-1.6470724946499473,0.4009635774019607,1.4682468606950871,0.6116238906335777,-1.3292403515488687,0.43983564447326057
0.9598675644225113,,,,,-0.16498584301137786,1.01800125304408,,,0.7352720071304928
0.39750040553949145,1.4829043012334164,0.9286131025316402,-0.5336626118302978,1.5668442647193241,0.3247891867630254,0.7260343020721165,-0.3307817243936854,0.5348852418023415,-0.4971845699486072
-2.0998657306257353,1.8430915523754083,-0.839246936502441,-0.5314555829876213,-0.5955322797133378,1.848696692840147,0.516394239415591,0.6669870049811168,1.0005271464967027,0.790356056228471
0.25574522336710376,0.22301423591201008,1.5329033352864152,-1.1770893986396413,-0.8494421099458659,0.6833200028227998,0.3644639339185024,-0.31278906307602816,2.4110392191319376,-1.153555430489235
0.07977261813097289,0.31154606043174377,-0.37750363285518906,-0.6391906014590547,-0.28004815537133054,1.6159366979401784,-0.35726907835428656,0.4156655847169021,-0.5833160521306701,0.7343912673807892
1.099379180655442,-0.16924528598384075,,-0.10986760863211928,,,,,,-1.235023024127237
-1.729005727495966,-1.401131965202401,0.4601010392029406,-0.3530215578572788,-0.6318084005066242,1.8025910331109694,1.2024349043309401,-1.5899466926250567,-0.8680056185367515,-0.9485363316564136
0.062369680639750825,-1.2915216882929146,-0.6811013323807226,0.4176036447696907,-0.13367615808654748,-1.3100933210377748,0.10158773955441622,0.12945144831404473,0.21469055562898984,-1.407621113297523
0.9809234989927298,-0.4973303016728206,,,,0.5962898569792133,,,-1.6194719305780974,-0.3276473145284368
-2.8272044340370446,-0.833640159992531,-0.3348398303560817,-0.49338992342287785,0.5095785275638198,-0.02128984862726303,0.4475185488253216,0.2810627992385463,-1.484428980744418,0.6014717761443225
-0.5396941398098871,0.21517255628156404,0.46174613623197125,-0.7953543682409457,-0.6910298008638663,0.03376226131290183,-0.48151102412151314,1.719827483836256,0.010139918388085757,-1.1623413614852909
2.0848023381331373,,,1.517865089229328,,,,,,0.2993019467457307
-0.20104031631997182,-0.14106892207552305,0.30655941476426557,0.6347938455624785,-0.7777788625888029,0.19292331629778353,0.5263353462921759,-0.501300764369535,-2.2254815845554847,-0.769918511278554
-1.3034335519053548,1.1852223376591389,-0.9622817297737696,-0.9969081156820279,-0.6482778683945473,0.8351240876441016,0.8790816843208754,-0.8051188973070862,-0.4507008964664256,-0.17613387532941846
1.3909421933966961,-2.0520288272497744,,,,,3.1356838618251115,,0.11313370025818052,1.477550402082846
-0.8741263443306173,-0.48555269325548395,0.07663296986359147,0.5048292304835892,0.3375320319844144,0.20512247923359636,-0.39608096906754264,0.35282703121229464,0.26894819640848905,-0.010227964284525186
-0.2650184541599253,-0.5193289842517238,-1.463934110288255,1.4238511598092927,0.7499513484077535,1.0068621731493914,-1.1586710830466522,-0.49986497906106975,-0.07016893460037964,0.3573369435764719
-0.7694202717320935,1.7340274908402868,0.8800115733469231,0.18117231897277347,0.30315092263658777,-0.2209233130092935,-0.6814598563961759,-2.410942163530294,0.8762850566492059,0.05853365362562638
1.1835197040476928,,,,-0.7356237497298163,-1.194901259611622,,,-0.1940999592507032,
0.6846719246066671,-1.5183791122855834,0.860299185164939,0.14167004349321227,0.7004674891816582,0.5145387135721806,-1.6742774063124404,0.19817989801524596,1.4714278787607762,-1.186842829397154
-0.9243393306597978,-1.9892006083301037,-0.4504510719656596,-1.4717516268820516,-0.8605805907866781,0.24642751588932957,0.8157200822621998,-1.9401322562913024,-0.45987420224644465,-0.2329435882499968
-0.12989406335485093,0.7994163495808128,0.8019915740305581,0.8857710093800741,0.2428113707126597,-0.2511749626538214,-0.5094081034114342,0.6035598182346178,-0.8422370216376495,-0.8356381358843863
0.4989309924668131,0.7476292238363066,0.0015905321673910832,0.6348029824195898,-0.267655649624515,-0.14886413046087005,0.366677500522463,-0.7843832661180918,0.7182103064796248,-0.24171079463386552
-0.17745643961432073,0.08816970783137168,0.8311808789502528,-2.205838458917435,-1.2674763305498564,1.026586515649012,0.4886094591707111,-0.44058874334421033,0.06804900262901682,0.5970140502699294
1.5530492762910244,,,0.5678508088552607,,,,,-0.049038691554432495,1.1002971783833324
0.3542929359850081,-0.0668241998484865,0.1896178749501799,-1.394382013641528,-0.2710538733901743,-0.525699739952582,1.0020227257281842,0.2492208664705018,-0.23688358295327838,1.1132595492230957
-1.5115813191954075,-0.9534841299633082,1.2640294155772416,0.6417503058803546,-1.5837877373814444,0.21812414147122258,-1.266913955656265,-0.4261111907298658,0.45777874436843885,-0.033954656771973256
-0.06893525825708968,-0.8233205676911287,1.153767221924873,0.4966548371312078,-0.8050963031422628,0.1223312299266113,-0.3098420955613641,-0.5479100461947205,0.144368126146981,1.6720538103586768
-0.8670863201688588,0.562371352245062,0.8552266732762239,0.48804210622860433,0.9127598616628317,-0.06856379798757989,0.4914655020796892,0.12281284556617036,-1.2832258753121144,-1.0409490841889486
1.0548166227010825,-0.45913842391192117,,0.7653338370565413,,,,-1.0299515545441773,,-0.8234541292670133
1.2614994649676399,0.5729076833083964,-0.5219375439785551,0.5944588138417092,,-0.7644337939310017,,0.7780399821043529,0.27718225977815675,
-1.3476287271790695,-0.1761079251322213,-1.094877989772302,-0.0987541532735456,-0.034236352004327515,0.7120615533985284,0.6459399925622669,0.982495394300203,-0.017699566347266306,-0.40176982589002613
0.4391919318913328,0.4234023915041792,0.37900816982680163,1.9099576395878335,0.6646384241421508,1.1834292301858562,-1.0840791332890798,-0.9737608988226474,-0.7741621192370194,0.015169683253079332
-0.14293164956960303,0.2635965693315124,1.6526125866958286,-0.08963906616009658,0.48405922854984557,0.07665026504168677,1.0822848385011437,0.6372541030191541,-0.05014216831927768,0.9612597990680123
0.6103985828722901,0.8637557731017147,0.04453692422037005,0.6648197881884049,-0.22718643964998925,-1.0170978268943114,-0.4583561860892465,0.6123250360771528,0.534155823076657,-0.6863152937371748
1.376120741216033,-0.9933922419319646,0.1648440251864073,,0.1950483933838777,,-1.66677558267773,-0.6089066215565291,,0.18748030200234542
-1.3547027923621517,0.9678503937522087,0.22107821480586237,0.7535998704257821,-0.33816558699017946,-1.7925897741498542,1.4875083525459178,-0.17126087939869744,0.9884633056977145,-0.3842969266185343
0.09287476299246517,-1.6269160022526068,-0.8276915439589282,1.482156527354822,0.8729446647851984,1.1843425107419583,0.48645241133025335,0.25119085463769536,0.954744517128809,0.9148198040867483
0.3021069837331905,0.09582120323480652,0.9579666203398483,-1.0361445216818017,-0.3005401156390509,-1.394754115151269,-0.9515582954441199,0.21013406629066708,0.7744714822912164,1.8252871817132812
-0.11229055462835769,-0.40342050654826206,-0.07370263479531972,0.2419921998969132,1.8023356645268007,0.008438676510202506,-1.0942001191387345,0.3862515801665547,0.08468056835010973,-0.03766038090538444
-0.2673952744418173,2.070910532658766,-0.5046163944404775,-1.5351178319556216,-0.5996936657097593,-0.4901173024442733,-1.2658695283423207,-0.18882381736196152,1.6132559868143939,-1.2706500088382335
-1.3856418444769902,0.7456448666000111,-0.2007836743989763,-0.3816476397556264,1.080006928021083,-0.5544129755762965,-1.5655896873792883,0.8006606894283864,-0.060696374475794505,-0.1142162826149032
-1.9493488904533918,-1.000529971367802,-0.19903882105031415,-1.0645718154670587,0.9555351736739941,-0.06431016583021598,-0.2401278458206822,0.9745440894673308,-0.5832640554948183,0.38566161423995804
0.0007765238733517572,0.8394955329392224,0.43794423924766507,0.6267354793685951,-0.5093059749666616,-0.5597176607755959,-0.08993280650074126,0.620747839760409,0.38138228560282644,0.7794723932478993
-0.8400027276070414,-1.3295336078106874,-0.477732721701714,-0.6494476761607931,-0.9414841426328168,-0.208393925558178,-1.2760323012222827,-0.5557231611161967,-0.9657896586982311,-1.1671785577541567
-1.2296529462680856,-0.9796949867278527,0.5155853235855765,-0.28251534816593804,0.11113316023687848,-0.20490521671893425,0.635851345065008,0.5013829899310844,0.5305651878944707,-0.1859078540473937
-0.03622446148101285,-1.1797065195704635,-0.7023998812878144,0.7350456415328026,-0.5528809762191923,-0.2554424703726508,0.596719057808754,0.23490952162767173,0.004018834096980324,-0.24786260211675992
0.8063610893638922,-0.6665164494169461,0.31349338938515386,-0.2853742837796102,0.532004441552434,0.6186925469021028,0.10459365888966403,1.043671503611641,0.6860978160874959,-0.29537274009693726
0.2092461513471393,0.25148413681372683,0.9435938317748834,-1.4639365604284291,1.0662403925162003,-1.5594944142775593,0.43777472694645325,0.4308468746621937,-0.20450809568656644,0.5790924856356092
-1.1888087112699448,-0.7978364554381674,-1.0599059341039527,-0.6628155083469012,1.03071780503417,1.224304115769544,-0.09576061884016404,0.18026093456439418,1.905405373665959,-0.4182456724226979
-0.6759577224307626,0.9092205318577903,-0.527377755977222,-0.9692702715177492,0.8658856456126133,1.354524387861016,-0.4946462032695362,-0.03498625621627814,0.8854031961850496,-0.7596249895836095
0.9356529905856915,1.447380614044966,-1.2347402937750922,,-1.613579845731625,,,1.0844808974533797,-0.963379236829296,
0.35956264675683,-0.8253372387971951,0.007263869460060357,0.6451478290440589,3.0968250435724,0.37786237658348976,-1.5816375863929761,0.6897404047726776,0.3063866950474464,0.499441899821224
-0.09896633168885009,0.8782695138037905,-0.25163424171142607,0.30536629811417193,0.20293934903694621,0.10488334876099095,-0.3275836555916756,1.1164217120286473,1.3768430819178374,1.9328399877246871
0.13032148451251274,0.22836057669269416,0.2896923884215374,-0.7885266296084817,0.8868065790148232,-0.2638878965672364,0.5947724049881263,-1.1497175928771795,0.5702871912537737,1.2889734827860575
-0.6423314135329347,-0.4236894859537245,-0.45148464743739947,-0.4506052805527529,1.3653851636861487,0.14945588823208864,-0.926103207256722,-0.7781325036278407,-2.0068314537903365,-0.7260176550627391
-1.2129120585622577,-1.167834379185652,-0.37989584976419244,-1.0418504427250954,-0.1212800470790674,0.3976877366546256,0.3325994043981456,0.24719918190098436,-2.50507228527554,-0.4728486514729469
1.2788572690631872,2.1358941824138453,0.8087845476519254,,-0.832686359455634,,-0.1542752061319698,,1.1488550356565959,-3.0827025895261695
-0.07048681660742559,-1.4746230742823718,0.5529782637683397,1.617843912528915,0.49371659957452396,1.970159395971738,0.20877635777726505,1.4434593898625545,-1.5901940798220018,0.2102530484980547
-1.32412089587639,0.3832375347466564,-0.31979763858021776,-0.19769227919882465,-0.21363074990075645,1.0493010969709184,0.19307895724933893,0.18799423445205463,0.016599038883149307,0.7180987345344089
-0.21947806898862535,-1.1050001193068353,0.9606862292725592,-0.44032035189628144,0.2795082781149667,0.7631380873650088,-1.069736400684321,-0.8170088525905109,-1.430927565151567,-0.34860267313510496
1.0579416463740563,,1.4132659567577677,,-0.569668870754399,,,,-0.18037344481814271,
-0.4446423736248372,-2.5250221651034424,0.08700245054363649,-1.2446714644389074,-0.36146839770043876,-1.2602641709716327,-0.18610082483186605,-0.995986938899225,0.06832813092901192,0.694511753390859
0.31290600082376796,-1.4731056781115701,-1.6649234482207667,-1.2823049684545642,1.0255940647630983,2.188732070900521,-0.6723118197777121,-1.0236178063583683,1.3868062357975595,-0.418544312299566
-0.07904668767402025,0.16269061328743362,-0.6842915057606637,-0.7754426323162577,-0.07764926377156814,-0.4110770384796092,-1.7807110217807653,-0.8985493572175826,-0.1383919489963506,-0.5543265814064076
0.4967642583092757,-0.7787912033832705,1.8125086885821118,0.05226213710627759,0.0746118799896865,-0.5143069715382044,-0.2657612939769166,-1.8898280125862517,0.00038643760485310754,1.9681344485678507
0.8965231814317429,,,0.445766470306595,,,,0.11257628459996684,,-1.631272219825222
-0.11889679575775167,0.20655628376442747,-1.1422675938228233,0.624054768899737,0.5262725215139196,0.008604641601596984,-0.8587265738852723,0.0192918081159242,1.8418827164495795,-0.9249589176522728
-1.7575036145712797,-0.37187209039091856,-0.8101116747658166,-1.8536600105450598,0.4073713609361728,-1.319174634156526,-1.4228886925901472,0.8201177600010248,1.401089945281383,2.5870756286629346
-1.5574150426744096,0.39308570949068705,-1.4018209920500806,0.07153667737197054,-0.1565451385095799,-2.141989604515469,0.5280654561722229,-0.0014776096180918977,0.6046133189778254,-1.260268301072408
2.1146542941726487,,,,-0.013794839491659747,,1.0899270251381157,,,
2.171217052034256,-0.055880395294157066,-0.6390220042858613,,,,1.3313709446573454,,,
-0.35775970232852794,0.2527842364610405,-0.8511863308774799,1.1263369017347042,-1.3088534756204617,0.9773449350966212,-0.0136987250500017,-0.8694726948564515,-0.7197847161666977,0.4668813666178967
-1.2146552149625294,0.5253113739028398,0.14676118146019013,-0.4196861921198715,0.4634598200331462,-0.8244209332096846,-0.30258469871895194,-0.412748887838916,-1.2954127485788345,-0.3606045097314764
-1.5935819449463404,-0.5841473141465844,-1.755466808383696,-1.048643092145962,-0.9489947397329163,0.3894561997299961,-0.9861028302657228,-1.2772650494645932,-0.40963733690197635,1.8721635088524533
-1.6868364233715138,0.6733089659061208,0.3283301394907918,2.065700896537533,0.2709252344264504,0.021934648737971938,0.016781316220858596,-0.0572111168724334,0.6814409736968228,-0.5557409740352078
3.016575959576485,0.8392897286107296,-0.21066173793233803,-0.2690414724632248,,,,,,
-0.04815992598308444,-0.985818172262736,-0.48593261412442934,-0.5256872476355924,0.772777821451204,-0.6469491259740409,1.3916020375078597,1.4478383160213864,0.7110997288564803,-1.1450494722064322
1.4331618334194944,,-0.3363448557950577,0.5140471471993615,,1.2451821045570064,,,,-0.13355733996433686
2.004736162118626,,,-0.13627329010567163,,3.1071230503704395,,,,1.3146294536761673
0.2443332735548772,0.7155991676671578,-0.951718407724774,1.7749969228298383,-1.0790736523196294,-0.9705462351612659,-0.2829503973753378,-0.5700861751051968,0.43464268570611464,-0.31571843080390327
-0.8690729160414129,-1.1206492109845143,1.1880886096135648,0.527896421576193,-1.301136862026991,0.6383635220716456,-0.3200811683314095,-1.5778756192924344,-1.2405891162130178,1.0162872857414271
1.3507773251766864,,,0.5146065714278126,0.4919630107213935,,0.582860206087664,,,
-0.0784531082327305,0.4452894791808288,0.12408964280675885,-0.4671757359649027,-1.3632049977783185,-0.6685827890830596,-0.4544588839474359,1.1948413806280385,0.21304769316530406,-0.5650521359405722
-0.7363717007765219,0.4406138659455453,-0.31341465408787944,-1.0532064168121331,-0.9297012691367823,1.7629683683789543,-0.12678135486486045,1.1012137481213298,-1.765204201445772,1.1826903072058985
0.7783892401841325,0.8911592893964059,-1.5982789761988299,0.03201037353620354,-0.8183404480905232,-1.170861182897503,-1.880410715327784,-1.0768464507843796,-1.1499811716543498,0.7856866649830913
-0.6068981530754641,-0.15527949473456565,1.201185985495023,0.07138529216732357,-0.7159596078777517,0.20410615360334344,-0.7836614657082328,-1.755839437240054,0.37375316157905736,0.6477438537900301
-0.1939913650134288,-0.1306026684222793,-0.4234649482053675,1.547124466541936,0.2998915905286391,-0.12759182584361425,0.968654788255158,1.0586276527761782,0.44382771380606584,0.9669282122059073
0.5562160278301775,0.04939887991957601,0.9931619516124781,-0.9343662816306948,-0.9547101973657202,0.49603843801273817,-0.6785165515081228,0.8216859925177459,0.2506607486998809,2.0703812752341655
-0.9879578812601166,0.9318784397738968,-0.49523920206973115,0.29298596382043324,0.7283245506445573,0.3958603044497526,0.5069840958964325,0.42129791526110494,-0.23909880462383798,0.8577238932283301
0.9108189097972534,-0.3320571744352674,-0.7815939536988599,,0.21201953658099013,-1.6019240991886257,0.23071944574217929,,,0.3939755956572762
-1.2079302442952167,1.2900545813239457,0.7855439771462407,0.24706918991956128,1.391939983237599,0.9648411670339103,-0.89288419362402,1.0132317697022732,-0.6840603287828764,0.9195844142810223
-0.41962873740747114,-1.260883085006989,0.4266680149497879,-0.4816524070728085,1.0803216769037098,1.306521971119177,-1.72762000589373,-0.0004568437116820771,0.6503854942061695,0.12521101827728406
0.14595637187199992,0.27004763620565575,-1.6017470342284206,1.597755182457752,0.6611269715358054,-0.6502038834507488,-0.7489794417928856,0.8665104840753085,0.2623349947988099,0.3639867044274767
0.5542589819261852,0.22768837651154944,-1.8800533094386875,-0.40951792712671625,0.5588598493939517,0.6446027137331797,-0.4739883341582662,-0.035652169711987376,1.1633211777376122,1.4057894787666134
0.33087593645575686,0.8887381696097709,0.35549949536092856,0.7058265640695681,-0.009799656050124443,-0.6021043535160135,1.850092739936492,1.799665166604241,0.027870220775468715,0.39634170104021915
0.17158046642320118,0.05334488300074109,0.09646067451074658,1.1738879158891213,-1.0679877008727388,-0.6100533333148944,0.9342790694187277,0.18691209683891677,1.2961103254920237,0.11075054515305346
0.39586969245418085,-0.16545598400969347,1.392999204147472,0.9114355518825644,-1.0872167913852522,0.6635395849857123,1.0772810155462065,0.007549636982929861,0.7387736769964851,1.3439956886174644
-0.0555771439618452,0.38688640912970385,-0.43394287232942413,0.5811566078183542,-0.8963761550156488,0.714387775310797,1.5858415266220856,-0.8321906719202686,1.3888509691696271,0.03664426532763807
-0.5703851650357827,-0.1364939213656132,0.10676735924656866,-0.3181193620986176,1.2166252187966708,-0.19666393539323254,0.39516720731062727,2.196892145955455,-0.09370816465890028,-0.40865973777302234
-0.30223960295351465,1.192169837589288,-0.01934057385954831,0.33547587346940116,-0.628881706978051,-0.22758336214154526,1.0318388054455643,-1.3931460487331433,-1.7124163086252622,-0.4381294729219066
-0.3393863592596436,-0.21017797124460708,-0.18328192172936666,0.068582603731248,-0.35684164180835315,1.4155530588682232,0.8783620956600153,-0.0645824455385656,0.9649002755193564,-2.5337434026334087
0.39114470258914547,0.9124267961250141,-0.5110145435649546,0.5852118910218725,-0.5791597737678217,0.38884673833826777,-1.2533407261064986,0.9560274089486196,0.05648708969742133,0.2854332420498318
-0.018612948645427264,1.1377926521093251,0.30528209450952554,0.9960965066684457,-0.4903322043894982,0.618613451565352,1.626269061920265,1.669317718031768,-2.5068300248156667,0.21497277098835926
-1.4245379869797845,-0.33648508714605785,-0.49660341798239693,0.6546817806175264,-0.08790777369838848,-0.6897838754838285,0.5806835129853435,-0.9878517288989147,-0.7232474988921799,-0.3328291950227662
-0.15193358758749512,0.22574663290873284,0.2378972734432887,-0.5735048190090166,0.28541442370218156,0.12631609252865006,0.05052738987166434,-1.4946031078420972,0.4893941476256436,0.61661842150717
0.7779680255663978,0.17135298407889593,1.086478524787759,0.5010712811454928,-0.39739299342710765,-0.04679807141169044,-0.5576504181860732,-0.9748472825597034,0.7126812798877613,-0.2431105452991334
0.7029318635176088,1.8760304175272053,1.0558844570487025,-0.9518431870373518,-0.5534903945486728,0.5821715831771519,0.42919119667025907,1.3363368427348674,-0.35496157420717833,-1.2527203155210116
-0.9175292103503002,1.199552468408653,0.1709087320313694,0.8445966383969341,-0.32615508787058806,-0.7198085978767025,0.669124244360814,-1.3164493587905164,0.5006492989595746,1.6343303527834105
-2.2483248241308518,-0.9275507309939457,-0.011533649410860488,-0.4561808742410989,-0.11602911425331708,2.2214642844635506,-0.6431354894120639,-0.2027312888961454,-0.9789787840994831,-1.3973338383662819
0.445387880503866,-1.615614241117229,-1.2978000875606022,0.04562249743471432,0.5876609649032659,-0.8671043898599613,-0.7392618211574475,-1.6338928671259871,0.5096265799381527,0.0353316523335288
0.010128803751641682,-1.3115055418941437,0.8117174309245798,-0.5003943946365649,0.8894885384403154,-0.6559068413333646,0.3262480844719843,-0.7547673605692026,0.9618457507507542,-1.2095348750045487
0.30128334877693563,-1.220765652223711,-0.42755745024004477,0.6392736536879763,-1.1411359289655119,0.46884381271411774,0.7554606287676463,-2.001430149398086,0.4756536233568647,1.125701395256275
-0.7482927859761208,-0.8594676006392623,-1.6259624853327674,-0.9614957502943733,1.0188955588371569,-0.41749047964893127,0.49989344781046186,-0.6245096448015305,-0.11208449888578965,1.2459231922409402
1.3467173397680892,,-0.20780284160425305,-0.7904163058297172,,-0.11971739518648843,1.2952639095296006,-1.6825189544168075,,
0.5118895951048809,-1.2927833104836268,-0.13603018598922825,0.9741084581438488,0.3147572249996178,0.33453871116427825,-0.8130704232457523,-0.21736500761264685,-1.0246726478471901,1.0128438711160748
0.42302850928448404,0.12802433403250948,0.17786962863873287,1.2141517304081377,2.0177918446951977,0.08205496727396813,0.08275651717582917,0.3972795823563604,1.452995289198517,0.775890177815969
0.3993462830199406,0.7729331387585702,0.4174343561073742,-1.3955591751124676,1.0704443478336063,-0.7955730000719018,-0.08551853505518653,-0.7738175064865301,-0.26222090150984706,0.23974841247184123
1.358786857403304,,1.4633410719038258,-1.6013484984615098,,-0.8471821746143744,,,,
-0.13263441723757252,1.4876898396284925,1.0317446156853585,0.8064203757869393,1.2584320145669974,-0.26922443716246064,-1.1547824431756106,0.5178873751140951,-0.35209368721388457,0.6013173889588386
0.9023195992322008,,,,,,1.8341054711476465,-1.644690980546436,,0.23985034807489097
0.5344283194373859,0.5756181660228089,-2.3155004296905037,-0.2832155340210472,-0.1468824154615285,1.212059124022777,-0.08235531060686481,1.4254009339032139,1.8215118736515945,0.5873038022476144
0.19397848965951528,-1.0211999594746919,0.6462479562563197,-0.30287424294912163,1.4109301853974003,-1.4450753688186577,-0.6533019288482369,0.9509631754836808,1.7436173644627844,0.7473611508880159
1.3036818297561754,0.21142922216333757,,,,0.257396862155398,-0.2108261468694013,,,
-2.1842511059208487,-0.8111556095050785,-0.4625745156252423,-1.4355192841502658,-0.8778630294802883,0.7622132598609411,0.37050972004328175,1.0311209023504215,0.962511724008991,1.0417473462469538
0.0942263368518052,1.4003619707802129,-0.5179952397198956,1.3490275634036908,0.9362935792452499,0.7016172937920468,0.029863792933537043,-0.6312867072421019,0.04661550095584147,-1.4743464850754844
1.0832113458740165,-0.4351774259663126,,,-1.0093649575578574,,-0.6045436708655457,,,
-0.009625953326239549,0.07352158270748224,-0.5933062638092889,0.0032578655229601925,-0.7669343115553137,1.2219171040607406,2.0192788263953654,1.0536570501083935,-1.358013134776229,0.4538358309348097
-0.5742500724854209,-0.574809117256899,0.7162440976854423,0.11399015504147889,0.1203232395698971,0.052106086997307115,-0.8945024567643274,-1.0125688480886037,-0.2790756106882767,-0.1916251927338668
0.4161835053068998,0.8886516744437667,-0.1755125602434528,0.17721844050023142,0.9199791719512418,-0.2503703737047828,0.4322264190765642,0.21731198715614003,-0.31918616788083964,-1.2700041150328438
-0.9457185253256691,1.039890808591298,-1.615736863080431,1.7758380107957672,-0.6766261224735711,-1.7689292589075227,-0.5414054505089283,-2.2537865088022837,-1.7063904439095297,0.09938331221992153
-1.5656229660933916,-1.514929008980061,0.05408887616676557,0.0730255543312282,0.49757654599972195,0.23022820940270755,-0.05754998207539044,0.5696412982045725,0.9069110712393103,0.06237632689808124
0.5062094467985527,-2.6163979008185154,-0.44037115018849704,1.4364266557158774,-0.5635067380589163,0.5011492888004361,0.23115033509575925,-0.6316429332426751,0.45009850222741904,-0.4591315495977924
-0.4934046315845286,-0.5044179266449543,-0.8711043320598967,-1.005384046971091,-0.4908307064445288,0.06383081410405658,-0.3818067811934865,-0.4473217996791339,2.5644702734184204,0.7218124886502489
-1.6530360806854756,0.25017745042992795,0.2897031290560714,3.5086593244277053,0.33804597496844324,2.1062999518387753,-0.40254915426749543,-0.7772330212006159,-1.15659428428918,0.8827005198921036
-0.9159619602377663,-0.647854100742497,0.5141648011558126,-0.326519803655301,0.15156289992905456,-1.2570563089298845,-2.3836326017459784,1.2849706071899532,1.1587010910085735,-0.2468423853565845
0.10510325290889956,-0.9398796318759391,-0.2613352956462223,2.423109291247927,1.7925222767450233,0.2814802757540301,-1.9024225979525387,0.5231420426090538,-0.26385060772057395,-0.4131219018690883
-0.005733397230743308,1.928652802174836,0.14838473340460587,0.9979851915377732,0.42837212966196664,0.39698136707709836,0.6693593965260821,-0.4142937385273344,-1.3530071609476972,1.599665779230568
-1.5198380221248382,0.2929945398939648,1.8186903502388745,0.3495232719995837,0.6058535565140014,0.606196022763029,1.1704847667534855,1.3626054863256734,-1.4285068295069756,1.3174450473073966
-0.05950684774400784,-0.7549987763723494,-1.0736093744742812,0.2589997739636883,-0.5572368051127704,0.07733118446640837,-0.0014810395946306019,0.2932958425840192,0.798110601187735,1.178719128701451
1.1574236575444405,1.5188914895712422,,-0.7309072860127461,,-0.4893699613065578,,,0.6874804933597345,1.2105313581691373
-0.0939892708970167,1.0811711207611467,0.006574229163316818,-2.3821730634015226,-1.359970866018149,0.4074834550134066,-1.8107955840950476,-1.3350847670009107,-1.524681119412842,-0.2101944585268474
0.2368673170194322,-1.7098987664394911,0.754624234032634,0.008874343701978952,-1.3230159859053756,0.03768420925816037,-0.7577220212560739,-0.7719593953921284,-1.2687636399696638,-0.01940964238534555
-0.2527010734511499,-0.2623603850787504,-0.1285488489885883,0.2337796123774816,-0.20191228208644763,-1.9888668629317914,-0.05009257077664303,-0.9698913713058883,1.1211930443775022,0.425112616882723
0.9862183541166012,-0.5488953330232916,,-1.1219407637887706,,-0.9124223971869289,0.5939900041739268,,0.3484096048325689,
-0.6777651860057636,3.0579408902774103,0.8187453929048673,-0.7740402136954212,0.9190469876968349,0.1229007850515467,2.6254149485892504,0.06998598089845076,-0.255766613909577,-0.07239871828813145
-0.3887336268309859,-0.7155958653060632,-1.1249018170744018,-0.4796931469312908,0.7689311028871906,-0.25676232748822725,-0.5767208951946795,-1.3259041323110208,0.7044402689340147,1.6092982033769936
-0.8476520092178919,-0.6373925711923133,-0.9213121573323374,0.818547014029857,1.0418060522879875,0.15318916630725712,-1.1885494884333276,0.39012414559870195,0.23428607121888012,0.33364291363629034
-1.0445218049594343,-1.1120457243139101,-1.623434346580034,1.1525734419268132,1.1844938298386256,-1.6185126759880113,-0.7978911212275651,-0.7928451226661292,0.9091921247860663,0.08659279812397065
1.5423042974865269,-0.2913118645769611,-1.3398057908446008,-0.7363552470642108,,1.051676980453501,,,,
-1.631831101428339,-0.20054608876543073,-1.6736801559177308,0.48095285572893254,-0.16648547737116082,0.8197552041459376,0.7418813085649463,-0.5551539978419482,1.0148034429908845,-1.1838322092422597
2.635326619871544,,,1.2435598584144414,0.18010488972345287,-1.033094134394632,,,,0.7920280343158074
0.48368718349071654,0.05553143162164472,-1.3966382292920416,1.7011270547846158,-0.17507157961631842,-0.38014009071744637,0.23067044154857094,-1.6582709439812438,-0.058022125725302326,-0.20892053259344637
-0.17124829940729197,1.2204056166194504,-1.2502062442876178,-0.03870760933777179,-0.6162143867225734,-0.21578366066588606,0.8317866345162794,-0.12865728940981172,-0.27457354368332276,-2.349307902949665
0.7845407231098229,-1.6231643786223389,-0.4707514863883273,-0.856421319500716,-2.281270585605724,0.13896636915891392,-0.42182622204846926,0.5134263213332259,0.5444717161250735,0.6151417093579639
0.5070380857516178,0.49300686229189755,0.9547653051984646,0.35877609514121817,0.21451795029643206,-0.167238399971019,0.2578136721910357,0.5198323899285837,0.49071488846976496,-0.17971576575948
2.1219464224807454,,-0.8200358032932848,,,,,2.6758041915643185,,
-0.8231438429492298,-0.42894712743994007,0.8088467188869302,0.03277456545373117,-1.411380724494441,-2.939021795878183,0.4877701286569399,0.059184100458621,1.2046487915467687,-0.6383005076419298
-0.27408223677371746,-0.5441630702863849,-0.6178944034822148,0.37834632103116095,-0.4628745329354061,-1.6899737665262258,1.3066207122034974,0.21423773395683202,0.6523623342411764,1.3046842552807667
-0.21456538155429425,-0.20940795201292028,-1.0848165840984147,0.8519412312813651,-1.5587681726023206,0.19501107768477155,0.5163518647924586,-1.3236045373760035,1.2282518863429155,-1.9868953598029575
-1.3287800603554316,-0.03438565089606457,0.7128882605739095,-1.3679637072034792,0.7235080609384099,0.817639921061962,-0.39527499293628915,0.1306882741215878,1.1676922625791626,1.5261640831765864
-0.5161200061070422,-0.8330694333219495,-0.15966103443448468,-1.0812234689009104,1.2511457958919956,0.4887700234621451,-0.004113858907015001,1.1181295771451112,0.7732960662606104,0.9743712017726892
0.5549959382444237,1.4153573750549153,-1.3704989610730804,0.5223405709480463,1.5712717698785421,-0.3173353854010994,-0.5718518112833287,-0.36906990431951514,0.00200611338029265,1.0808174752115984
0.005856436701006803,1.1324644320659434,0.4831053339235616,0.9369496072672264,0.048707088354423465,-0.24306625040377786,-1.3288990973461576,-2.431364353701116,-0.39261161167548775,-2.526506803372187
-0.09408461857946047,0.6611832215493719,0.023629184318119473,-2.826401279698321,-0.4244591434290368,0.5214046689899682,1.2491799807975794,0.5021049232481664,-0.026047484528141384,0.4475121287106679
1.822061140427303,,,,-0.7686371798049193,-1.186106599364846,-0.7345922519393262,,,
2.765631680984674,,0.31190538379953997,,,-0.5023499147779213,,,,-0.4962078984128844
-1.737709488626939,-0.9399456147134132,0.48160453930909564,-0.4709239637025372,-0.2799537666112456,-2.763261835368429,-1.3915735515923418,-1.2034606979542037,-1.7572851200591024,0.1496353169801681
0.04310786185065026,0.8008502458500352,1.2700955861401881,1.372617758046997,0.3536557602880873,0.19016003492645503,0.28153581791131504,-1.013978305157798,0.27101544627762303,-0.5148888416492013
-1.229586799269554,-1.798047965289136,-2.4236555997926432,-0.2566469176362429,-0.6819708688891354,-0.7518657387968363,-1.1570953698288462,-0.5634615443599418,-1.0983575707836064,0.09188742731827683
0.7366249466892333,-0.48887400359837085,1.0882527300170428,-0.7770416059443935,-1.9306596796864115,1.361940866334029,-2.045147059691331,-0.56050217840866,0.783274172185139,1.2389591969232603
-0.16256011123680209,-0.5735129911884629,2.0997862166494574,0.9191355596402718,1.0758775213398446,0.47429514609211465,0.6039179235178217,0.2572358451461496,-0.13202968547592292,-1.8539726820145164
-1.3402329085679041,0.6766935245025993,1.2010279317392785,0.17940674286747815,-1.102752696288951,0.20042900622163493,0.3771296990600902,-1.9063743187562152,1.5005432230880449,0.8610531405031607
-1.063017400228943,-0.08539564832730993,-0.3338071823690402,1.2876819388274323,-0.5693392473640682,-1.1989895352375546,-0.11993156504857068,-1.0469809747703853,0.9624763838150499,-0.09691097275111223
-1.192459156300418,-0.7386712413783124,-0.4731346021683914,-0.324868609903481,-1.6553139449370473,-1.1799783799640722,0.25283737910977155,1.2622127186788603,-0.5356046748073989,0.07379308031168048
2.3143903757827826,,-1.968476381797541,0.5422796738263675,,-0.45514892170104365,,,-2.7366386703216703,-0.4477175879930041
-0.37734269897442946,-0.7269250034605709,-0.12752729803372498,-1.266232859006653,0.5352879232619965,2.9021756464889448,-0.9215675134779723,0.39781053332308475,0.14430578976528918,0.19523005948103322
-0.47472384152286523,0.00275489785109136,0.20602082667861937,0.7967965081699462,0.7267723545837137,1.2799261311102945,-0.739150250645611,0.18040347325729025,-0.15804771011355193,0.8528055519316672
-1.5671734483055277,1.0922495665087466,0.31591980907142025,1.199464506088343,0.04626045343569189,-0.18192153406749909,-0.6615754801250199,-0.4076404010591891,-2.0300245267680257,-0.16432449106198282
-0.5305805018594915,0.08932754801871431,-0.7054484868042651,0.34722970747646037,-0.1374909871076995,-1.8316224679626596,0.04354827661920886,0.8183327388296369,0.8918127378659895,-0.8954928070663724
-1.5115872457920716,1.0864641181581036,0.4093796446552544,-0.9734433085123643,-0.8390358604269457,0.025674197611089414,0.8549893758792783,-0.33963691127673357,-1.4959768428471598,-1.911155401735557
-0.8221699337917446,-0.8395872382073023,-1.1229009317999492,1.4083425568724321,-1.571711754481029,-0.7458414480592321,2.1413278861722733,-0.8063677966414625,-0.019004347728189295,1.4105754357731262
-0.12099294518757675,0.38377597654793866,-0.672113596561584,-0.871853733945806,-1.6122493716187667,-0.217003246956107,0.37542330709524235,1.9357384134577778,-0.5422621911908593,1.1938908617154678
0.9336581297280211,,0.02890325317416546,,,,,,-0.16365485049736614,
-0.6048090320902969,-1.0616562814841142,-1.7709082948047496,0.9289193971667508,0.019408568997566232,1.0201802484080544,-0.15945528529969305,-0.022902859620669246,-0.27765266127714966,-0.37236726003249254
0.2322755301304665,-0.30835553582728864,0.9572756228834507,1.3825883205128728,1.2978860975851043,1.5404764274852658,-1.1483048614271079,1.1996816652542914,0.08688520024543658,0.10042267569539888
-0.719978096258836,-0.37744695659976774,-2.2055689143291763,0.5559584065685381,-0.20451066994464726,-0.5186431090888196,1.335108579663431,0.009715550483108968,-0.9242223056640635,-0.01782535491005327
1.7126697305912488,,,-0.7213964458992417,0.49447013167121423,0.20595257789303034,0.0014708390212908662,-0.4885061694012527,-0.2828706804459324,
-1.6142326252089574,-1.5575933677056104,-1.5255688971562706,-0.2846177393424914,-0.5050237591615407,-1.0565281949725263,1.1987203516220468,-0.27416606949505,0.8863439942262299,-1.4795905971828303
0.4155425927625741,0.9799004896910517,0.3934643909180101,-0.45059407378598276,-0.2901338397499587,0.3337985431918349,0.05159213718941668,1.0868519049120764,-0.946706319080377,0.9568853378858438
0.2899102690853478,0.1936349509804943,-0.18622581210154251,1.0567365795674932,-0.8913019799178798,-1.154998008572494,0.0203256526479987,-0.694357196729419,0.28810000085377596,1.8929068605090251
0.0724662153933229,0.1938338801827002,1.5762183619950974,0.37856740070332273,1.0538503448280847,-0.2767568589627091,-0.06268172168522984,-0.6756064594087178,0.4483051880459888,0.47412817788632966
0.7064748720746241,0.4223808485527805,-0.14687242885983232,0.5435493616213357,1.4680743992855236,0.12367894156497665,-1.3338483822941074,-0.9905352976333809,0.23780271691744834,-0.8647560982423415
-0.5035897133305978,-0.5313086337210073,0.3950177927395522,1.5853811030456604,-1.4907085461058571,1.0229667836392262,0.9794276105453633,0.26633143698760176,-0.20811761711594426,0.7612561550360681
0.05670438479356941,-0.16140278573362768,-1.809699956085368,0.45920996923261626,1.394995583348517,-1.3963764408246246,-0.885548406971238,-0.4706892883553789,-0.2803290557111751,-0.718453841828568
1.266300116379131,,,-0.6659471845804599,0.1582656208167897,,-0.21463784162690422,,0.6508952895815312,
-0.4731000005732905,0.12765505726506288,-0.3551995277483848,0.8744955589634293,0.4131030625928937,1.6544503672431565,0.32473999511510276,-0.8582018387920549,-1.2131973971251242,0.15642937687933378
-2.333386710260622,-0.40888662002048415,-0.587330075870931,-0.8059326798004529,0.13595989740380202,-1.040211857865697,-1.5848185237724959,0.48462007325027473,-0.3723627101404144,0.3287788496847866
0.16805772549552137,0.5237125302116973,0.20694002588966814,0.5758417304078971,1.6880601892917617,0.3259024575171214,0.5534801569335656,0.10559186675624109,-1.8980680580238036,-0.1403551440855787
1.3392765576470158,,,,,,,0.16852069429732558,,0.2140164416468727
-2.4039729961219147,-0.43398047901826065,-0.7671096042686261,-0.731443256558871,-3.4430790423394626,-0.6926090195724682,0.25747386219582047,-0.8977348471994495,0.45796416050213723,0.8938163179725155
0.2883945394140438,0.3785262501983829,0.26064611118770753,0.5387849423193035,-0.6805530414938973,-0.8667726451725459,-0.8403959214042142,0.6633053462280836,-0.8548197312358627,-0.3059404722108912
-0.43969882469472904,0.16408094056151898,0.6114565062970183,0.6114849060346055,-1.801153783714865,0.3329336329409864,-0.05945645864559149,0.16029868238322081,-0.3503351071351751,-0.8135472243173831
0.9536345179116299,,,-0.04584272923419335,,-0.7065049214906376,,0.9117070980227878,-0.1396996833312879,0.19816726636797918
1.6179870695822638,,,0.2989349927499129,,0.5098857280827291,,,,
-1.994615123620767,-2.120127690656914,0.28141907110576564,0.8386370513938857,-1.075904620779426,1.0604181474019603,-0.07044558382256746,0.03265366992822966,0.9164479333332448,-1.7914497211168368
0.6355856669324758,-1.8564384961244504,-1.642025654938465,-1.4839847790912304,0.5611678578377881,0.6192175619443476,0.8324986797506485,-0.09344211349988125,-0.433678673718089,0.44056914778263756
-0.21032298480033346,0.14147143607684667,-0.14097287640064818,-0.12427501938617748,1.9645231609798453,0.8355246710083818,0.4105282751839999,-0.4514505657499024,-0.007039347376784669,0.9132749044712065
0.11460410539383827,-0.46894181834311843,-1.73411177614582,-0.43574939649700345,0.6169576112766723,-1.3274825143457023,1.3974589180666785,0.17926355125381,1.334709497123796,-0.14728645915067162
-2.2693118221296045,-0.4671418106271533,-0.7386817476620982,-0.9341944536048129,0.4004560160537301,-0.9886308610684696,-1.5234533414254965,-0.7178245140285503,0.7445349493560534,-0.35544610706793517
-0.9980650627246472,-0.5020481080547555,0.9938643881034979,0.3856468026470364,0.4325183985998471,0.3706680174271839,-1.7542585454992126,-0.2260512706151309,0.9020828839882185,-2.2935582213957066
-2.050957431888631,-1.186069539670983,-0.8565950944796871,-0.07026058058745199,-1.4071033039347298,0.39186590771220875,2.1212304270425295,-0.6813986323367179,-1.5202038541791665,-0.539569758274071
0.432714643566403,0.04157546097372049,0.6274098133318722,-0.3882042951412963,0.21807969728641324,2.4565255220975155,-0.5090308276822374,-0.11962613222476262,0.3418136376814723,2.389446239982484
0.7478547849480586,-0.003381402440091638,-0.5691588738854683,1.2384923807804376,-0.19442702552330884,1.4164978826656809,-0.37076625632066196,-0.7049535680768423,-1.5649895664541456,0.4048200379818829
-1.9203594135468018,1.1443950045437237,-1.5461842466114857,-1.930770747407045,-0.15466117750070377,0.846345601889536,-0.22717082771207564,0.6553577842958535,0.21091204169321415,0.5750754726896486
1.4677816905080654,-0.8133699198527208,0.046713632404054135,,,,,,,0.6471783835425908
0.4605426001445913,-0.6604616736364598,1.6266298716597987,0.7479441377092116,1.504548452859757,-1.9733625847966771,-0.7347994617895676,0.866085028307595,-1.3289843941605575,-0.5180116311498396
-1.1322535813167607,0.29719070261149705,-0.4419882979685621,-1.1107646381849994,1.6358671103077278,0.5541466946902229,0.5337983336208094,0.10332204970601841,0.7618198340056972,0.4620881990060979
-1.9104543706206347,1.8653357749346973,1.7005670558141919,-0.505738888435411,-1.7114199236822853,-1.133972501383454,-1.1011427049450209,0.2553988239803589,-0.4506854463217878,-0.6497907418924246
0.5881265366529599,-0.14706059765402654,0.9236844455890406,-0.08337094390099645,1.665962682840197,2.2167547303822044,0.21444741409133156,-0.3395810459206945,-0.08709551488061476,1.0380490874943558
0.8509824445970162,-1.926976206607185,0.5346053384701538,-0.4098720839057191,0.25541579746209936,-0.02364918623378941,-0.4207845982738651,-1.6889053823408993,-1.6091420250871153,-0.3011386489298883
-0.1581324489919576,-0.08630383896052685,0.24136193556240815,-0.8421633913340205,-1.4189906379512254,0.9664375795665677,0.5388493962496194,-0.7224147318955495,0.8511295633719929,-1.0249445176969165
0.2067041903583627,0.2190289508983985,-0.6524205417685894,0.4781971526023345,-1.314805394241645,-0.04298882606785452,-0.039576939664640175,-1.1201460795013642,0.620886337160848,1.1112596698533344
-0.07399808990949809,0.06956587432506355,-0.2925848523792382,-0.10618315063772808,-0.5254485632233217,-0.006847006919886217,-0.2744148730658014,1.617369469755118,-0.24657407999900566,-0.9775096546426558
-1.7566375916357588,0.977252337836358,1.4123288230557671,-1.2023045523180702,0.5802363193437571,0.4968766599570948,-0.0178507685258336,-1.1495112326070545,0.4733067789401929,1.2856127333980423
1.3740543014333657,,,,,0.5919867324924486,,,-0.5514305262868994,
0.5926893406735383,1.8686436305202805,-0.8926544589748691,0.05648343951980855,-1.3460788008950846,0.2104448659500743,-0.6543256284336442,-0.1571217577012677,0.976539570563167,0.27963105117547754
-0.13154223565744,-0.9426787385148135,0.6836498228215032,-1.1234514557194135,1.3198682729105684,0.10463957425414866,-1.036595643426674,-1.516757395215742,-0.332042252094224,-0.36084540132774756
0.4545605242621548,-1.0276885406842178,0.7861777513441536,-2.533575301340313,0.08178167548861848,-0.724171751285982,0.09227130508307468,1.2044368757183346,0.9041385889321093,0.3336853886842914
1.3284791790938835,,1.535707087533069,-0.6082264767823854,0.7451585293316378,,0.008283995156230095,,0.0359527724581667,
1.2695058581259693,,,,,,-1.0592479364099388,,,-0.9961376600563165
0.8672281760174755,2.2712851353580064,,,-1.045244898715071,-0.8355136632081734,,,2.115609141865328,-0.0971309880915355
0.8069263138030703,-0.17097618326248556,-0.04091830942700729,-0.35920862942240345,-0.005412614144613981,-0.4963597086640363,0.03710623384033101,-0.5559781063461652,2.268398412780661,0.39304384787263746
0.5793654387052223,-0.16938439893977966,-1.4753793271277604,-1.3494850725361358,-0.1742097469778086,-0.20724892937157316,0.3906877522228996,0.18552103008643434,-0.47049487740953133,2.6505684212005636
0.34761887276319325,-0.4415656754123044,-0.3758971831541589,0.7212707797802079,-0.224488683109497,0.9529989790702003,-0.08623862862995717,-0.3855315257021866,-1.4377800342440556,1.0390550856128573
-1.086429229404548,0.7503393316625747,-0.5974381894676126,0.8603963466401485,1.2831986697637023,-0.7532451846706403,-0.840471359699279,2.2184097039745945,0.45883257003468864,0.7225337300988874
-1.352636158622026,-1.0180561509162636,0.21172079545411537,-0.3796031556270756,-1.0046808076126978,0.2790891056365512,-1.7082582560828778,0.30347323013201283,-0.9005378304991297,0.7086077089718926
0.10115981867439715,0.5279486287975949,1.3398544855518635,-0.6676494296418246,-0.9788219508762572,1.2015007016008303,1.6926940568414381,1.2814131032558551,-2.330893460189469,0.6020123418861268
-0.9341092673401473,0.8958587066367157,-0.2527935082035137,-0.33610244951529294,-0.39266718859644684,-0.5998830947551913,-1.2791199240650486,-0.3825588107729246,0.13127063761379157,1.4952963282722394
0.5121911498711769,-0.2896748089670891,-0.36360680496343856,-2.986110619578112,-0.39188965762226974,0.1343440673502819,-0.6117029191893316,-0.5267396821406009,-2.4819969220466858,-1.390488207693595
-1.10014562700015,-0.723125629119549,-3.0404367409713897,-0.1898595757015387,-0.09007599855919923,0.4109319868827987,-0.42990948428586995,0.8247307152114045,1.7844234925840772,-1.4076558527403726
-1.2478591308551796,0.3350651369812533,0.5860682766233394,-1.2188187343695995,1.6868411168553121,-0.9425592468015406,-0.2452442049831518,0.6674772748847579,1.435070070012905,-0.9956011055461433
0.7409821469674884,-0.10980340167725582,-1.4677160903131157,-0.6126255979892072,-1.2045750575327232,0.6821890739370676,-1.4240685310898427,0.43574923430633616,-0.016234225157222528,0.3310723249488989
-0.005927086620817038,-0.8828177605514327,0.37623088104789626,0.1231712812601666,-0.5215844020232041,2.5560050126024323,-1.1883419518917857,0.50025207139173,0.587600851302915,-0.29332813330442
0.2432372782817905,0.4415446143539628,-0.0782402468569851,-0.5628878318172287,-0.08433459604614318,-0.6101832058472909,1.3674267355297736,0.8713147410426433,0.07201744541604119,-0.748033270363151
-0.3211682280281732,-0.5940708489244401,-0.10251560348999503,-1.61020993151068,-0.5621371115122761,-1.102109805163699,-0.7072846111040987,1.823852986398489,-0.3282367313213305,0.18864857730568785
-0.22932171549953925,0.6238595965534742,-0.39433755471756454,-0.5539022249384243,-0.6893456335242054,-0.7453071449521649,1.5014321249012088,0.38044932758643557,-0.6176889014009701,0.8383437293643328
1.1480817259338112,-0.7142705299102239,,,,,-0.4942279987133299,,,-0.9029272939659813
-1.4714594421510392,0.9785380381956206,0.18328769337033077,-0.30720719375746913,0.8657779994226298,-1.2237497704415046,0.3147374164680416,-0.18816101315548764,0.03450101388282407,0.05008504853623567
2.383826053486183,,,,,,,-1.1670607478525563,-1.3544723848768203,-0.22193978397073413
-0.6634601847403285,-1.289369378135822,-0.8511694142180198,-0.5196967258440889,0.6206014134441667,-0.9816951827772806,0.07228182186834503,-1.8438498477411294,-0.21954562270738393,0.7340409801421404
-0.47821153934670535,0.5345928127682369,-1.9176448329661147,-1.1161721394110555,0.5618978700965791,0.6314694665087388,1.8685097904057852,0.7050193656401571,1.1588787993910816,-0.958890356270499
-0.0050519587158718345,-1.379855332480333,1.0859134644479977,-0.29023388712713877,0.4850304981248664,-2.2978977493738726,-2.5185153545716443,1.7623836403625748,3.4565426875498386,0.35316406049172994
1.548525171829048,,-1.5751558483824935,,,,1.6642379846681659,,,-1.386932860590037
-0.003796925988522694,0.8722427069846829,-0.2879114204628246,-0.1131372320147667,-0.7779605246939763,-0.5171742845214382,1.5712106109973836,-0.13799319976045726,-0.7751986790319133,1.6431671287887095
-0.28218205671944174,-0.17760318961354735,-0.2597805567553748,-1.630962583348736,-0.4271628473161136,0.1983048784680624,-0.43611285212983997,0.9726504596842416,-1.0122441920384142,0.2714883808094502
-0.5312335392911597,0.9224859823950716,1.516224841123388,1.2075767047170503,0.05881592215617116,-0.04893084527384372,-0.11676750247580639,-1.09075485222505,0.8851175364154797,-2.140015263996396
-0.4128409107457045,1.598954951771664,-1.6490117304713094,0.4629835246717591,0.7425326594303008,-0.5884240830922551,-1.0638742963396992,-1.7010235957232653,-0.49009899255058803,-0.806060769930633
-1.4660397323537062,0.9708499275442248,-0.8882836612036654,0.43257015791854947,-0.889424399750301,0.5121466741796175,0.184907502903134,1.0141470560819636,-1.6194598043699173,-0.7867474996829883
0.8998796621537857,-0.6714683969105358,,,,,-0.1428033895592005,,-1.3989943816989814,
0.5193293797996112,-0.34088948812002184,0.47074536379160814,-0.34894130629145403,0.46276953285080347,-0.6384455604147473,-1.1879233621944578,0.8456274789474141,-1.1209890635123723,-0.7147720838222609
-0.01219394576976398,-1.8247017823234026,-0.5954571907392431,-0.6804323005523063,-0.29363867757411494,-0.26160282541751717,-0.4964843326376968,-0.19663401859220841,1.4374691929291956,2.3237921167860573
0.48007979895204755,-0.3478693515603793,-0.926102978898586,-0.7614045052848708,-0.2605560165326766,1.1083886556359208,-1.0523216588704092,0.3334310398508688,-0.5480633674172338,0.9350176248381489
-0.40275259135970864,-0.786186368828349,-0.7199383186168643,1.7081074004928996,-0.07721225162395268,1.060814315956602,0.31701801427325443,0.5748606183676878,-0.40701157117820314,-0.14541414412581677
-1.0922862542416396,-1.0399960969167372,-0.27111614582826365,-0.37481124703516816,-0.180712667310863,0.7353671956279783,1.8182957421587473,-1.027611059713932,0.3415840837713281,-0.6274403198242122
-1.6955866507806387,2.321602860496046,-0.11145824892613856,-0.41922518721938473,0.8515437903595393,2.3656769055847713,0.26668879476992996,2.4995757117865196,-0.05335144888909279,0.9830262684541755
-0.8432197801814051,-0.8309575465246102,0.27732233111879195,1.29476878870229,-0.5261427598739917,0.9077069269773534,0.35604296695451765,-0.2947293312605336,0.7077496824367625,-0.8059618524601824
1.0169340746518014,-0.23883126802032123,0.719733491229414,,,,-0.568148268186481,,,-0.23139239214469648
-1.6722526160761328,0.5652912885972835,-0.16579822488953513,-0.05927798982360665,0.46018741365754584,0.2528132854844676,2.0132741701024846,0.9107490480532798,0.07021646204666339,0.3300146171378256
-0.21621983904470185,-0.48612597228675775,0.8827916087572251,1.6153958848693986,-0.16531721324027512,0.5453980217385421,-0.9077528096694844,0.6476552727140743,-0.9255923467646036,0.20532861840756914
0.44579937828140387,1.3209795687224055,-2.0563999696289375,1.6060728266775677,1.2159630067199299,0.5317186526217502,-0.305888498187049,1.069989840443411,1.8902557129614694,-0.2642035932391918
1.4592004341840712,,,,0.02533634316482974,,,,,-1.8988553513891153
-0.584518268372758,-1.1027897028476494,0.2643375954260237,0.8706035368841182,0.22735231570691428,-1.475812900562109,-0.3733892090326253,-1.0358094687522204,-0.12891635519593533,0.7747191116293712
0.11156835399881634,0.04769065122477086,1.5942345004209513,-0.8776312521586888,1.136466819249902,-0.28001008898687385,2.5265694504416034,0.29750611785496756,-1.7838935985561895,-0.36098772310758503
-1.2558134145755668,2.1484677510994725,-0.6989702397931399,1.2635899573249165,0.965010776441856,-1.1534542155226335,-1.5111302128111797,0.9975145661245394,-0.3329097235792966,0.01937902910275428
0.1699158883928699,-2.916382365560115,-0.06941842751339214,1.1481662548666443,-1.758220654195162,0.8175967092102939,-0.21691906503792374,-1.1371220946684557,0.346447601495869,-0.017220616910569184
1.3629777382329376,,1.2893665293330616,-0.03692379802009908,,,-0.9610134207849653,0.9443556378376121,,-0.3293576202047173
0.9951136225761074,1.498112774705878,,1.6425293041565918,,,0.8616480433627396,-3.44135354665087,-0.9770528970560044,-0.42951675702828984
0.26626990776634785,-0.00010371323135465557,-2.4711961111119645,-0.39481602484968176,-1.5702891071370522,-0.6237074076381601,-0.35268040172365883,0.2045574418004078,-0.45907911140093893,0.020622974240508272
-0.5533523547401478,0.32085406941002276,-1.316778473957187,-0.08063462849084925,-1.1558125413879796,-0.4148899530170806,0.19390544724577966,-0.9125145807934292,-0.1436494100941064,-0.3714015946015265
2.039102662098951,0.3345441824506247,,-0.8943955107402722,-2.527811689315895,,-1.6480848892726274,0.19651646583553786,,
-0.10118595640471958,-0.9160022434586439,-0.7592796074911446,0.3852890459856491,1.9621132620411437,0.215587872084309,0.33852204726674173,1.8732527780099495,-0.04362741204434318,-0.9648576188429869
0.3514906142329288,1.6314236453255282,0.8754829807395783,0.19484571573912787,-1.9292128345521853,-1.5486716519652421,0.3324542630646408,-0.35307122275450004,-0.09636204986813975,0.9737428942018167
-1.258066038929605,-0.6252374203610876,1.200420875673384,-1.2533336802914543,1.1611991689664585,0.3527229177640946,-0.12607024166347494,0.14669956524009903,0.3686676030285377,0.6569266604364983
-2.0368962535410122,1.2665349748345223,0.24500563927151406,1.1517130649347775,0.4472937479709865,2.1833120724594295,-0.7130789844431575,1.6169255842405783,-0.8619463328579459,0.5450825724414126
1.0618488399149124,0.018493909133212468,,,,,,,-0.6732091718304318,
0.0852452317865585,0.5717064346330917,0.4935755125345597,-1.2785730652049974,-0.8659387194142433,-0.5865706212961492,-0.34988740394075596,-0.8662078982150844,-0.7498930867609332,1.2971119438939154
0.30818279276401367,-1.1053490599042626,0.39981292751084174,-0.4119841970223751,1.847199752697501,-0.6305659007874951,-0.4944484669811798,-0.29620352521593113,-1.1048452603033052,0.4633033279781716
0.04649590427232547,0.3397579472441738,0.028358767202834975,0.1840090915954638,1.6222331068469693,0.5497215792343154,-1.795475253041076,0.3122213152852151,1.1663706600224288,-2.3168478632154907
-1.163125256152637,0.6009396224434768,0.9709094746174625,0.17283823162153789,0.4370631019049177,1.3702946550139425,-0.5139396203389529,-0.9419312746476003,-0.25185334427021333,0.17509978575705773
0.3147650070264709,0.772241621491234,1.6655485702983523,0.18473649283275007,-1.252133119880205,-0.7716172466288846,0.13754489050852153,1.4539924476570696,0.6541776102014556,-0.8898885277551338
-0.6509013457066624,-0.2927287600443719,0.07414730198965183,-0.27228747684349175,-0.8743891596773095,-0.7523740413457225,-0.07391410583343846,0.2095441866377014,-0.9723292508862859,0.32136788218808277
1.8152654142560192,0.2067247986523997,,,,-0.5792844245043057,,,,
0.5330585957649769,-1.2703220538963989,0.09922444775570512,-0.289242477694919,-0.08030097168863795,-2.0202420391637204,0.5067206832692183,2.4576797854320254,-0.41434537933322996,-1.4393857894105004
0.7997043452326231,-0.8685170918106785,0.03048617169819393,-0.7096298752305431,-1.4290580668732304,0.3106917402573416,-0.6897169016781817,-1.5988613192544157,0.29230058383545043,2.8722682101708474
1.0172189826024192,,3.033115357039255,,,1.8323824799461053,,,,-0.3394539135505504
0.41022961690001375,-1.764688000739149,-1.0063224442129524,0.038144473401677224,-1.754774104920994,-0.3682175350061725,-1.5215286597367628,-1.4641830320959286,0.9214695052872768,0.09920879187152526
-0.21808920716520283,-0.44059122205693324,0.31438307861292913,-0.4780614997487491,-0.7536419076602618,1.0462482626788534,-0.6159616726861818,1.3410220058335522,-0.554742125226533,0.7504104795295634
0.2565394594336079,0.5618174946929793,0.28984015270725816,0.7136134078663533,1.4547558004367482,-0.8805907309294104,1.4888119735954324,-0.29775753317445036,-1.8116221657965677,0.6838864399396279
0.8294604826282507,0.5024835975092586,-0.33917577559065853,-0.9387748209238641,-0.5293110361785088,0.16611005431677275,-0.2749649331299859,-1.0443172580636935,-0.2595248753517621,-0.8316110780991269
-0.6717995941296996,0.7279604615575905,-1.1885525564223478,0.3288654506717384,-0.5409939231385467,0.2701438350676093,-0.925872554163847,-0.22133598983915656,-0.8609049712631832,0.290007941368134
-1.8290992319590864,-0.09841713115397674,-1.325545821130086,-0.6609978757967089,-0.3441966202705446,0.7057408394010568,-1.6991510455018224,-1.8834305195954608,1.1094472005274678,-0.35759253761498627
-1.7558348557869887,-0.43374372833187713,-0.490982084480965,-0.5917859313823787,0.21190913569100664,-1.712393578826329,0.02442298226248135,-0.48784514478714847,-0.08491923820837576,0.8683631128855944
0.9836988468938994,,,0.3305535146854015,0.7437925880607508,-0.6169152313932444,,,-0.23986490728291002,1.2635646355017203
-0.08723071487520065,0.42177940308573686,0.890066540524908,-1.1266363642557349,0.3934719861803746,-0.5159393894382025,1.1816468081018732,-0.33838853868117785,-0.3516752559446582,-0.8635232641955919
-0.06946883275634716,0.5309038892999383,0.05780163999889046,2.2032337749128392,-0.4542022440268026,-0.8756578648796081,-0.13280731843444168,0.3408262353340876,-1.2761752056780435,1.309373314738726
-0.25662691334923476,1.6960027460563056,1.333880298912589,0.66101869290007,-0.02175414995734269,-1.0116726589757208,-0.6309084436002982,-1.0760639667041985,-1.1188478057052211,0.28726098681603307
0.32594514438443717,-1.5562871571875003,-0.4881463461879124,-0.8100099665630024,1.4570958534939948,-2.096448488542927,1.9183047828002535,0.5803845684955045,-2.5608352412597584,-0.6411998388132653
0.4464091242874721,-0.6808784105054252,-0.27313809440085907,2.2755884562386126,-0.4228807953066369,-1.081846592191811,0.9159157144598272,-1.402565147795501,0.702568920793337,0.5841639986663548
1.8260431704809916,0.4146417317969609,-0.23402008948842476,,2.138162440053838,,,,0.47572129266389007,
-1.0334609158587025,-0.6713603734079142,-0.8849953711551961,-0.15348131636357978,-0.6137451982855641,-0.17938214156096777,-0.1515039002034638,0.2633442206902567,-0.963108320119235,1.7028783826613654
1.2453903667480102,,,-1.1356197103881929,,-0.47305257963523395,-1.4209955135526546,-0.37803358392633835,,
1.5311012587564514,,,0.03627919416753388,,,,,,0.8264211484794503
-0.6435010947866843,-1.465633144756593,0.6710741580903543,0.14837262136783533,0.5536456376863603,1.4154678117046395,0.3365355415503856,0.8295334259287466,1.0216927056722844,-0.14746015407548402
-0.5997648169222888,1.9784414246834172,0.38600176403859043,0.28715049885485167,-0.9832010606508275,0.24718360379934287,0.3223423716840654,-0.9363495052660463,0.7387470261982526,-0.2555302823237578
-2.210115471480171,-0.5237903478094524,0.9684340620978095,-0.8978731801345066,2.4183861673319815,0.47774917386738797,2.2363888137747123,-1.1022283138862836,-1.2100616087818057,-0.23923110897008204
-1.2683028057316297,-0.45627753560722184,1.5879449601705489,-0.3079018578803719,-1.5915598598058405,0.3015057513857529,1.3227081247413488,-1.870737636384807,-1.3506096944541184,0.05586985889953707
-1.1973358007426513,-0.16746009396506806,1.4405963321117095,-0.37753080242707077,0.45775442366328883,0.5293329915643193,-0.793286608616909,-1.055073047690691,0.9948802393782719,0.0490573770400287
0.20895562587548272,-0.03553070228504552,-0.12804294787058593,0.1938079786965326,-1.1173131624260926,0.38948514867983863,-1.0017307511068232,2.32595622949117,0.6124767274173241,0.28221971413712044
-1.0654457776463662,1.1041287366131987,-0.4740958860813187,0.604915045608172,-0.6683901894389237,-1.9147608687854425,1.5413779292080416,0.5791555366315543,-0.39179538943473213,1.96624366544873
-0.018561142557863577,1.2093936520014281,-1.6334652524861408,-0.3281220403834944,-0.29187837844174774,-0.9869110742212592,-0.8846613750550739,0.14852963090523166,-0.17440108739418322,-0.19614744129454617
-0.5107045456217918,1.020424039694977,-1.2449340110976708,0.053814941622303214,-0.45089958662768637,-0.5305746156996733,-2.1785682848126573,-0.040395241011078116,-0.6139120738185724,0.2768083155279631
3.073135622637083,,,,,,-0.8263866874170347,,,-0.673022475067408
-0.9426708220886434,1.3184256755676902,1.529269368882429,-0.9293417347285217,1.0572539237319416,-1.6395283081826835,-0.9520661387343721,-1.2152376828209424,-0.5017259838729581,-0.0018193105078505942
-1.2572272921664862,-0.437352071502423,-0.9480770522080046,0.23202117821101467,0.11623714401693712,1.3872178943291333,-1.7507936693004993,1.1302191460562996,1.1346086899591974,-0.5414432954047977
-0.37205499053485624,0.325440708195446,1.0037199202098213,-2.056202669106201,-0.46526712461363795,0.43222776024248427,0.06575240716787233,0.022111772946743657,-1.6322199251060594,-0.5012328701530806
-0.3931713164186835,-0.8924578638991505,1.1078494577516904,-0.37561435832169826,-0.8579765447118077,1.9585671149541184,0.4467028595934279,0.1597436364693614,-0.13222309140137126,-0.6748602395700238
-0.8392666791823284,-1.1735966454252234,-0.33536968626037733,-1.5160213262087163,0.8999783798796581,-0.67401498672144,0.8563630591615714,-0.8358591363124351,0.38612192802029194,-1.4056282652173306
-0.6395197239233459,-0.5218599873514088,0.24934389606727436,-1.2578110475534932,1.44987728881522,-0.024055662909228562,-0.06611781540882535,-1.4554075471080874,0.3040977028738143,1.0945317266161652
-0.9338691592949271,-0.6055064094025652,-0.26401241675740833,-0.32327385912134654,-0.956461957534137,0.39569093385426923,1.171109283195261,-0.07360295026424468,-0.9051515527633416,-1.1196328489822491
2.4205308603655364,-0.4417658188967153,,-1.6661929315490387,,,,,0.35698694510435525,-0.6611743332852463
0.5420586205584328,-0.6636792977786475,-0.10395663847267357,0.6477764912915221,-0.46137369312009424,-1.257740021951724,-0.4384671399848973,-0.995829199970631,-0.4964694467249752,0.005226245301361921
0.004344024080786961,0.9032753447165388,-0.7844717018628996,-0.021334622182249584,1.3669809857489652,0.32383892846489704,0.9435825027103469,-0.0571330714309821,0.8032557363645708,-0.18458422548742198
-1.410208352290894,0.6452407128757579,0.3679961420933449,0.038624234771482635,-0.9478398794166729,1.5550116707409605,0.7940907722701789,-0.6346730313835887,1.4215769679431716,1.3678603392790372
-0.20273889788605295,-0.8564722886921194,0.4710844597555554,-0.19554411335239308,2.692056963164985,-1.0320266831477476,1.5646981063397047,-0.40745431370858914,-0.2339223363250054,-0.8417781367087251
0.11858898048179795,-0.8733174561254332,-0.23209356495255604,-1.2626963245192788,-1.997611818275376,-0.22829331691083163,1.3026118300015181,0.24428277380728938,-0.17575880572096994,2.6079038365582674
-2.327691973228068,0.27539391457761625,-0.8863758025414685,0.0361767307211715,-0.7924884136086495,-0.6807700001504112,0.2645101971469616,-0.19459467977098477,-0.7388504361470063,-1.352671488463954
0.754047749918234,-0.24721546033090233,-1.241969283175491,-1.709299620500257,0.26422224776277436,-0.3226199006577981,0.15768081438659334,2.524948868231641,0.7967009947666437,-0.04624845032175859
-1.691226633895134,1.6170491732777141,0.06590457077195068,2.437283534915639,-0.8209138986352214,-1.297418355569009,1.428872049005217,0.2425028052474468,1.240031518537976,-1.2279639725604792
-1.2405920298793889,-1.029934037061189,-2.780227078411992,-0.5230020092048011,-1.8732760745947072,0.0752026704342471,-0.09652246961475389,-0.8959866237657262,0.5101286603709713,0.15886153574021442
1.3289988291505426,,,,,1.9268165646785431,,,,-0.6293772455335596
-0.38707728109120765,-0.877023512357811,0.4172931074258742,0.502558370150422,-0.00773496938019839,0.3227964142938593,1.7744273063739462,0.35958219462703994,-1.3329975178574964,-0.7936544034837342
-0.8696344289370092,1.4154048267763792,-0.5043790953421103,-1.0300022223156644,-1.1432553889564814,-0.57505278853137,-0.6153470037064053,-0.7641334163338381,0.8745204439758592,-0.29297933620661804
-0.08099011322368382,0.747430568756715,0.8226328377634434,-0.6117684338430028,1.2054151738489323,-0.023637839878239215,-0.5904366243223224,0.9112376997374291,0.39223359558091686,0.2937335320458957
-0.3623053204073776,-0.0015726721235060303,-0.730733340306823,-0.21214057029982655,-0.42069423539676076,0.2438320836161375,1.537980074859722,-0.1761884923917292,0.785138091713195,0.13321844978229294
1.1474503883479537,,-0.5120629659164128,,,,,,1.6024729642878455,
-0.3588945884725928,-0.29274326451189653,1.2654183179830283,-0.7654102427645642,1.2807941253885753,0.5630663160807822,1.3655987360765605,0.7656686865695514,0.35187839077750527,0.6963204163095902
0.09364977900880993,-0.7050983814023666,0.6616295342936411,-0.0717990749586598,1.2630406968479715,1.227619280492675,0.5838255149605573,0.9916931626996569,0.4931463285590418,0.5022235105451764
-0.6329984724326491,0.2536415637287338,0.4452795482073611,0.3679436117213648,0.2729165325680553,0.21105204907007927,2.081380582802126,0.1357979772973179,0.7434433964443052,0.03183667812511582
0.3415840090871224,-0.8430034310601888,-0.5692550221128788,-0.47223436846518224,-1.3805392164638688,0.14160862098646504,-0.8734960009771124,-1.055752849374433,2.174346010015171,1.1772640348561567
2.081140433546418,,,,,,-0.7022175525618103,0.6544395638069134,,
-0.23885429780509948,0.8387729008961997,1.1338586928373735,0.6337591284087593,-1.1075852258517447,-1.443811765421343,-1.522118885220569,-0.4474273001462189,-1.432266202135942,-0.016105999732886813
-0.8682500219212334,-0.5480140697450574,0.011216078370717772,0.4086520740154061,-0.7844318565496137,-0.4147817404180586,0.36466586569333853,-0.11369985542058238,-0.14316808053122623,0.6910224845011335
-0.889427512461266,0.836266122098448,2.290687693437644,0.28740324031137865,-0.4421394151770632,-1.442310243337505,-0.49237840425195073,0.36635943422332135,-0.11389775350254949,-0.05175165439083409
-0.1078205030965852,-0.49483773904272915,-0.05626112081694961,-0.8076450286997615,0.0990023755932235,0.1564885999110005,1.3979989206154584,-0.7682423959489105,0.7338176350046418,0.8470975554431748
-0.2502308322721979,-0.6669592040405595,1.3364346483981195,-1.3006779253993885,-0.8129422843194394,-1.0721054250184443,-0.675583300732238,-0.23565120854298968,1.4833438540072375,-0.4211601578054026
2.1034032940955,,,,,0.07631874305661565,-1.164361498163134,-0.7304052044559733,-1.5470320498637922,
0.13976268992982582,-0.31165936781573994,-0.6695047188773278,-0.5576924073208737,-1.4661943010836576,0.16305154625634108,0.7762244146255958,1.5673923939105654,0.792931296756082,0.7483854688504479
1.1661134866131335,,-1.3412098264724333,0.7779620734494224,-0.7142959143764094,,,1.1535507251096233,,
0.10162103892639122,1.0408383631966354,-0.12671048090349324,-0.014909258363237284,0.9667198241355661,-0.26471418886551834,-0.08575120748077945,0.7857187603561276,-1.0069624205168946,-0.6834539398971329
-1.7107735811431717,2.007865387130706,0.11763836447592096,1.0502168904550917,-1.1928893178266404,1.2392005761200708,-0.2944029759444072,1.3768591979805858,-0.20139242588238504,-1.0839990696589836
1.0866791703590062,,,-1.6449730645606877,0.41511018705440156,-0.027674409271990014,,0.23382220247574972,,0.3799077312864714
0.7209456104440891,-0.148614903297802,0.5192358474130235,0.5725299260723794,1.0697331840787965,-2.23247274593576,-0.42978961642921265,0.5510008710992098,2.095664625896735,1.1812281408823915
1.2024978928816699,2.6573532784043774,,,,-0.980038764108513,,,,-0.26527658815629557
0.11770742886430924,1.9170135103524832,0.04570721747630885,1.964414436685133,0.77370445340699,1.0656841792884704,-0.22511233008649104,-0.0735413411177745,0.017107234126904812,-0.08767800937434611
0.6507813717460863,1.2907922077610574,2.4626303464108417,-0.6989520706182081,-0.0014203196993268462,0.9947756702608216,0.06149285577467757,-1.2957176173606653,0.7948528308013469,-0.8031439185875066
0.19619043607348646,1.7206336240667761,0.7056615666509912,0.6304494943240662,1.4929227803939693,-0.1242438620541391,0.3422915108426919,-0.17808694468377526,0.785767871254481,-1.3315348310060047
-0.8874811073200647,0.03300633622095314,0.6033042229082333,1.903775886204807,-0.8935653639630365,-0.0643243412003637,0.2553542138291179,-1.1498852797774761,-0.748880143891887,-1.7954373364838596
0.5539729634301616,-0.8048554023168388,1.227388031483286,0.4187008244233172,-0.19238453533742603,-0.7503052717813441,0.3840226441429313,-0.25452743139149125,0.5393526112749525,1.1547951592081873
-0.7591944659261056,-0.4333892954198858,1.2793456010118214,1.3905839345101598,-0.965133637867844,-0.8390414643836536,-0.8496621002717616,0.23781616412830112,-1.391330656106376,0.033555664799827085
-0.04009095165439358,-0.6142575734360228,0.08996503392783314,0.08833105625761464,-0.357130691347825,1.6811151908512256,-0.4075592131733112,0.04208456108510345,-0.6022086312646581,0.9700532650897826
-1.1340453913706954,0.1485598652528352,-0.9070106786498877,-1.7148917939081025,-0.6692942483633008,-0.6350348371393008,0.537377545183051,-0.8459162821361158,-2.074832827364618,-1.9881486949664147
0.16268289938208658,0.4678570564435671,0.17557617077072116,-0.4252746038187148,0.3164126875478239,-1.8477677682916986,-2.0133937663028463,-1.4577408156145297,-0.18026949777166812,0.7814867403391121
-1.0068287884523803,-0.8939020278305239,0.6313921791137941,-0.4178398628321751,0.18092903743099145,0.09879199655601063,-1.246200643094171,1.7938819620568245,-0.8837446825511397,1.8981794757946238
0.5463923305816789,0.27267581854899003,-1.4902239504620416,0.3421125800125193,-0.08067089111948116,-0.22726134275336357,-1.302345931519171,0.8758334810962686,0.9211192890360527,-1.7114010143202993
-0.599959419384146,-0.2868474721249628,0.3396362268738665,0.1432361285577192,-0.07157609277470496,0.48582875170743905,1.8669001735063693,-0.29520753038417363,1.0323191015156064,1.753256342593218
1.5276289017184084,0.6582441259509683,0.6543501906997852,0.43015123538893957,1.6913547998871625,-0.38698298506571654,-0.37443982875654513,-0.6590148928771701,,1.534433508955616
-0.6033761150396826,-1.2046189391762103,-0.1984451462735254,0.07083138585989283,0.254883842242282,-1.5387535447427585,-0.7393857450285245,1.2153263707776605,0.612162548032499,-0.6986571082716404
0.9673712174319996,,,,,,0.9261839054674788,,,
1.32866657770544,-0.5373640046269879,-0.14686393277648221,,,-0.79659580211564,,,,0.7263090149277398
-0.11721514587826219,-0.6055261562232989,-0.5645946737044067,-0.7346427820635902,-0.7299108553169796,-0.7800885230348467,0.7805359155727503,-0.9605398841310583,1.392965295307033,0.7539330794491426
0.6728422102586002,0.23809696760073104,0.41661952852113904,-0.42292796284947065,-0.8432659350193591,-0.4448101907941026,-1.3116918649345117,0.4582744425291042,-0.9986479733561908,0.651828291152833
0.680031280279751,0.2597735316939924,-0.506490655879088,-0.8458188767274477,-0.7258061975957804,-0.924191235079141,-0.011628940920485633,-0.10982798053513544,1.906376654761246,1.8579378281554115
1.52701786585587,-0.19929945639088997,-1.4147648933593102,,,,,,,
0.95765741745151,-0.5735977011373509,0.8895747086616563,-0.2517247721993451,0.03491741253901259,-0.14718815495276816,,-1.2551899822945618,,
0.13852416425881173,1.812578400575508,-1.6814873932913033,-0.24520322571177844,-0.6164262736621955,-0.4931724862476072,0.030838831326383553,-0.4379343807993802,-1.7802334141896694,-1.0150233074094863
-0.9204612620873135,-0.444369598842099,-0.9535978013827069,-0.17780493515268755,-0.14691967385737703,-2.1545485549956918,-1.0729653068115381,0.21641784573875833,-0.11103280762958792,-1.7577481803595125
0.8049689523609033,0.6070457203841133,2.3297207665979394,1.7634138698141635,-0.8530095815522696,-0.1275234424254378,0.031684281983934415,1.2753098558112084,-0.2858388035586375,1.345757810534375
0.28371021196921836,-0.7984080728616424,-1.1790530764523424,1.0175417420481785,0.9676787396088349,1.0938380465451016,-2.581367426820332,-0.13013984061511913,1.2534353870906352,-1.4305345183262208
0.568474706829433,-0.5536099432517819,-0.9412687445489354,-0.7270280370501719,1.5799945382305085,0.8955751380382996,-0.11736350973051587,2.200769055277031,-1.791623239729893,-0.6398408105471621
1.5999186205370046,,-0.20735137480912186,-0.1211074599613428,,0.9284667737220721,,2.688845499754523,,1.6919482535847028
0.8253582106449429,-0.682351563982725,0.2571012046291813,0.8446516892503231,0.6260742067964322,-1.9014345843629326,0.3863361003391389,-1.3883343549822305,1.0481542879373893,1.0699223794509465
-1.3692854700202948,-1.9762767590488943,-0.30493623781754986,-0.2413140891704132,0.007812534819793935,0.4212192832350272,-0.15488194886030354,0.10378477839469796,-0.8334726040962993,-1.0274582291660967
0.6035652627573407,0.5197854867788488,-0.357752944485087,-1.0527853005793828,1.5523254540145384,1.7106355564393765,1.1393020890278192,0.6329834609868906,-1.089650921377081,1.2811406307257107
0.5786602678054744,-1.0243612217565137,0.7055201589248817,-0.5104985151070065,0.8289870968421318,1.1443999149570765,0.5198500464505448,-0.8348699180781658,0.6178899916404327,0.5614792462111343
-0.7014480290369101,-0.3410301478709051,1.904955272033809,1.6563168763241924,-0.5474641045009839,-2.0215945973367533,1.4824308043608379,2.1201340985351185,1.5736876845865764,-0.3546798008105353
0.6706557295281323,-0.9247125848621124,1.081100403382544,-0.5822661209199321,-0.6352444325329273,-0.08535997171155703,-0.5602295225298025,0.7348758140004265,-0.8540645996513742,2.5873577744696523
0.5505262665234152,-0.3498311877317857,-0.9766468695738342,-0.31051601961148123,-0.20821712634171716,-0.2713602593966133,-0.4951776178714782,-0.8229161427992897,0.9068822651090572,1.4130390282326089
-0.8621506532708272,-0.04943496935726014,-1.7992103360704865,-0.545721037981825,1.9692963873845684,1.199837471421691,0.6188653963992969,-1.1562656821338042,-0.6969278165619484,-0.5159502363860676
1.021583641152817,1.3012020848004253,0.008690891895107418,0.9088598424588966,,0.33073350497524273,1.0595135581894597,1.606053134971857,-1.1483245182381405,
2.4245641141942733,-1.4045494230275954,,,,-0.1522202773751237,1.2573087154080926,-0.8134023926100338,,
0.9521080739267891,0.9469005263136197,0.2609767219615521,,0.07580214013321764,,,0.9622241610961583,,1.9247310248922123
0.2777399453720811,2.342082076983665,0.3413055523274587,0.10042771419171097,0.7162708399580042,-1.1596317940266772,-0.9784363744158628,-0.11120307779273499,0.16491264873147923,1.1208660222017346
0.1668616227782355,1.5412944022502837,-2.5875388490067306,1.8967429082239646,-0.3213805997600293,0.771677805898337,1.2886030573404208,-1.227210985341366,1.533930260363462,0.8423214771804601
1.8634174028453723,0.16559600421114096,0.08532292328242375,,,,0.6722143152136684,0.8394923498145505,,
0.31351879756333423,-2.066520800469063,0.9470865324569949,-0.17446496033338954,0.09794353608538381,1.539685125917564,-0.9122922603480914,-0.7884539712177132,-2.2073273880238684,0.0029068373370385804
1.166495733381733,,,0.23226920130257403,-0.3942733108605014,-0.3849059412619466,0.22065932880369765,,,
0.5488766107891484,-1.8808077007326158,0.39176605840702694,-1.4746139646337726,0.09471768343658443,1.1612712065890676,-0.3498582751334233,1.1410327747566362,-1.6600962143863789,0.34350844143842557
0.3593051580268447,-2.629889023004711,0.5793309049148216,-2.920276831374234,0.2350893638431023,0.509841313984002,-0.36394507559856054,0.22954342377099562,2.3266199751881116,-0.48655279792357126
-1.1091552801979045,2.1026026173503327,0.25272717641180786,1.2144682100595887,-1.5863631615349703,-2.4252607558970367,-0.8336414643095525,-0.1448406817490909,-0.4913228539231492,-0.4931800589254067
-1.8425753453813736,0.24919298383158817,-0.23461969500357543,-2.1749989788620163,-0.2840948879014427,-0.108448546830238,1.0840070425570596,-0.5135218630234828,0.9957261851528656,0.8835270284954136
-0.8006390419880962,0.6961091346183981,1.1640069189885738,1.113817008501053,0.37018909408839473,-0.09056511004537411,-1.3516902571292115,1.2006039693854735,-1.4504122946248976,-0.15390563789382944
1.0961888843698833,-0.990012460228515,,-1.5708035143183108,-0.356682845054634,,-0.7815613543698504,,,
0.28049568980735645,-0.4531478381123683,-0.3476097433973504,-1.1486689390971994,-0.5142280287459424,-1.963631392692727,2.113703581974177,1.209504069697681,2.45723291594415,1.1397814697640034
0.31683808372205224,-2.177721651061293,1.0490523793918884,1.3603256271583422,-1.1254633295484766,0.5722654622754649,0.16631531241211164,-0.056348993813401076,0.5638856352740446,0.48101710823902427
-0.9809295856871164,0.9836494546908414,-1.4451561601184397,0.5007619636282495,0.3081870230026249,-0.7387244641236881,1.2609087487995934,-1.8800154660036104,0.2817486440778009,0.2074634739071587
1.5934635772674954,,,-0.45526494817426855,,-0.15368196383785954,,-0.05031650378276143,,
-1.0478567628934374,-0.22766213244796057,-0.649219603491801,0.7372476904370439,-0.3522551779920417,0.3517079900681052,1.6293824021314933,-0.9482007637628298,1.0369260099439073,0.9051925617009308
-1.2412735909105486,1.3767684045303679,-1.2299754488590167,-1.4559068489276468,-0.8404543209386397,-0.8043116666427191,-0.3461920706854368,-1.1083241552206982,0.5687986069429506,-0.12992429003072636
0.18398728048620538,0.6783836181958471,1.5236927321471285,-0.4338474660106674,-0.6145797779557753,0.8000889222103263,1.2547905533865882,0.07966551615018277,0.07043609159149164,-0.2097356948283467
-0.6165805035325519,-0.39417722440300734,-0.08070929601216044,0.6618584372491788,0.837969623546871,-0.9160521983257167,0.06349631018476772,-0.7174594106300102,-0.25686923175496423,0.12985485172786876
0.9594617189389547,,0.44427202781433645,,,,,,,0.40811131995648947
0.032266221693744344,-0.597802910107956,0.5557896651039438,-0.9108984863283849,0.38010802100760094,-0.5827445593981191,0.9961199875021857,-1.788350573085557,-0.10997520142004591,-1.1184704660356217
0.8266484089233505,0.8400475675937082,-2.6265250108726286,-1.242793199074608,0.9316220083041974,-0.13381511773840057,0.6102339254206469,-0.01742733477062469,0.1601746978748787,0.9887544223801741
-1.1917143463445687,-0.44232689442412043,-1.0357479399737504,0.27173994422216935,-1.3072277919842512,0.9231578652133012,-0.5348298060821485,0.5114917638102662,-0.7408704376995787,0.8077826781466643
1.187425342483087,,-0.8824494213738882,1.459681832942668,0.6912712854717866,-0.6353661418003025,0.27887710151884715,,,-0.9241521559628414
-0.12888551520263902,-1.4007917818643065,0.10878824017624457,0.7303386932622505,0.17071368537910733,-0.7254825248842087,0.9079334168619729,-0.17076727692275184,-0.7900457317710216,0.2585569268612441
1.2045920582273923,-0.5794852287026365,,,,,,,1.9559363299173425,
1.2428453811548126,,,0.6187467683851746,0.6904361996543478,0.6926243923278314,-0.6309855048310918,,,
-2.001245741069247,0.10411801025945863,-0.12912414033713365,0.15742754621312086,-0.7222559333850793,0.7849942285951101,0.8485478371203545,0.1637380768246813,-1.322411990473902,1.0415003373899931
-1.756784059306003,-1.2620078020650036,0.7593105417263436,-1.125919358744548,-0.7364912211513562,0.13338579356289693,0.9211455993270196,0.5807964040842114,1.3213131506464033,-0.4500046203586453
-0.8664618061926969,-1.2821102062421186,0.11179548039433213,0.27427945627213873,2.4483602543732697,0.6130377450193519,-1.7135412272610566,1.1499633369685707,-0.8449529987356795,-1.3126154413083166
1.0348196209924836,0.8409499888153926,1.0898315570867174,,2.223362594216453,,-0.9502297050186936,,0.5777067149903791,-0.01691895142449936
-0.5587394884728768,-3.214553195964132,0.7647941861313009,-0.6201883391514555,-0.23545025223817242,-0.0981494455885378,-0.8629495093333754,0.5175396856059176,-0.8413280741763666,-1.602550289237115
0.06514909554907337,-0.5806158032413631,-1.9587838774434547,-1.228613646860429,0.1672801258451741,0.13979982119701503,1.3912683247771884,1.1745188288105324,0.4393864486071043,-0.7053567086597554
-0.5459788878940156,0.43788698841505447,0.9933685869045452,0.5442757226905085,-0.4690155190146587,0.2081128187452849,-0.25707734735304566,-2.1134104871296207,-0.21264040340354484,-0.41073583089833177
0.7953509628310154,-1.1037661146751137,-0.9884195995680617,1.0571577634203067,-0.9207433490619894,-0.6892531570257964,0.49677802715063485,0.7133246424537921,1.396492386665931,-0.35429803951097166
-0.2976544191398139,-0.16322519034998154,-0.6029071796912105,0.43397366262271875,-0.3291645161449524,-1.221940506582765,-1.766809630611462,-0.12599609554447622,0.6205640515455457,-0.6862936692065519
-1.3061121978426007,1.534452556913576,-0.35436898420020946,0.8996706761556605,1.0526164742764146,1.5103261559675436,-0.05700250569172677,-1.4295598919042019,-1.9120431634251207,-0.2651832145201228
1.6966378167056841,,1.3574771106381118,,1.4526732638600648,0.6746800030624742,,,,0.46283004159848146
-0.8453426924060928,-0.6106295766059074,-0.9175690801820587,-0.8936895099400806,-1.7369669349531673,2.275091171942515,-1.2021709659850561,1.0334040704579175,-1.6880998809552374,-0.5776006420981483
-0.3580359841899352,1.4220446015988386,0.33098251693851843,-1.0722787103108227,-0.24449924886606086,1.1863973142879731,1.0502614458441781,-0.6684562279922205,-1.4701898523258397,-0.6422601263176482
0.678997059052851,-1.7551942424791167,-0.17332080074831943,-1.2191589780465968,-0.4861260957344406,0.5112819248664364,-0.06469489564225557,0.695278201164877,1.2247265829656535,3.7304696995347015
0.907559178790876,,,,1.5642317925558353,-0.6753587729684042,,,-1.322962568154576,
-1.3479823049918493,-0.09935371527157995,0.3198506434513252,0.28271928411796104,-0.495765661435214,-1.5490559632508927,1.2187297948463574,-1.7677112344273613,0.11750067086796277,1.4856724459042978
0.09177042191782307,1.2786274714687613,0.5098240113986129,-1.3933851495274758,1.3115276933371807,-0.5893208890846606,-0.4286491571750869,0.6838492126831341,-0.947858531154016,0.9399139842124987
0.42161270600907846,1.6544855540641341,1.147331752087781,-0.2049690624140395,-0.4163934713809733,-0.731767887905476,-0.2501164961804824,-0.9018684406524301,-0.3091603630038413,-1.2652686248560596
-0.9742395130732542,1.367590336626079,-1.3402873072685297,-1.4285820103419193,-0.7257004814302286,1.3654354662231847,-0.9410760096791921,-0.30829125491550463,0.2806703634223003,0.5254280056924043
-0.11033783242745551,0.38737077041802515,0.9621641246342229,-1.2896720455036859,-0.683055429417793,-0.8416729706444809,-0.37094312058292145,1.239891872337543,0.9723020742596492,-0.08630821350133806
0.8038565944945251,2.116160098203273,-1.2468720680924366,-0.6649859615696223,-0.27135235836308774,0.37608797833928326,0.5155836232775682,-1.061981077458798,0.1788574395402504,0.8458280283027388
-1.2203439658250677,0.1500767769169978,-0.6138874162948702,-1.4434683356957543,0.981440540292678,0.4658180567665633,-0.8982625624772267,0.9163313636808883,2.1198912506277643,0.10586685728763642
-1.3823541056210356,-0.3011666755871808,-1.9400769351482992,-0.12006806050630443,-0.38420122159898407,0.7818431812077868,-0.5978629576602984,0.8953762978353965,-0.8004102189949678,-0.11908527518444473
-1.406336156844027,-1.0682235638359336,0.7836667727013723,1.0703293904127549,-0.654060118249805,0.5191540850539982,0.779729167106869,-1.0678280813893388,0.4513639728798166,0.012211294453449416
0.35072386582300935,-0.12124745272612242,-2.1308025754971918,0.16719860232685083,-0.1659207511350822,-0.332749419594933,-1.642021540825852,1.001083867528267,0.04071422544048436,-2.022689831017795
1.3606278152593667,,0.921526467129564,,,1.0646081036062371,,,,
0.9140220441379412,,,,,-0.3456247160762117,,-1.957034006095328,,
1.047877583045025,,,0.9570095169472831,0.30700606726590984,-1.6315829466502434,,,,
-0.9103323383073456,2.103652714888612,-0.8705871301059428,0.09289093739563367,-2.487070828461371,1.3483314805343523,0.8279701685655616,1.7652772198805924,-1.0155589562820069,1.257373274581525
-1.0030213421796805,1.5876376041625166,-2.3726972580655974,1.0809893622722122,0.07534725740054736,0.7196548629347287,0.6018337324020943,0.49575701573812686,2.4705517953515113,1.8790291289722834
0.622994868421612,0.2565000963385875,1.5336718904727187,1.6061377722771735,0.16700513550839147,0.11812763468156483,-0.9015386593333089,0.37191232808293656,0.2795158139665957,1.0424142008943136
1.869911868320627,,,-0.1674745227865237,-0.34708791418376905,,,0.7597481475448863,,
-0.4607850332281752,0.7669697362299575,0.048789978737678125,1.5801742532472864,-0.9719172626994861,-0.9585649882449292,-0.18273971967324085,-0.5187107574787236,-0.7873794345372734,0.1012337077920513
0.1356377445087645,-1.2451244632547487,-0.5796003862728931,0.7303416506287824,-0.25982890654056456,-0.8118878894798002,-0.3515212510636076,-1.2173831047349801,1.786831384265535,0.8907429069425492
2.4596122981300104,,,-0.8602037733473215,,,,,,0.26196595448608956
0.2202488611185286,0.41288534059194476,-1.7483757418008075,-1.1513207317617349,1.8422909840309594,-0.046722702934856156,0.4126336798229422,0.7970923879179787,-0.37497857223836983,-1.0693829012660039
-1.3662721106783742,-1.0081604281705079,-0.6884892727680728,-0.7617330317881601,-1.2883033833847803,0.9206938758548776,1.4736161468129594,-0.9347035432653925,-1.7117525842142487,0.05949061233734406
1.514250147867254,,,,0.25828841035679334,,,,1.4948203948445065,
-1.5842326481631936,-0.2789604280338469,1.1393041963223993,-1.3683602693356796,-0.37804900815625203,0.06953147232581021,-0.049878534612394713,0.2957108607019979,-0.6795922306174967,-0.9364877213082089
0.4509728812054214,-0.17879206361797048,2.1138621827235045,-1.1103635568954204,-0.05821011226287914,-1.3248402503456207,0.366103442479627,-0.2076315495638855,0.524513677225524,-0.7141801565879196
-1.839237948770286,1.27649771353165,0.899545530072938,0.9430602392148614,0.8890230876213604,0.09946954817111538,0.611496334292626,-0.9065483886675598,-0.4169425191692553,1.1352886567191156
2.029757915093005,0.3282660967034428,,,1.4187717191668416,,,,,-0.3616771450432174
-1.6697934796099858,-1.6498796931716098,0.8359805608408997,-1.2363980372037178,1.768757104249209,1.994169293620246,-1.0437442137593052,-0.690467135388852,0.7050212925582386,1.5270541952051448
0.1689047892100461,-0.651194506311118,-0.38648275780238667,0.1121280921770434,-0.537679452184892,1.2196402088185359,-0.6938031440127019,0.45913766862246425,0.7618870137314953,0.009876554983561015
-0.22621273980484563,-0.024180611446691,-0.8712498047790598,0.7748311694445081,-0.13069707397032915,-0.2516932376331155,-1.0954164923544891,1.947978720012543,0.8572132789718898,-1.4600658233535595
0.5652531603928217,-0.6092730133288271,-0.9087828584682516,-0.7318956503303865,0.5188035640704391,-0.1440235185516159,-0.05060797010637823,0.28355164695005136,0.9389294470563765,2.3117826657160254
-0.26340213276755375,-0.42486482673691983,0.10604865425218456,0.7049993229790825,1.097213165104882,-0.995377073758417,2.4249731610132867,-1.1782883235474997,0.8911951121249696,0.7513762608918745
-1.401516240286068,0.2694128927850195,-1.746210274570344,-0.8293489505396731,-0.06698485512488798,0.14157658759272954,1.2450493934103752,-0.692423305236361,0.3638214049753829,0.9258115027146485
-0.05809836254887317,-0.005412240208412461,-1.4570428011496137,-1.6178162221742445,-0.8412209090913684,1.3919678357231011,1.395868683951713,1.2483466373874448,0.3711758259007556,0.5220706473842529
-0.41087198805230524,-0.372511776394463,-2.0316490766697815,0.20948839628435245,0.47117356107385,-0.616584017547214,0.9125548161194145,1.2286259098100516,-1.1230378324254824,2.310015650671788
0.5445216914256349,1.5512353751107189,-0.6881135379441553,1.450882756592513,0.6619260916811636,-0.2933034786682051,-1.0999517295814538,0.010111122666459455,0.7791087118353203,0.07689905500972787
0.08857710611744934,-0.48750371124768416,-1.3230601754999387,0.17742502459665316,-0.9298709980384343,0.9510724387865717,0.8401803580879047,1.6694623082044697,-0.377345322986048,-0.04254723656289652
-1.4718358959072517,-0.5549525067787948,-0.005735694745755317,0.07814717567188552,-0.3801949447780055,-0.626256187674432,0.24356358226136485,-0.2987726850558756,1.3106483827662345,0.2524395704149658
-0.5337089167919411,1.0834798920764712,-1.0062121683076564,-0.3913900704238285,-1.048228011638803,-0.2541204389429066,1.3731656919608846,0.18747166592205824,-1.7280206710202772,-0.3833738746103382
0.26674652704845453,0.29060377377314756,-0.1743997646115521,0.7691703260852483,0.5857791043953454,-0.15172219493897804,0.23734377163458253,-0.14058811195198467,0.056163836760532014,0.1907137614387094
1.0160761623036525,0.47242485224739195,0.0032380929301002556,-0.4046023950145884,0.6631307365969957,0.31745001690429797,-0.09602425527434945,-0.3045278953159609,,
-1.4422015325451691,1.5736417157314875,1.6019089131380646,0.1507679288719533,0.5395778925404114,-0.2137000516161185,0.5233440202607678,0.12484599836331796,0.21116503431888717,-0.9639538502596248
1.803520083706105,,,,,0.9686623028372513,,-1.3356205347942802,,
1.8533245394312547,-1.375276052963751,-0.5986019338508589,0.8548539457115598,,,,,-0.017701893317067487,-0.17971900572772279
-0.7246988536985978,-0.41755330559164916,-1.0816983207090687,1.255677466745335,0.7411522189372619,-1.25549211494835,-0.5387935787911465,0.7798551516015665,0.6838786283263897,-0.06790848222242321
-0.22004271043171741,0.025695716572561207,-0.41723270534885576,1.105089436259535,0.7303549220519985,0.3170389253015112,-1.0620441094271438,-0.5845890445490945,-0.5976738197174142,-0.336328584111427
0.20597862467949912,1.6056474034508497,0.2026600054924689,-1.350622483249393,0.7070795981415465,-1.321875710620485,0.4803172420666978,-0.41120179628496273,0.5987239824441133,0.55173765509123
0.19502061557888006,-1.0190532583325107,-0.5990045268123695,0.5341365010668493,0.20232782185383882,1.8433472753451134,0.16074777558230302,0.7987172798146867,-0.3800296709522352,-0.8362178476443696
1.1647005239938473,,-1.4137482740865153,,0.36981648262577305,,-1.510119593126089,1.9241123759401508,,
1.622144391029254,,,,-1.1788710384165535,,,-0.253910694956196,,
0.7249831426708235,-0.9069164355787067,-1.9350426486486343,0.4101019291450052,-0.24500713324053222,0.9196676886529825,-0.7669589268836581,1.0220199620269736,0.7146778454108155,0.5160685520736406
-1.3498849387941974,-0.059614165810906825,0.9027928208352842,-0.5534843549296649,-2.0980336070953367,-0.6770310635477861,-0.9482088516380934,-0.6070358651281212,-1.4448967623533828,0.7743102753674479
0.6082381684227295,-0.908136980313259,-0.43312593624113355,-0.8731558272922042,0.4862958288050719,-1.002143499268898,-0.8558876828329538,0.09994195293080259,-0.8476386065405216,1.6766406826402374
-0.7199003262590257,0.7325691704290762,0.8825036159736459,-1.403629339712606,-0.26293541362534656,-0.8708308829249455,0.9051101506299537,-0.07714073951098378,0.8903694163727007,1.63179162422824
1.7262087448877257,,-1.1794286831722571,,1.1349047234099563,,0.6794489038160044,,-0.4095490504363908,0.08957839072439144
0.3358412616509566,0.11278063450472856,-0.6472693864623777,1.6097134141434413,-1.2002476542424785,-0.4184982497754987,1.4615998540082942,0.9294521974421567,-1.2695688187477432,-2.191653669928642
-1.0300313886684687,0.11924264869774291,0.060998803602085636,-0.033330738900722676,0.5755247277036387,0.026934335574552045,0.9536993715277831,0.7575451265687285,-2.1582003376068153,0.0881811640293172
-0.2145812200043803,0.27407842217535905,-0.24118540131611474,-1.6115871750074973,0.4580874879596693,0.6949843431558764,-1.8455306224867296,1.7276638082025126,0.9394621674528527,-0.8987797223037965
-1.0987036565064965,0.20214217066340956,0.1292564661121525,0.6198238074393037,0.4915485445595991,0.5864925036799873,-1.1108620172181904,-0.14018754298262456,0.3433531871508452,-0.23679466786469147
0.6469119636938793,1.0770650511560393,-0.8288868208617917,-0.03517649989456099,-0.5288131948981181,-0.4244626482319623,-1.6430019104528262,0.4131590677035523,2.866263107484143,0.4179517747071352
2.2890310054557466,,,0.4242561439783976,,,-0.721102644359701,,1.6722114043445977,
1.0340666675399741,,,,,0.8759788620352786,0.007388838562871434,-0.5509198153343747,0.07926816817890332,0.4338671652757946
-0.1611517199056092,1.6256119659167563,0.033938311846127694,0.740939497458223,-1.0575878089704671,0.3631760306187017,-0.5069324439192595,-0.5053196448142369,1.5414643418173242,-0.6584686881005116
-0.5134072379107679,-1.7289975307985055,-0.8850276579741114,-1.6970437155842697,1.178476072064077,0.3679940873068961,0.805988268975806,0.4648160269569527,-0.9593229647095697,0.8169235068613585
-0.1927569974999058,0.5802563242121538,-2.731204335836854,-1.1938060963277188,-0.704963687111715,0.3060348856540576,-1.575025133337657,2.2738233378670207,1.2627194615535855,1.3015917968839146
1.4372679903085437,,,,-0.4923190216348252,,,-0.5632345944486686,-0.6156478526750744,
-0.8188532803333204,-0.3093639429545916,-0.08412072360584469,0.5808323980701356,0.731385071160711,-0.6644193189769211,-1.6731305283112234,1.2795375140083,-2.250495321825769,0.4062861029778771
-0.04719448502199447,0.2616308867801355,0.30859058845531323,-0.23778713323694042,-0.08354123501293344,0.33336026212378866,0.2669125437315284,-2.780136679357671,-0.06894517487165246,0.7998828754649873
-0.7220745312007723,0.4626282518951025,1.020974014421123,0.09341083455115423,0.1239491067870226,-1.3566585130663846,-0.09312357983319883,0.49771063219836353,-0.43695557170168375,-0.3860345304847734
0.5190820149854734,0.35577902519435767,0.46613696443011476,-1.5697267053302233,0.4228088028913111,-1.6018280035255188,-0.26899136213585156,1.9390570137690586,0.5668759792327823,0.3266241625546542
-0.8367912748629883,1.5424299359190201,0.31066521830394234,-2.319794337365977,-0.6797103256207818,0.27370566632247806,-0.2254882896100574,1.0827990022865237,-1.1288051030897461,0.1740157877173136
-0.6280519730738615,0.15759346567658258,-0.5499126748958284,0.05925542470653736,1.5097197858650406,-1.5798614182860242,2.0587847973920033,3.4783934945080417,-0.5024843552734549,1.3984064927058066
0.8967948387240753,,,-0.9455093083859051,-0.47781826768871616,-0.4256790684221865,,,1.006659412483606,1.5445746088914734
-0.9077142653535073,2.4407701565276474,-1.4354237694428265,-1.185162532346483,-1.8873931551625684,-1.8067310597071313,1.1411854268649237,-0.4810802232462725,-0.047129419082527504,-0.3642078041199637
-1.3437778711623805,-1.7846290449875786,-2.2848378809175682,-0.3745201666042638,0.31630282934326936,-1.0698819077977078,-2.4017421362526146,0.784171527680848,0.9184375696511631,-1.561454569751191
-1.3587347284752618,0.6184859859947521,-2.099957749484812,-1.5374996428546488,1.3001682828496954,-0.6899333364257785,-0.11846263011666193,-1.3407428296186559,0.9895353214182008,-0.24260434115943963
0.8553542304403816,-0.6925375681956604,-1.313097527285101,-0.28897345212571035,-1.0180670449548754,-0.6928554462001539,-1.0252134927033396,-1.4456744578915037,0.6012507846447438,0.2989854049348585
-1.1816805736288778,1.6072252084138827,-0.9179308206112967,0.6652864935654645,-2.79908067515362,-0.47017343232735037,-2.0357528701345946,-1.0453756298980508,0.23410332037909828,0.11833268651337882
-0.9432092532705653,-0.13226024458981026,0.12819409262949594,-0.8147048820819836,0.5003079812433698,-0.03783960333188251,-0.7173713307959525,1.6524079691349862,-0.5747647327157163,-1.2482717328003408
0.8111583196165337,0.4499690910529971,-2.2062121357403885,-2.1536166909418992,0.3014030854803457,-0.8812849411613373,0.12800407478111478,-0.573413547270148,0.3535110627403965,0.5804738833742791
-2.0542799056079635,-1.1824121415160558,1.4205618819855466,0.26523712382309167,0.5207075169276184,2.148012272617418,1.013871169492672,-0.05554573473542398,-1.298633016876689,1.1988129043761682
1.2258060597378857,,,0.28296994231591316,0.06563456361041145,,,,,0.35912988144177055
-0.5002032010728347,-0.5657525770465316,-0.2377247896414243,-0.6968058729677283,0.7168090565483681,-1.211413172695566,-1.8143800132880377,-0.15337920661656407,1.32913683747014,-0.5319861874653792
-0.2719186900585197,-0.29526114703045914,2.5117463273164287,0.9378054212391677,-0.6035219846996792,-0.21091191319746658,-0.7908056641630925,1.8592744422632723,-1.5415233492711384,-0.9822734980919614
0.8842527733840926,1.698662784390122,,,0.03431685564702493,,2.098654884050956,,,
0.9360463277726341,-0.9472447957316787,,,-1.1509530610965528,-0.4244311274949782,-0.48284598453700855,-0.49792594149069164,,
0.3471406369737533,0.6565059977982082,-0.06592282865034282,-0.4446636160833596,1.490214384579356,1.4977622927613323,0.9069115315805939,-0.11092260902068954,0.35083492851301407,-0.8135309133232654
0.0990715142302331,-1.1770694969697915,0.7971860906874502,1.6456895761604442,-1.1281474640115519,1.7544390491380242,0.6264237630868655,-0.7778900443590611,0.2556618844357484,1.538560806087186
1.2390302391657266,,-0.37222112404081065,,,,,,-1.0094071195939995,
-0.7068352766608348,0.8052913640552403,-0.2994858783351728,-0.0964471666070377,-1.1786599624122394,0.40093181439560577,-0.27653674494553093,-1.0768719206798403,-0.22906753913754338,-0.8626917176695537
-1.5759280121909445,0.7543503824061982,-1.1481416672963285,0.4539435972061114,2.285793455003471,-0.9396218187038584,0.46619077300519496,-0.40631222142775125,0.24914001676822983,-1.7714889054995482
0.40883438971470354,0.10464743724112059,2.4107415954796574,-2.0434386053344418,-0.48340921322905295,0.4567819227677737,0.8804518433866059,-0.12373991332287172,1.2644057998718157,0.0643454640373784
0.13576056666481964,-1.732060389201427,0.5848230767853141,1.5167547838979674,-0.9906183964995522,-0.44154918488300376,-1.4166785710635388,0.46449539011210705,-0.1627105015964654,0.8109655296610284
-0.07714400577148503,-0.09676057181308194,-0.06175418386247087,0.1693113923925442,0.022741618302762917,0.42504758912710466,1.4278151661058938,0.9749002748754197,1.7559574619026566,-1.1692661369210795
-0.7563213822445942,1.109066981688758,-1.011455852629452,1.6199020146412524,-0.5101546300708253,-0.1446156465035153,-0.37185489214914297,0.012218847391267227,1.6579541656472618,1.3181966228045925
1.9574420781926831,2.28179213144606,-0.4582897253795549,-1.0117432820671357,,,,0.794024215627833,,
0.7434686462852446,0.4746936570624511,0.07502617736796603,0.2424499180473936,0.6564232238658402,-0.6026510028188188,0.3281103205335671,-0.00421297353963368,0.13850400842032243,1.1578838875207742
0.2874443911518525,1.424082530463253,-0.4948428909163189,-0.0925626137835588,-1.5214866988311182,-0.9624603966834604,-0.373940773955979,0.47405529125376566,-0.4999676487643785,-1.0898067063818448
0.34454418073673093,-1.66608873655837,-1.629452259236535,-0.8193692213616485,0.3951840531089662,-0.871372549569576,0.09705200427785263,0.749898534478915,0.4712998273903343,1.7285233657154455
0.16373036912713346,1.4245976423332605,0.6244585673251637,-0.39215169791806387,-0.9603863530102368,0.162085857238305,-1.298506982830464,-0.21641332186934162,-0.14606879579939466,1.1801153512542963
-0.7098970357859545,0.4419333052116202,-0.9717555288883866,0.8670569659620234,1.5143712692759397,-0.8298043519042698,0.14393345202041147,2.5901817960803086,-0.7387312718192344,-1.4539670479384028
0.2262160363785242,-1.0656828300117605,0.3732136929865796,0.8708663964571203,-1.0236391124645445,-1.4712164313193228,1.0253701367967674,1.7338369538850886,-0.3046805766282799,1.384148451352709
1.7660816382292746,,,,,-2.244860036126626,,,,
-0.09601720082666416,0.03317431477707316,-0.12982858013370036,-0.1865826054618079,-0.012673024940141893,1.5628984356924742,0.6477687460837351,-0.9362693353617807,-0.44175660220740154,0.6857322021854076
-0.2689052506077657,0.5133570126376952,-0.022155603066477278,0.21080523890070418,1.2752675275759446,0.40185892340932505,1.9355405176154181,-0.661174986767808,-0.9157351508663952,0.39804966973026296
-0.21512169144203952,0.1333248646872997,0.35896588864058754,-1.290835860218998,-2.17869441407572,0.720985265609927,-1.4341975041334474,-0.5098224558222139,-0.17361843127326104,-0.08297133688387663
0.7822145209483152,0.6659020162060953,0.23845926285028637,0.5689209190215452,-1.0282861516733697,-0.7501510565230765,3.5970565728094765,0.15243006662225628,0.8799553015837497,-1.1485293412056794
0.7345493634811554,-0.25377561782950464,-0.5321686679647999,1.7587170402914394,1.5413464100497611,-0.028041756660699114,0.24710440664256714,-0.377985907713245,-1.1403940362491065,0.09495727157603298
0.24866609960439703,1.0528967801067224,0.5984728547405705,-0.9838712002431191,-2.0389034091404956,-0.31088711286982224,-1.2764416482093222,-0.09546314751108138,0.45714047156848925,0.3382132265265875
-0.4360799317342211,0.4233441242289184,1.414871172898309,0.41995214296484035,0.3857297745868202,-0.5193191168626332,0.18621861616046517,1.5494768997217456,-0.03495528205819348,-0.2946326950460329
1.2464960903337388,-0.12849967550625108,,,,,,,,
-1.1559091907593633,-0.10808473910960499,2.9253664091516605,-0.043374671146696984,-1.8128322878016254,2.7154500622337685,0.2551391438850738,-0.7763708613190285,-1.1075443669780616,0.2081907476609786
0.8201010002238607,0.7456782868307945,0.9699311629616645,-1.423585137635101,-1.1075838841062173,0.05795600587730755,1.202448910153798,-0.364244299690566,-2.221950557613291,0.9172804317746852
-2.7047561105848135,-0.4339985268319489,0.8508604260414744,0.8191377469750065,-1.5928670018321818,0.9674678376451198,1.438720098511952,0.7243516020485784,-0.1752220828305285,0.5351141689868294
-0.6687531347565328,1.1443022473804354,1.587254032272962,-0.3581337108058682,0.8485345699810733,1.0858237816290992,-0.16215321932274648,-2.2239985506983384,0.2147587890349335,-3.0373936032310787
1.6812242932760715,,,,-1.1173237451131395,1.2036294111620436,0.2845210308439862,,,-0.2564212867174476
0.597757775307605,-0.8804449056092227,-1.226693934026743,1.0942957033539387,0.5407364025343216,-0.95164398008471,0.11318125955580818,0.051006542856479,-0.7157882793904061,0.22133282558483344
-0.02696001259630706,0.9047811450033584,0.4205348090307488,-0.5363722453955749,-0.563077012443754,0.43717888642810254,-1.7959059547314875,-1.1260357344054988,-0.1838583798694879,-0.1316624321479161
0.9903417801307571,,-0.4461853286111901,,-0.3226157042174778,,-0.6357619186216906,0.2526932683955866,,
-1.1781769325207894,2.2870281241353365,0.14608527281442898,1.577021024350061,-0.2807909302422545,0.12185622074138389,0.5084201098658211,-0.1211938351341443,0.12109931959118632,0.23696565353761223
-0.2159822300882683,-0.09993723407974414,1.0344378398462883,-0.9698666682143722,1.7446947510278488,0.5847778089719641,-0.2862990596637335,0.9111451878445993,0.845669036268482,0.3346789825313471
-0.09730960632125481,-1.618299542660526,-0.6846657980856691,0.08423723576527536,0.5017421435870999,0.08864347962143573,0.43253410854515056,-0.22746161342292484,0.6599723748652636,2.1858812749515266
0.18654446093291702,-0.10494539506308007,0.01414222505036752,0.8344291923507677,-0.016517571641129283,0.8185786762506326,0.9413678233542291,1.810432300976918,0.4851618212703418,0.13242522026973835
0.37647422713652295,0.02640057844204661,0.21417777903306806,1.40546308637935,-0.4393972172747301,-1.2784613834315883,0.16496050038549456,0.2213627560317867,1.0209225924905703,-0.12334294920876673
-0.42246168087008396,-0.5849257790581514,-0.5998734533223653,-0.8122953841081537,-1.1758262152519987,-2.1669894389458726,0.8419394194297091,0.21635005401689256,2.118462908848315,-1.4574694563208626
1.9703353435037927,,,,-0.5259511303030248,,,-0.36166666871012704,1.1393401581679312,
-1.575204831009468,1.2935750500723466,-1.037542676911882,-1.0618509917110597,-0.2156786879552147,0.33727539964048253,-0.6416466375022537,-1.7591254991104086,-0.6048210888251314,0.9922196225170452
-0.0022869891711993335,1.1183826833947847,0.5196988213808519,-0.5492964783376658,-0.7177901006544414,0.19169767667098725,0.196928871857101,0.11599177251425756,0.20553148684616177,-0.1376999266604957
-0.11836226713323227,-0.8156470842487599,-1.058365196466713,0.7456140306813612,-0.9910230802751286,-1.8762097477610895,-0.34705514003270327,0.2753600104713392,-0.16868680455283447,-1.1953701922541031
1.1032154107230059,0.2319498371328773,,,0.49087102764619645,-1.1375901537997721,-3.0702426335353623,0.03505193731111421,,
0.92609065216703,,,,0.5536039852408654,0.405756377989978,,,,-0.01958556308316026
0.5718933204695963,-0.019848605226645718,-0.16018499570706796,-0.17875435424529837,-0.3166321559249012,2.4000805318666187,-0.23413645402352465,-0.3254399785018195,0.7238957717447476,0.4502542407046288
0.08693332773910478,-0.8581031568059839,-1.3112873587487792,-0.054854212532202296,-0.19371831986107688,-0.5009751029267449,0.7979465367951596,0.9243915766479198,1.1518790028995722,-1.0255632852779293
1.0384794273710236,,,,-1.0291681667356816,-1.3384586953332307,,,,1.1743429171372815
-0.9976431950942161,0.004118884928753073,2.237979070584868,0.9031555245214091,-1.5471628334644278,0.805462289117052,-0.7344166361124287,-0.2868872175092856,0.7474629226285112,-0.36142847448162196
-0.5177608998709832,1.0804559152629536,0.755302032884564,0.33545420599376263,2.1091214094794353,0.21617943559509523,0.3255280594498592,-0.3107290547556463,-0.9639048920287195,-1.4149946509500224
0.865242086338835,,,-0.8814677039064551,-0.7541009590242814,0.3361199565415368,,,0.6820281410125982,
0.2038278194758471,0.22491960324952054,0.9349687467218089,0.4846325942772356,2.79101341068057,-0.3725658824848082,-1.3245588881008166,2.7576126974307402,0.10429238857286101,-0.872013469926473
-1.5799326639153664,-0.31285486824132874,-0.7787639428298371,-0.7698385935032892,-2.0734534302592444,-0.36885460928696173,0.429894973282017,-1.0036488169100557,-0.4344295414422772,-0.4846273364511831
0.09102483740032226,1.6745497804637675,0.21078207228188495,-1.1567198153679519,-0.1239033447221783,0.3576212229234753,-1.2236506699831844,-0.9157879021719633,-0.9336342464266272,-0.1875289002479716
-0.37585272929769464,-1.6847486564442742,-0.5814052101945945,-0.03556362261346593,1.072740828328335,-1.3253789140777785,-0.9194347833524541,-1.1371815519019028,-1.6400086838900156,-2.6470738139361973
0.4430827169923182,0.11649831941272967,0.410290927489287,0.26159113751710344,-0.44552745590033016,-0.6479049420289932,1.05559497176484,0.6379805955761712,-0.1323219787281327,-1.003673316175813
0.08928433330023096,0.190063828736711,-0.6301946326873282,0.23661654603082036,0.5752309605528195,0.432875017549286,0.9535811897903335,0.8512133977870955,1.032103600229211,-0.5382561499813314
0.7799853997502172,0.48041183582413965,0.8110811962120031,0.11926649880848608,0.4847823128945292,-1.0203285782486906,0.4683194910632879,1.2161789538934666,1.6500970187758928,-0.1240953076393265
1.7863314672275163,,0.6950303060512304,0.06306710623132085,,,-0.600238030140989,,-0.4956115287274326,
-1.6924737140291166,0.8273704869459699,-1.8763147233192152,-0.4999549181738352,-1.3657540350584352,-1.1200027003971071,-0.03545820539142837,-0.671515571550209,0.7376892302557084,-0.24629189303386398
0.1679194549433352,-0.8168242609126665,0.7480615810770934,0.18257105598662138,0.5261827558538502,0.7601066635480089,0.8645118557994742,0.4154064642671869,0.17401097367748916,1.1044207445731649
0.163037374800516,-0.4134423490560976,0.9169275174646138,1.0461403593964056,-0.05131588524839409,0.6201001585119267,0.4555465260205694,0.08980530426878096,-1.4693979604752647,-1.1016296432247432
-0.36967118903093965,0.04129277223384669,-1.1766014739993227,-2.0933344942011014,-0.10248527569293721,0.008619587407231854,0.865029531222772,1.9329056985310278,-1.3582208763466546,0.34164225123037756
2.378539272966976,,,,0.18888393421033625,0.2755429499624243,,0.7398844257599966,,
-1.1981946486560742,0.9820898465371735,1.5639154055045335,1.1092901263104096,0.4992038596892303,1.8871107517956534,0.18676517513829574,0.9930044469313897,1.693207569148375,-0.36380394176157954
1.3107060766508072,-1.1317177859505394,-0.8641612765517019,,-2.1493174946538827,,,,,
-0.7504511389688437,-0.8488896776918848,1.8946740634678498,-0.019157318938264074,1.7535898269938246,-0.7170498902063858,1.0517557548867427,0.24412789494054196,-0.8104315203173925,0.25694328194545557
-0.2061188305364285,-0.304986441422402,-1.6607484607117067,1.9699570617151105,0.5430016440643803,-1.1134157801810984,0.3902277428120933,-0.3477398724693063,1.4011700377656484,-0.29140614067884996
-0.04587603775779287,-0.6253797613134898,0.4814691866849526,-0.016424595317539162,1.249719553869405,0.3082162739904031,2.4438786902256213,-0.13997679662985857,-0.7926667238286274,-0.7249911060079964
-0.7203011925831201,-0.8132718085105889,1.5197847653372254,-0.2560667722432344,0.3033676151307068,-1.2733689488903015,0.004984568153359181,-2.336673115674991,0.3601709041807458,-0.5249959782751589
1.6081487926148388,0.8340017292119241,0.811730475099789,,,1.9660513638877783,-0.7522088922799274,,,
0.6842532788158179,0.5507582350846437,0.24173864586871244,-0.6972414864646441,2.0000818537526737,1.5287267237928082,0.4898841578257395,1.2750870250616746,-0.012463401138846825,-1.180977884024702
0.933022706260379,-1.2270802849967546,2.1106581542853036,,1.4582987439066863,,,,,
0.7689191828409605,-0.7629111255606036,1.6154179687435954,2.3118025992427507,-0.8782184994627673,0.456037565474594,0.7037547901624553,-0.20445071646358362,-0.8216788376201942,-0.9884282021114943
-1.701540915390271,0.9390898859858566,-0.43834904032112243,1.7357694615795805,0.6183108165794647,-0.010752521244160668,1.5245577388311886,-0.004243715489261713,-0.4935835941031666,0.8025685641241175
-0.4887555005217235,0.22712394452321757,0.41259440103118034,0.10839738575802388,0.4275185729350771,0.42888261335575817,0.22453499667859553,-0.48925094871117314,-0.999041874032584,-0.7056758773363415
-0.6427107515900222,0.6899060587879263,1.7556671553976988,0.023646295705842656,1.259891553067689,-0.6736615530435396,-0.11680355329744536,-0.14241982205443848,0.6201082487241951,-0.5894494286178521
0.7689624454764822,0.3766565782964359,0.19027712674136504,-0.544410343808571,-1.6355645273380808,-0.4256011680288849,0.7722978194418032,-1.7450120599460066,-1.5556499230695486,-0.2711996501218261
-0.8277453260241956,3.2256465834939734,0.2520734188969754,-0.3926968860259783,1.1465672929606479,-0.05644643790867719,-0.07763904275029358,1.8328846480487295,-2.0748940708219794,-0.9578713209351362
0.5381914141989428,-0.9483728641746731,-0.9607519742388687,0.8329150827218547,-0.6696247233215047,0.37532834436797435,-0.24679002952074175,0.3565949269847336,-0.09130337005634624,0.8432973065660265
0.9575969626295642,,-1.609040764846406,,,-0.7111460473225463,,-0.40657790360493007,,-0.5907426741616241
-0.04923567246683752,0.6509875540078645,1.4184019444231641,1.535780063797634,-0.6490390347206482,-0.7492644370753432,-1.3822139233674455,0.8159715325696109,0.1837445132145634,1.419565025343383
0.18107768016247422,-0.5571161514806735,-0.04865536323207516,-0.21691203741550255,-0.7192817167363853,0.08535910655562322,-0.8746013345329994,1.3899167550144087,-1.7214641152778918,1.2028669494265642
-0.5025653527137205,-2.9047825711902044,-1.7992324723651598,-0.06585608179988202,-0.4219484877018717,0.40791729424167034,-0.4251593145240789,0.577754332092475,0.01054447981240795,0.6510964125241745
0.8666831391864801,,,,,,,,0.9970667905032703,
0.669413498494537,-0.3692854370128404,1.0863675942737054,0.006668547778623737,-0.5440375801930462,-1.910337456305544,0.605332208874726,-0.5857628704734269,-1.086933221131844,-1.279985514269338
0.8949681020557746,0.17086544611138793,0.5128186419106832,,,-0.04314808964940819,,0.8150710141009031,,-0.5418359620099349
0.3693619377257932,1.0352557200393937,-0.6193978204267269,0.761469571818033,0.3285219465446213,-0.2211648143407226,-0.0847999081630451,-0.0954854854202042,0.22835932984178128,1.1515125534965756
0.29189192740593783,-0.2725198108791769,-0.45111556037975875,0.14135606636473236,-0.4747428263322588,-1.7781442226476982,1.1460796481474615,-0.12716123575892924,-0.1796817368875158,1.3495802989165597
-0.5128745387689515,0.4260465592198597,-0.004437347153803186,0.344602911195828,-0.5971865513708059,0.9037206772550547,1.776014071254501,-0.9370912569681996,0.7593597375509905,0.12058143879167464
0.3679720200867116,0.4639065280050866,-1.2530534661105672,-0.7910220887078211,-0.24364010832393188,1.223222693877857,-0.30372205613347875,0.468159532784474,0.05594665813840162,0.0678970816226842
0.15204885607680482,-0.8144466160204618,-0.15408062023814784,-0.4093017156305522,-0.05712587168290313,-0.6785203128389272,1.8162681728050116,-1.706599343943825,-1.6744962171628681,0.4269759888870432
0.8238761208768821,1.606665596255456,-0.26163687411588143,0.004177237774737015,0.5012158578108884,1.4008701867006772,-1.3104479136227762,0.19341397030086788,0.6402458968113424,-0.3338723350714849
0.4335256651613673,-0.6123456304422477,1.2210203806534754,-1.763609023723144,-0.26009241894271334,0.568616215783789,-0.2882480008097274,0.8543185758628455,0.06993928065553241,0.30123955285574333
0.5649868103959252,-0.05242532376528393,-1.6552666211082734,1.7523927601700824,1.367253861354993,0.7237401105210746,-0.36259430300840334,0.44705583600894117,-1.726529691292493,-1.5628278062527923
2.409955535208217,,,0.14431447612097742,,,-0.36946614844511616,-0.10161814746298657,,0.6384206009180208
0.6820277025420489,-1.9387133759109065,0.5260279469382442,0.1270285395171963,-0.6354652550771367,1.8414711909883823,-1.4685432407827872,-0.03422700948350348,1.1820350549818226,0.15590589283392103
-1.9618607817888405,1.4409423273645359,-1.7021721196284112,-1.1968171495006033,0.9667462198807995,-0.9636971726975452,-0.25598435594617425,-0.9745861305578379,0.07191703275995168,1.1969284989581237
-1.5784043409667674,0.24299439217669178,-1.7215325435185247,2.0998484133318747,-0.921703563041872,0.5622060566690037,0.2928719469761311,0.1352267612207854,-0.439333184883743,-1.3692447315066
1.4736280614410213,,,-0.3465583891752644,,2.2743305334633788,,0.13926597486046097,1.0752120772026903,1.3311375296913415
-0.1551318165018575,-0.11722693872423755,1.2833961335225348,-1.8457806088352322,0.91158639292058,-0.7991810002271718,0.14895883951352853,0.06245905761924739,-0.6071247046082097,0.3108049757946717
-0.3579938593009189,1.0118227711451155,-0.7665286911423389,-1.0462656146745248,0.11088933883428674,-0.07268634857572644,1.5109793876330122,-0.02572386940085605,-0.0013282038645044333,-1.2090551148924533
0.19243961332897414,-1.1421126886786641,-0.18777119096908432,-0.917000988819099,0.5137815745208021,-0.10888539227565903,1.150176007890709,-1.0038962838593803,0.037754593099337555,0.12371086495742707
-0.15347584292140434,1.0764768514855991,-0.08063338687392378,-1.0551463493724604,0.3892715169788723,1.777763613748747,-0.6946856402077458,-0.08312200418103456,0.19077262859499752,0.9269603117077563
0.7372930259914315,0.11119448650304281,-0.4307337658360689,-0.48133080314824633,0.4693594002000514,-0.7227333896148376,-1.3900941399932052,-0.2355575070023722,-0.5251942281396103,-0.3885840278427701
0.5277820756702454,0.08800061893358435,-0.23834015611308004,-1.1918930576107858,-0.40723960098644135,-1.622825574934379,-0.7791684303982956,-0.8089404805543132,0.007398523721419788,0.05407323495335654
-0.2549834085503686,-1.1427893066892536,-1.7254692490127523,1.3464520575627297,-0.8479943692824157,-0.29045344695111447,-0.48356740672646836,0.8606998962577389,0.2911615010847768,-0.7170881008382938
0.5153221383455899,-1.3530328985107032,-0.10107983885458129,-3.003552114500782,0.3133458039170355,-0.4247347419194263,-0.22664073658291567,1.2080897992821982,-0.7500593542502395,-0.7068920047156964
-1.4887625082017595,0.04739558885054205,-0.0686266109223758,0.728077419384242,-0.03589093483919365,0.3343273730808098,0.520974758979103,0.36163327698776165,-0.13134222465721673,0.537219782071018
0.6450153881154905,1.002667622523123,2.27977944922118,-0.9989484309484553,0.5176259937990041,-0.01589413938783425,0.20070323990927572,0.757032740956302,0.22210763477323134,-1.0655208294828171
-0.5214651421649786,0.572935843735117,-0.7755556609904881,-1.102157496349982,-0.3037389840562427,-1.4454308868776111,-0.7622038414787936,1.9388599041309504,-0.5468124073240951,0.38277200801644923
-0.8251097474504718,0.6291816157542209,-0.26250011042071414,0.7901867140681996,-0.32283768950540565,-0.46801316091683387,-0.1519645426505348,0.004433226197106007,0.2285152545067488,-0.6947292741740604
-0.8984854226951181,-1.4135710052002322,-0.5874366237925116,-1.692059518110808,-1.2798885399023636,-0.2427616891697934,0.5841354844890518,-0.33837184827478833,1.991887191075556,0.3035052659602417
0.203491634262288,-1.131845798712179,0.5815546721693337,0.5763976534504003,-0.9477661333350005,0.03943555012899622,1.5299257228869314,0.26118833871328456,0.8499753884155556,-0.3381992368049373
-1.7551545668257542,0.48121443428597344,-0.1577544834279083,0.2412967942212009,0.047548786152239855,-0.7856056864325832,0.06361676004927036,-0.6348462775164274,-1.029580116379871,0.782587105350632
-0.8451741620413068,-0.14807065989110238,-0.8885144672136815,1.4460302583901383,0.48965098220795444,-0.9945186677775667,0.005845793121812185,0.024280641198366208,0.10713747029821571,-0.6186946952015295
-0.6734105188083414,1.4792182714575317,-0.8962586583203612,-1.043208596016484,-1.8258767842034704,-0.25365235377611345,-1.2896870132114373,2.19787250962537,-1.3615519379997034,-0.7689824141370444
2.1728032959672214,1.0794840555580396,,,,,,,-1.7123822853782653,0.9456743837427469
0.5653023422132547,1.8343203480737558,-0.11478073836694491,1.5507130311625543,-0.5694947678450921,1.139211670263362,1.8564688952250443,-0.9246218010317653,-1.7992942701522747,0.21188344782448837
0.18715330894860313,-0.16779062419085988,0.9581371532000241,-1.1330636050153444,-0.13106172340584388,-0.782293890645068,1.620869059733934,0.7653305440621546,-0.7177976948091201,0.036557228397955804
-0.18141321374397074,-1.3267939070829646,1.580761963190161,-0.4368305371885184,3.08013244115432,0.02922956425787552,1.242943971458049,0.024472407276651845,0.30368637771318224,-0.4199740148225673
-1.800186721912389,1.6668314213233582,-0.6140885833460413,1.4623033702081825,2.0898152822440084,-0.6587788207383221,-0.8467187398598972,-0.5842078070248955,-1.9113921022280291,0.34405097220401554
1.293441084920409,,,-0.2278112142931512,-0.22139604469518775,-0.020557516675292185,0.33056502764766543,,0.010315771221255888,
0.12663511258994223,-0.9201966386007168,0.9078673298064188,-0.35013739176251807,-1.2508910607701809,-0.21596013519167248,-0.07521566088507585,-0.49069323695257416,-1.612937406703398,-0.13099266458251946
0.16131835353152885,0.42153914982102775,1.012557169559169,0.49979816394950416,0.32869521751906583,0.56814306752846,-0.5674607994295562,0.9331915779166303,-0.07750410565255705,-0.1909044482051777
-1.2474851073089255,0.4414598662034942,0.33659837902395023,0.7434168277929449,-1.3851561565425325,0.7185319443450952,-0.1782877587160765,-0.8965370439972739,-0.46252307914431134,-0.8166799211395852
0.32907694855239467,-0.4354970368238711,-0.08270812534922813,-0.467249762241507,-0.1262920452966154,-1.1366958384003103,-2.0094868594269872,2.6595698583773872,0.03678833338392962,2.950768000641027
-0.07587754186605128,-0.03121322591185663,-0.29485348092662234,0.5588856073166053,0.09541224845796832,-1.349496713695473,-1.0619992169687396,-1.2212145433645758,0.10062072031085775,0.14621877628209293
0.09913933502766833,-0.7280118649449117,-1.224377521981529,1.1256695132676813,0.18947414446014252,0.5638177602035102,0.9410232171541005,-2.0639925647430686,0.04529454270693307,1.1008357191839535
-1.252281219721052,-1.1488393272745894,-1.1703349515026695,-1.5490959490125333,0.5552392393193004,0.16617463062912866,-1.274111299517928,-1.8605361272169934,-0.8858712675532887,1.0439844874047233
-1.2111842370910373,-1.791400970867049,-0.20500263441466177,-1.288712690424942,1.6052960636805345,0.054548619209727846,-0.48020934441074975,-0.464671087307842,-0.6981822387242272,-0.5994377178223976
2.3100010342840553,0.8542087744243416,-0.32580924127082245,0.10762667175924738,,,,,,
-0.18489952708961946,-1.9376901050668671,-0.31189527174567017,-0.22268275661388692,1.2623336498473439,0.05959129519924777,-0.26800064008253605,-0.17241858245104066,-2.5200360955654446,-1.0528867819628307
-2.2061748802005865,1.784508403948475,-0.7172604100519913,0.4139305922619772,-1.2577756539678004,-0.6299389771110862,-0.5736082571549678,0.28348614030351965,-0.39542809484668195,-0.9004510054479052
-2.305709068541934,1.9794735442798062,-0.7746117255909993,-0.6446529452977795,-0.8346729498031613,1.1479821732998936,-0.9187213074256598,-0.74140581537554,-0.047299569775853666,0.9633749574793926
-0.2686494164557933,-0.20378643163705454,-0.3692207956240996,-0.7225862979707134,1.5972370344172395,-1.0635877931120112,0.14794360599135334,-0.8140025515805432,0.34640346814741824,-0.30809344857229015
-0.005494099558322705,-0.1619880973538309,-1.3538089096144361,-0.313543936890042,-2.0698675723746955,-0.03008750879349531,-0.759135871581265,-0.4773575750129581,-0.22548194734841792,-0.1052436362304604
-2.564106561579766,-0.6293928637700588,0.009365486362840156,1.3233101093721473,2.3373846168653523,1.7401726641014275,-0.9824166604020155,0.30433260613696456,0.8829822912216329,0.43725508161496734
-0.2609001017431996,0.07784704262437711,0.19799420340587442,-0.7975760555390667,0.08862694582630218,-1.4081524704562052,2.2156300788138608,-0.5113079357300366,0.424158127476256,0.11308692143819589
0.014414156207341024,0.50371118559299,1.0188167083074178,0.0008945354684131089,0.7171688419592998,0.3858297871335392,-1.3756793548229898,-0.05558370225149081,-0.30136774940238353,0.5337348480787433
0.6205235432683249,0.04706357341914689,0.3142665554975049,0.08625535157076199,-0.6410171526989159,1.1769449048487735,0.5303986754238931,1.8555051480272233,-0.23312858176357928,-0.6243635860906256
-2.1550411100581828,2.2697903404934654,0.4944988666527536,0.7564805294977649,1.6875575174007922,0.12518567810393766,-0.7258290077689339,0.8890772932442957,-0.24457432854374705,-1.8343701342702639
1.5019106019962174,-1.111910121622267,,0.7639292183451196,,0.07689534148146025,0.23466607683262064,,0.5870450060250273,0.709082333846816
0.8806800128166978,1.449319679313106,-0.4786060218659939,,-0.9603738601586983,,,-0.6220037360917237,1.0540298992500805,0.5531973523049584
1.5529952670620188,,,-0.4194351210329407,,,,-1.3617592236652678,,
-0.473640032509708,0.3870117597098967,-0.580003565768072,-0.15922593837752905,-0.6068081460913674,0.2967983124127208,0.5800370106999353,1.710048315069767,-0.5749734435426151,-0.21621893453519375
1.1247833810264651,,0.5019497534065975,,,0.5963646764777238,1.3033906014457906,-0.7643471248576045,0.48868730263208393,-0.14231376453998368
-1.6406675195172586,-0.6249789619558835,-0.7484338202734786,0.42806946527413703,-0.8755926859146788,0.09105179930415923,0.012875180885293986,0.6483066655659953,-0.4774662266860479,-1.4802121746945314
0.9263078898942001,,,,,0.6085725056475604,0.643802477246651,,-0.43454702073821566,
-1.8052418236479157,0.9814964326271599,-0.8595120184807679,-0.5128599057682056,-0.39770145644544946,0.37430048532329274,-0.13049605959385283,0.6661224273992545,0.5156881196387161,-0.8155008554772976
-0.8103381821931789,-0.2709892592013368,0.7155243611520747,0.5361673261415499,0.6345561396384882,-0.25817803917561705,1.003380337819479,0.3478332618853027,-0.5911496298754756,-0.26337648305033234
0.8125938801309665,1.5036574137515784,-1.7294893608465756,0.26599532029920087,-1.6046589881983984,-0.7488781795837649,0.46811770134393077,0.1157619045092809,-0.8129011036449715,-0.4390032195366377
0.9299368603866762,,-0.0016098311117671521,1.0194100692079442,0.776503257173189,-0.38433901576125584,,,,
-0.5685000870712869,0.1547268491008572,-1.1215815469227697,-0.32942134511616405,-1.6088408800276688,0.7023619452303064,1.3936590105456186,-1.007509575374352,-1.5818273793310638,0.5405492547653747
0.246922691982921,0.44770106351966626,0.7006630261001459,0.13855191868584893,1.3661085713637138,1.4790643546325841,1.9131176712508584,2.061645899390154,-0.7149131115625679,1.0697604923153365
0.18971409021216412,-1.9103999845656217,0.5181147390625768,-0.7149892692923806,-0.0011195207738081098,-1.1410621503836906,1.304989328665636,-0.8961803219782161,-0.7376278870034898,1.1402478509661191
0.2749675232008306,1.7943931902487258,0.8881245986900427,1.0998336288257973,-1.0431338078349455,0.34861544822135804,1.8279695861160699,-1.0880866425713502,0.0102990724777515,-0.09955215923006168
0.27442871774184685,0.7617029039248795,0.1355817604163669,2.0275207003873614,-2.3551750119316606,-2.6858310645908783,-0.24942766790314166,1.27644998719946,-0.15614185984379866,-0.42114439367034867
-1.899792734363218,-0.3058159697289839,-0.5295433414015013,-0.16968544438504074,-0.14157965067778688,0.6909987029182839,-0.4356357197087172,-0.8521650491268478,0.01818720561532238,-0.0190644652096388
-1.2260983315136382,0.374244012711115,-1.264278284516419,0.6524998741055049,-0.5262542363937042,-1.1375613413477697,2.7722269411121343,0.10577877342752616,1.057132182726098,-0.07320780391714839
1.3125681915129326,0.7369507109418456,-0.27572089214060574,0.9717752112329028,,-0.41642053279320945,,,0.19668398141168142,
0.8276316611833004,1.092328120875704,0.99827718504348,-2.725857037420819,-0.528526696044655,-0.3014971405362637,0.2928411485958111,-0.8795106116046749,-0.10789471821544402,-1.256481714011566
-2.019065497290916,2.685515991944644,-0.4292718801205623,1.2749668559611749,0.8984409756152021,-0.4155389942299455,1.5254693273310274,-0.8926078965469744,-0.07504967195534867,0.6107924047196613
0.03197101302970094,-0.15766886424741,-1.9535702680621287,0.7696137495913246,0.9149477452820546,-0.48002244145183265,0.9345506380225442,0.25060476846827,1.1050930524905367,0.7837904394536586
-0.2969043254772509,2.0969510505130886,-0.889944130121162,-3.024792789673313,-2.6206612826789897,0.445303012471465,-2.2648629038691945,-0.6336661184103913,1.1199411575351983,-2.512287500293441
-0.24079351355682801,-0.07538453465278029,-1.5406842872116229,0.25272092453921857,-0.19359496511467444,0.6141372712009052,-0.05123313595748756,-0.4890895526901415,0.36168730574773594,1.269855312299753
1.3801923679530264,0.5985353336477566,,,,0.46851780118167785,0.2463128561039513,,1.4419299618732173,-0.11592768668077535
-1.4800108725388108,-0.8910055944607541,0.2083778870715184,-0.3726747568918545,-1.2280166277797528,-0.04273541957975366,-0.7394310472232147,0.585697393209389,1.519966833727997,1.167303321288389
-0.9273271067794174,-0.6217563285941584,-1.5391626044245077,1.120146865161122,0.13788755257576643,1.5986939727162153,0.6087060662596401,-0.4453903327096693,-1.775232796110381,0.30636501868873606
2.1061673307018274,0.8533495590426334,-0.12776807443934296,,,1.2691398996540957,-0.8540222046554535,,,
0.7018068811375083,1.2480241412249755,0.004190756194732233,-0.08853174866422592,0.34983783130481216,1.1553056787572413,0.8963436445622385,0.3285578736632373,0.6878006247480856,0.8213149055870457
-1.0730575368507869,0.5369985997711763,-1.2875531493776435,1.0769205811846594,0.8475476913146008,0.06123109284365212,-0.18491839917580555,1.1503785308787244,0.2740650504627668,0.25773301472767324
0.3347191756600597,0.4089363184987703,1.1696107668240243,-1.6089064264841506,-0.11471995237032265,-2.023173240356043,0.4007875089175274,-0.6409757226166655,0.14286754344025854,-0.7720301182275247
-0.8184308100670893,-0.43463261835934264,0.08189669223116196,0.686449107615001,-0.7370408836962591,0.13819881750465873,0.40517518688393567,-0.4900669065037724,0.3793668215935956,-1.2965618636111689
-0.903534296646429,1.0595315522142135,-2.2341642000523767,-0.3396919367035085,0.06947648756257771,0.244085566677151,0.28207410276897626,-0.22172683577786578,-0.3799419195984322,-0.8481991757883446
1.5467756548315685,0.7690571061176501,0.29279785365409255,-0.0703820337374992,,-0.0499977349088275,,1.370332179992185,,-1.2507536482629071
2.974625538698306,,-0.8662887012196073,,,-0.6940369502270856,,2.143867710201283,,
1.3948949408342557,,,,1.37452760585076,,,,0.42477525436792096,0.6068088319906657
0.6543184226743395,2.9631862494955676,0.7698858159310964,1.449476437153788,0.06265613816221859,2.0029363654736536,-0.7736854676315731,1.0247778065638935,-0.09860250608256034,0.9945953541312784
0.5569222200501667,1.2916956286719639,0.5127367474160874,-0.04101251463135832,1.0151187558767278,-0.8147520439405876,-1.762855799739757,-2.187073919900027,1.826499523391949,0.26670211475015876
0.48837672656657866,-0.343661874929712,0.3283268421167794,-0.6972539880793606,-0.0119000941873903,-1.7918981806365861,-1.873015089748041,-1.299404357221396,-0.842526231157044,1.3768216631284727
2.5415453935799595,,-3.1745099016922533,,,,1.9103483845250864,,,
-0.3204794814455836,0.6146969008228353,0.21370072720080577,-0.6411929963364181,-1.94185688149319,-0.7794845801785131,0.2515854204442363,-0.7270532830285023,0.14703244590399317,0.008172184639642501
1.1483549154097077,,,-0.22031585741396495,,,,,,
-1.1172731106755511,-0.4971633287563728,-0.26537454971295066,0.41657065644241276,0.7724117405818124,0.030811004703957465,0.9494610493014479,0.8166628083927193,-0.9237706130014919,-0.9753215973604147
-0.4444337193258682,-2.147759063567486,0.08172808685186043,-0.2246097547105129,1.6313730791010728,1.1007445163620202,-0.29800053838016766,0.9789212031252805,-0.16089810684245995,0.4723112644554021
-1.9295241626492514,-0.5565698841817797,0.1663735792533841,-0.264450252582775,1.2960006059100564,0.3608429980664846,0.6147741030520922,0.21728320782668495,0.019847838386408488,0.9233310244822319
1.788747400071908,,-1.008465911088221,,1.3487835288259507,,,,,
0.2838856315242128,-0.6799318606344014,0.4888624524124977,0.636728396571159,-2.6913142251189615,1.798875194968512,1.9075674350167715,-2.0340970546141275,-0.22838525400731566,-1.6316405861224352
-2.1307448047035957,0.8106913965425756,1.8121060522583503,-0.02303575675550632,1.5622230974988012,-0.6619385832643555,-1.4496698242580954,-0.3895513148731835,-0.7830778503411887,0.42917675573817604
1.0874235517658557,-1.1542289225714053,,0.8789891586593638,,0.7790076762964937,-0.8230223953185603,-0.6576864477700615,,
1.3922901338461666,-0.20928714388354072,,,0.40518443474492655,,,,,
-0.18172535455452551,1.277707488325429,0.08411565931457017,-0.8517464192834009,-1.5315514525727567,-0.894966920800275,-1.8262310152006305,-0.09389525972701017,0.8594000784633002,-0.5688338454278515
2.532118332738148,,0.5299955685773233,,-0.42320461136047544,-0.15572356754200925,,,,
0.49566752901093153,0.8166696080258925,0.8653953077304711,-1.3967847032918483,0.3406478595367978,0.33127665669365913,1.119714455921633,-0.2638421896153198,-1.1536733605452874,-0.9484698112600107
0.3632208346543419,1.1619732278100174,-0.3660994513863481,0.29278046868523944,-2.0486923585200456,-2.130608644886247,0.47608495156223346,0.4582983944366803,0.7150125228376017,-2.0904108797973686
1.454703610943062,,-0.6059239078709924,0.6671184086761828,,1.6928496844561822,,1.5420885830879563,-0.4169596307716256,1.2264687833417034
-2.2210480820136302,-0.08420216157452677,-1.3441164643323555,0.13154693055112807,0.1843677339248332,0.9570937830556437,0.25622195351662397,-0.7293625778994165,-0.4559743326853191,0.2064309031010012
-0.6423798290132984,1.1948045640013913,-0.37085332791329234,1.0285484548218136,-0.6741005893059299,0.6266985715770848,-0.20822460318870792,1.1676435146974373,1.9152748919724398,0.2093643678896646
1.9025341810715877,,0.20053210122869458,,-1.0026857021332414,1.4643988317563934,,,,1.89399816152453
-0.14293196017195234,-0.1532222432200371,1.0269538476304643,1.5480506056767729,-0.5143957775062011,0.625445951101357,0.623466751215798,-0.1744902420305437,-0.3823920993299156,-0.6077454739828607
1.0400212876001547,,,,1.0409048355856239,,-0.8686574096533356,,,
-0.03484425599282387,0.8361169193088271,0.2483415595767447,0.7384934667761074,-2.0866589963518596,-1.3003047068594358,0.8964965150746024,0.4034421972984297,-0.2653709966893622,0.27738408501181433
0.6040769437687048,-0.48539623447667857,-0.6923265931300473,-1.3333398555314808,1.4553602483576424,0.07346917010361254,1.522571937305898,-1.3392286241941214,0.13040992513305016,-1.189704828494149
1.7590583023538011,2.7250056185740767,,,-1.156278425681867,,,,,0.017496864341861058
-0.22767002741648873,-0.8209713554038889,0.6779292194711187,-2.37886806129407,0.09954796517620722,0.22743557012239282,-0.2215696476540096,0.8143788211742227,0.9849271596585186,0.20438490810628732
2.3136003171977606,,-0.46316667306220904,-0.41552563418251515,,,,-0.32911842471018476,,
-0.8084665560383028,-0.016385365797787352,-1.5743694578657539,0.15750774382741314,1.8820724612813289,-0.8329486626889082,0.9318111394263784,-0.2059378418911129,-0.01958037741843153,0.6203712240833463
-1.2563846623595314,-0.7668088302823483,-0.9058332991554382,1.6908856849125027,1.054329877054254,0.9877874323245436,1.0103403414600025,0.8088262136890755,-1.6229824873846512,-0.5963877720794296
-0.2171374340152316,0.13211012050802834,-1.0171127481927675,-1.3854682498326139,-1.0533612171303663,-0.7584638125562287,-0.36780917171498156,0.4260377117184442,-0.15406223956535045,1.218463741605808
0.6209782837056885,-0.31116242490340673,0.44921073216793667,-0.10340891923598494,-0.5893960032586857,0.05860317219602505,0.41503994909134445,1.0034679021438568,2.205322980185941,1.273055306855647
-0.997678659094345,-1.5956012520109348,1.293677711533317,-0.12415148602007932,-0.7041948150747419,1.6316055794355708,-0.18790661045948176,-0.1105645534676,-0.6388061541422447,-2.034034437575015
-0.9226148366077348,-0.6359958931320271,-1.6398786715399774,0.0796363210068484,0.26684963970815967,0.9097483521620837,-0.7566751038303823,-1.8724275643104926,-0.3275891882786132,-1.2510100913837714
-0.026394724093872685,0.8676304752075237,-0.5304211861284235,-0.07178000073650723,-2.0491057666154306,-0.3890773574676545,1.6043980743044006,0.5579818893588061,-0.7813585979019922,-1.1224864012674278
-0.025507309540231855,0.508861985870454,-0.7674503474359468,-0.19395165776949644,-1.930825879334454,0.8127262674474152,-0.856292531970562,0.633899696063879,0.34842934293967043,0.46212020715503427
-0.2587198431720156,1.6451657120610743,-0.6508737428261366,1.6604335185538341,0.25373371398756484,0.12367807554017206,-0.2305655403906655,0.1121587844954846,0.009818541427956433,1.7429187905755015
-1.2142247803586395,-0.1942732808977922,-0.9464013992259154,-0.5753188358515405,0.017441266413807735,1.5047276217085421,0.4826468342582702,-0.9565201487926699,-0.2934755623145203,1.1525266388499014
-0.5844769258895238,0.13520200820864098,0.40887176274745135,-0.21934328631935918,-0.9128859530614067,0.25151817555490574,2.3050884230167625,-0.46603391272803235,-0.535521130921993,0.7415472917369638
2.3833538692387477,,,,,,,,-0.36682372372364985,
0.9515232589587376,,,,,-1.319735386032153,,0.8088699910130571,,
1.7730545926724572,,-0.4431290688285138,,,,,,,
1.2720338494800292,,0.3727056290231559,,,1.05669835304936,,0.1587878119296364,-0.3055937473159891,2.4889355971183504
-1.0762658396288518,0.49389235537276055,1.26486056206949,-0.560061869189412,0.038756247506474065,-0.5066184862677717,-0.43300822362833646,1.689545019348514,-1.8854047251503303,0.27802793733903763
-2.083437874798531,0.9553263279195467,-0.3814584026442348,-1.7226105990532516,-0.14421973374687908,-1.204375165953253,0.9964788019358921,1.0438969438050296,-1.1390995678591154,0.5490561103435622
-0.6418631475673406,-0.2848632833066439,1.9972526949960294,-0.370668455377829,1.470307926312776,1.7733459908496774,-0.30868703557797184,0.29236585967253637,-0.46152290161194315,0.028649258856862748
0.6722702500176267,-0.0699231659041612,0.4078965300950419,-0.6789328777082991,-0.8808679505640497,-0.35099392645165933,0.15985327651611878,1.3087688618572846,-0.16508209373014426,0.42891365592609587
-0.9231194618405613,0.8774366197443427,-0.3714387325683026,-0.20407308169811741,0.07907996115868753,-0.5255722647763033,-1.092240422267929,0.4732254065439075,0.9253415682926892,-1.3166300220340643
0.2667750812163074,0.2517014197514673,-0.34327254485904574,-0.3479798448747033,1.087176470470931,2.1852804955969076,1.3159498731687242,0.557411741000062,1.1976630370714338,0.48817971632337304
-0.6711126255614732,0.37778735981498063,-1.3306824128132053,-0.7309630451447922,0.9521157287124277,-0.17947205258072269,-0.8194087934931605,-0.5947765198119406,-1.2143092217177842,0.32932910696277806
-0.421845739881748,-0.24140622713377946,0.41737133991776987,0.3432257774580944,-1.1841008643731883,-1.1510275405427663,-0.06914420295688559,0.6510708833114535,-0.6682485104318964,-0.5291253205289993
0.1412970865238097,0.12341559209790522,-0.051057154506182804,0.38436494987436504,-0.9065517215003073,1.514159620548646,-0.29975554750571853,1.6807012729578654,-2.1764273806302517,-1.694028403664823
-0.08296418893148097,1.0009272719567202,0.23346511392721156,-0.10769736407366953,0.28518543422368214,-0.021045280135567203,1.9624762349430733,-0.5147517004631413,1.274503156343472,-0.7402186978464416
-0.29406211819916367,-0.9709102156415894,0.852769434007678,1.2128212975524073,-0.17391527607237633,0.5453977074605594,0.12780565043459777,0.5941454240762454,1.1825975220421068,-1.1427404114904574
-1.0560739031046849,-0.550967025543207,-0.44014849561709246,0.2100073672625129,0.011483606954092961,-0.2002223848723913,-0.0740016919720853,0.2219391683764439,-0.7668550021116649,-2.1167402465316205
-0.9056802855670587,1.1084158838577138,-2.5894581680206463,1.1339930152521742,-0.5671560069836085,0.8514807007808834,-1.0212558908357,-2.5069823179337276,-0.858585430797224,-0.13190154426453074
0.38704532126706165,-1.4135662742183064,0.3772080704763497,0.027456618213574834,-0.6171770772188119,0.11682033262778746,0.08950596082606609,0.5267408282659581,0.20086172539467953,0.10538130075592325
1.9779200321866037,-1.945320184864543,-1.302925232774965,1.090022515390675,-1.4663479214731174,0.896591337952743,,-1.3074251571880406,,
0.03125634788119114,-0.09886161913943098,1.2975321508614848,-1.698487381284426,0.6948948062144295,-1.441691681552673,0.5805456431099922,-0.12915603628996614,-0.03408118589230525,1.6465025220961185
-1.5657860915652786,0.718745705781746,-0.07119929414020706,0.09995266125595115,0.8584033492648302,0.8077357991737976,0.6229894680472655,-0.8704289842403256,0.6178131911941744,0.7608377298999931
0.5031623273856624,0.6320382623538564,0.09673429063926754,-1.161820363780056,-0.4046664499521859,-0.46662341287726317,0.029161277788669965,-0.3977712461348557,1.806291719112725,0.4554718205700696
-0.05772716169899734,0.283495848954458,0.4252179819258051,2.1707308582930653,0.452282494066554,-0.4012232313331715,-1.0229271057346698,0.22991578879881464,2.0527515010087414,-0.15445319662930504
-0.9323368176024384,0.993699391135734,0.12172254862494171,-1.630453696996049,0.20979032249724036,1.1414284372759758,-2.0997246469892987,0.7187796701206127,-1.2509777017619732,-0.20328625681329562
-0.47360727408808906,1.111735358255213,0.9983290881768669,-1.3537221947735723,-1.990395151563839,-1.5141799675528094,0.42556568535444317,-2.2821678315666656,-0.6439816015356377,0.9304330171648706
0.5988104902625749,-1.6966695561152514,0.19815198731882003,-0.9575738028526407,-0.6458124661349423,-0.572130211561973,-0.4545845258342307,-0.08619786515595143,-0.7370053484924852,-0.6971781896220551
0.8925749426912054,0.004429590442536273,-1.0906167618862306,,-1.4866032832038294,0.11436550253858682,0.5601619025857456,0.806856200818965,,-1.0821194429387309
-0.5657608919136998,1.1395037201900895,-0.31454657900850996,-0.08663764086232564,0.6776277947508395,1.507846957959698,-0.07609261885514737,-0.39015463350102697,1.8949141907183569,1.9665548348487634
0.03742403554564098,0.019174867023585954,0.9074593009032379,0.437885640015136,0.028379370354733778,0.737810716800764,-0.6469364625451688,1.1134909388425311,0.6635979613686118,0.4534296364177467
-0.10774180324532233,-0.6212171803111529,-1.7653444413526163,-1.7628482233171692,-1.672505584503192,1.2229201653879234,-0.657426758268482,-1.2094863371415732,-0.0904979393559662,-0.950486392628801
-0.392730585741601,0.5554761523192915,-0.32929095777449036,-0.3283462511992043,-0.020380589394005666,-1.3983910730438964,0.28909934250197084,1.4262248023100788,-0.36644560910104024,0.09840846440623742
-0.8368745593626664,-0.7215241087805672,0.9835447508155851,0.16090100765410303,0.6626436880045035,0.2671425198906303,-0.15679017176152935,1.2128494816080337,-1.785594810751667,-0.8083571966232584
-0.37978715834773563,0.0453398293258484,-0.29802340765129776,0.20918720032737775,1.3693313647512997,-1.1510242762610203,1.5236779743478976,-0.2177608516210019,0.19361675471183987,0.024211315435659665
0.2789433754744728,1.203009912157459,-1.1485787696847916,-0.7185183574719919,0.6271271305497196,-0.8015895684549775,-1.8689235064159302,0.6459817630318154,-0.7710352971116274,0.8797966146803042
-0.448529338790857,1.1407118444171394,0.25452862325514103,-0.6982442260203059,-1.2250041192438443,-0.2326447880883711,0.055774404762219024,-0.6414330338159754,-1.292868311099535,-0.22886618902277023
1.5365274339317554,,,,,,,,-0.401648999767608,
0.6612996035799426,-2.105936549359487,-0.6593110567463781,-0.7265877707573128,-0.5591309093318189,1.459849663787659,-0.3090203639077438,1.0656103073113692,0.1335135571011335,0.4476376858556839
-0.2958417137990826,0.7231415155247148,-0.6158978408598658,-0.44496244818104114,-0.5200956371184821,-1.0456886164020616,-0.021336421863226658,0.8678920501189589,-0.3382900031754835,-0.7987913074083247
1.949923170883476,,,,,,,,-0.2550658326741526,0.06199731131980666
-0.7701924262060442,0.4956495577369226,2.7130349591991654,-0.9347156671843174,0.31607022859548756,0.016025400282672807,-1.1320189032302144,0.7810088588939629,-0.44353654294994543,-0.6878715593707867
1.3675119944192786,,,,0.09502211528800775,,0.7860696374432204,,,
2.778358606955418,-1.621250495002209,-1.1149766210074052,-0.9632105638666486,-0.3244817152426257,,,,,
0.9945219701977239,,,,,,,,0.49057587135086667,
0.24652753178202255,1.398818725554518,0.18844561556459272,-0.36059001178734074,-1.3177333254031733,0.889480909145893,0.4809063700810319,0.32469129135055047,-0.08006880466085377,1.123514818132034
-0.43809802799641145,0.5509537385526992,1.8172634566528294,0.0804891619378526,-0.3371138712721788,-0.5551582068042431,-0.5680836025925176,0.03662194296776082,1.654488692143908,0.43281932895576297
0.20421895319617056,0.14523782335810684,-1.550838775049604,-0.09687840336587546,-0.9264136368182329,1.5051380548368454,-0.8722868278619151,-1.334874873672643,-1.7221603561285013,-0.7743585465745925
-2.9044789202557757,0.18649264894543283,0.23494153359564263,-1.08934650457957,0.8625931917885974,-0.1675680934684455,-0.1533652431507816,0.8674011937985879,1.1311861440510427,-1.0179209760758716
-1.43863149901199,-0.3798623232861858,1.5499257669613353,-0.7737172923438015,0.968241959029272,-0.9739867994859469,-0.15366570446391498,-0.5748020733633962,0.4119297389344026,0.1480801865829095
-0.8946145930951724,-0.48308974835781804,-1.066372812981304,0.2298754112809002,-1.0172143897580341,0.09544783788814162,0.39722459135729665,0.6596628857554837,0.6732342582315213,0.33593770248444954
-1.0817732721971314,-0.8671727147988083,-0.8716401454324195,-0.0650927552811879,1.090887511538854,-0.6973937801069416,-0.3089734914603947,1.200435299783652,-1.3703696373675909,1.5209900260256963
0.6220996411016471,-0.7004067383360024,-0.341076927175284,1.6974939079379432,-0.5002164017021818,0.7166340081005802,2.039769335778817,-0.041965415810763546,-0.009499465972141598,2.210098241964195
-1.088564978156026,-0.018618233211854743,0.4260589325517556,-1.5429641200297917,-1.1619762440180972,-0.5710340175307668,0.40817041242740726,-0.48463413378855247,-0.08713566644789708,0.7815816654140795
0.6014132161516689,-2.0498508352165707,0.1821987851611897,0.5484739668436656,-0.08162986517812952,0.5254720884204369,0.7695048959777813,0.32454637093965116,-0.09614197877901379,0.25161858783493846
-2.3270846300609165,1.4109626916633289,1.323110908501599,1.252103454696362,0.12816875483378384,0.5715511789747457,0.14014216226930348,0.32260674146855295,1.367971837080565,-1.7703038062085379
0.4392420578131462,-0.8335832042250013,-1.1520487669791435,-0.12693570337097812,-1.2527603557176212,-1.2546801832113574,-1.6614962719094968,-0.48203485867295537,0.53176273524802,0.8253890573493097
1.9779437549515404,,0.7977193340485048,0.18010873675328615,0.15089525758634792,,,,,
-0.6291224941281613,0.5872298021968263,0.1162862069891789,-1.8686175855142175,-0.1384044308188259,0.9317724888935676,-0.12647904570268298,0.22897480337830584,-0.4787077288458088,-0.2740075737509473
0.9485584590038101,,,,-0.7615806207796302,-1.0987360236798174,,-1.073461128674212,-0.9904706549967348,-1.0578808544512646
1.3831902818146657,-1.6501027870118172,,0.5353174568539869,,,1.2654828238670952,0.0006074629414195018,,
-0.1737178084749896,-1.5908247811969405,0.5009721690197965,1.0848666629534345,0.2929519711216035,-0.3620738537008496,0.2613467175766769,0.6828874684576014,-1.0324432244850543,-2.0408927447714156
-0.13709966450298267,1.03745442449704,-1.1363803343726984,-1.2804113891072926,0.20245549637625057,-0.2322740764738072,-0.6926072461943428,1.1632695035342933,-0.6713829184629231,0.3587766149317031
0.8395659855686307,-0.20770859639440353,0.8418116796741845,0.6681431358306509,0.1834738923612223,-0.37468570730595957,1.4314222302173447,0.9072798346008112,0.7386663772939758,0.05762092084993143
-0.5393021322513073,-1.9347648943569125,0.5238333059962613,-0.3331918534770849,0.22134640677442494,2.4671718901456767,1.2506410716641045,0.4476045368748742,-0.1008269933145336,0.7807683946678929
0.9053347961886324,,,0.2346564990658884,-0.7566409436428007,,,,,
-2.2824127540380474,0.6185371233967039,-0.9470431579837838,0.757462115127619,-0.04886634951135643,1.272602695074358,-0.8502315599507133,0.058804100656744414,1.1112804733359758,1.2149270503969083
1.086317193155472,0.5543217997936947,-0.025588569856880357,,,,,0.9226535618798555,-1.2197954887218763,0.352032031814788
-0.901808408751808,-0.2846864031653942,1.4816318520453946,-1.8196050593457709,-1.2775430017344787,0.1511754826754319,0.46965628958647154,-0.30112598327145323,1.1585832495758897,-0.22873994213824356
0.27140960216478155,0.057828130883754575,-0.2551717639155619,0.7468038670498417,-0.8074664121436604,1.2930401153165736,0.9651176938660494,0.9806893097020153,2.28186347547123,0.4214920056113701
0.12414941928756179,0.46820474830697295,-0.4108012396743061,-0.08554174397443205,-0.8316362174527037,1.3593357225787905,-1.0055223813941938,-0.81758305592919,-0.21225446333894651,-1.1026367274177757
-0.6508310563619744,-0.35483758015852385,0.79567583269411,-1.4471679004536782,-0.5213401598199165,0.300072493052641,0.5005868669201652,2.594161402413086,1.4630843899932453,1.6521566133578265
-1.535250525267232,0.33497188567498887,0.6289547756204515,-1.2226416502103619,-0.23592831755673382,0.8116819528737319,0.8691759884407921,1.2759795283098574,0.13232660572960242,-0.5400932691453691
0.6075359377337323,0.2033050866427709,0.4699132888190283,-1.8602444023074594,0.007135042924065588,0.42801764152679,0.0059015854045674125,-0.12988902790230444,-0.1312283974653873,-0.874638911217542
0.8630374109643164,,,,,-0.32498500824541837,,-0.10953655789713451,0.1976817700404146,
0.05203959826820225,0.6645162296878282,-0.356409020907634,0.6595590181746593,1.3234172898454555,-0.9425677469499015,0.2955629127716361,2.035649604636104,0.24046942919733016,-0.8263095332567655
0.48867419184198235,-0.16801222784530717,-1.266162204472067,-0.16960379663961755,-1.1457183321465374,-1.642837788482189,0.8675202678196208,-2.3401604992731544,1.3968450780631476,0.5686124004334081
1.494652334002367,,,-0.4281203701130656,,0.1135948086915807,0.9939786381378781,1.893143690677876,,0.8115555078499899
0.04002331435290663,0.0423111636510284,0.6503489685505499,-2.574512580536218,0.02856847575655308,-1.2365997118766137,0.7348484560613657,0.3129477801693473,1.6939713202247593,1.4951018333676698
-0.6026207645970424,0.2763171676561166,1.6128972040810876,0.48021281739823535,0.7246072624984841,1.6537232694007702,1.4956082831827722,0.22284762122984567,1.1050232960250492,0.9386343056746217
1.7314359811035889,0.14728015382766083,,,0.5268274453412233,0.9592650243751313,,,,
0.590207472157548,0.1822920258303983,0.7480577507487998,-1.4271731266321805,0.4933158612400615,-1.63896951990652,-0.8184320752336515,0.3936451177204488,0.009905561607935686,-1.63235692441842
-1.831245896399515,-0.2910695206606543,-1.771298011802463,-1.3329299319993921,-0.5589100746261852,0.89872207368005,-1.1499410325840804,-2.14339108786927,1.351546182110611,0.8583924058354145
0.36451150491880896,-0.03345382648718811,2.0927570093097465,0.32229222918324285,0.08594154522566771,-0.176993276603574,0.43616063134433086,-0.7303968585715502,1.1143865781649864,1.3036946610697944
1.274338170054868,,0.3769158331377743,-1.3248718505286294,-1.25318528218373,,0.9154452633857013,-1.7429770562563356,,
0.3462792531409382,-0.4305229866846764,-1.1637010704392912,-0.313962901744503,-0.32981609022662683,0.908287745140396,-0.26602348405241943,1.4615123745044187,-2.0443861703965656,0.4571817974102787
2.0995949690821902,,,-0.662787527347922,,1.0583924474550392,,,,0.657796992038213
-0.9446468326049948,0.34265535973758776,0.004601312471814971,0.19070133343376433,-2.513467446173568,0.5255181379215145,2.2329880209921553,-1.2759982751014574,0.946343162357801,-0.23558286470235013
-1.0368888357429384,-0.7027435390770223,1.4587822684477605,0.28926643337293706,-0.1257533063850696,-1.5733640491688479,0.5501457003003044,1.0796815630030578,0.30185921747565964,-1.1420551999706146
0.5266058493332217,1.8600628979204705,-0.15947898352487513,1.0357996810739643,-0.22213048794815118,-0.17897650414265437,0.2053459730940113,-0.3607950208150584,-0.456920223402281,0.01881940702000592
0.9659715334580569,,,0.1971632918463764,1.5860378659402508,-0.9839113611532466,0.6715901128977801,,,1.2293427694729526
0.9393613021870189,0.8368275525699066,-1.2713118969795492,,,,,,,
0.20127088580811525,0.45912061412505106,-0.2333627058918187,1.3331834697454046,0.4141470645671684,0.1830615539164722,0.2251990905143817,-0.411134017305769,-0.9424399053407236,0.008601008004805588
1.555348826251327,,,-0.3900762740514813,,,,0.7494533996586658,,
-0.7497041313498071,-0.6217394032775894,0.8683113717874397,-0.11698744958340078,-0.028852871850708083,-0.09227556834276597,-0.3940255066308194,-0.7958902467859282,-1.6660136914800923,0.3837681342166687
0.3016938066779893,1.1452368213073554,0.4040154838155447,-0.4486337453922318,-0.15871239746130733,0.5739244787520763,1.102276487035542,-0.39998052888438906,1.108720465673682,-0.07325822374885718
-0.6603172001146593,-0.6369945385916739,-0.28355417960931156,-0.010497116011197094,1.1512823518469442,1.8895968759590251,-0.2117815816564502,-1.380274882706716,-0.589714127968531,-0.2990336086729525
0.28074057918975487,-1.793633790458367,1.058582790725973,-0.8971446877594892,0.308824958464796,-0.12073795149989286,-0.6661282040594151,1.3430728857939835,-0.44771564194975055,-0.9529019708051512
0.534592709831123,0.8818818159385022,-0.19583237187662408,0.18545344045904355,0.9637865473223106,-0.2082149864785148,-0.24432639524554892,0.7888497920482315,-0.14657178281228386,-0.7709398481622628
-0.0015248334631347636,-0.9600635368255424,-0.06524277365589998,0.9698423606861745,-1.2165906496070935,-0.042448359565665464,0.5982190029606294,-0.05747959111720586,1.394991661640303,0.05901442218450639
0.3924806341135642,1.3870746810496657,0.5189782008889875,-0.014226192790158498,-0.4283340882888747,-0.14986206152294945,0.3459984461358575,-0.7691496616897029,1.3193081178226942,2.304896790946911
0.012744353489790415,-1.7084275543496947,0.779658549608803,0.11020419132221863,0.6709094852849927,-0.02928333847264732,0.9534985424548584,-0.7141601961868591,0.4220743766649938,0.323771434434456
0.40767959793304104,0.7888567548295896,0.9257613961195105,-1.1290466937598678,0.8020304543221402,0.18889865083647703,-0.18966589821736268,0.2873316590875428,0.24295404738217508,0.10079972244821372
-1.7583349551372027,0.14190925653261122,-0.19707609542198043,0.34739948566578716,-0.05190433172532795,2.1282014595946226,-0.19740112826923834,-1.5246931642369945,-0.09713612242919985,-0.44439284677284135
0.2083160364833622,-0.4492834157300774,0.6343474890000189,-0.01319711011239974,0.35439528840002976,1.47307498734162,0.06761980893020479,-1.3332533265214037,-0.4797475841638937,-1.3774315843602538
-0.5895291440579763,-3.514353793248184,0.8388574444502734,-1.484435781588108,0.7212812850377716,-0.6414230560375249,-0.2706898094634034,1.6266648490483504,-0.31281089619476965,-0.9724732700264882
-0.5008269234282002,-1.2441923220828746,0.8497605979527411,0.5505043176190186,-0.3004627299771817,0.767849973438878,0.5979358311869676,-0.27627551140159434,0.24363555849305546,-0.23826295856601312
-0.6604260283509293,-2.554188366252881,-0.28866608770063595,-0.016177895173139636,-1.404114779626061,0.8299756920929979,-0.23802070751461704,0.4057583005551043,0.2581497243428523,-0.127373226870725
-0.5933048321419024,-0.7335151810580832,-1.7180494860401883,1.4410124722995523,0.30272307655927866,-0.9942961785520267,0.540345671378841,-1.1849169287964179,0.5767481383622389,0.40648305389409656
-0.6750627027979481,-1.6094029700096801,-0.5266976305535968,0.07474120862602711,-1.5942766063842717,-0.7226997446342803,1.277036865311508,-0.10059764915753328,2.616611501021782,0.4091020597224251
-0.22020847532980628,-0.9268614518094233,-1.1717366028194378,0.12386031977429403,-0.508584730726783,-0.3484585115582883,0.16037340333511016,-0.7081112182807641,0.8364375011254549,0.2535999263396783
-0.6133443840282764,0.21046114340707545,-2.309327910088637,0.3696174950199112,0.3528810640434639,-2.0720415153251177,-1.871065499732418,-0.32552936199639043,-0.6475721017964591,-0.06755097537468138
0.043762591835026066,1.521179452015724,-0.36833648272918856,0.5985664611245477,-0.48046068746622905,0.3792531991504136,-0.42440060444793604,-1.3267722925364511,-0.624324091033782,0.3696944161224986
-1.1696895157435574,0.06832744120794161,0.3102600537078421,0.3263963129863405,0.7295994297463879,2.0226764734155287,-1.2848747714371687,-0.3914192549772469,-0.06860421872507695,-0.5153918113157722
1.1581096402921183,,,-0.15173681582607632,-1.1594544416363113,-0.23940085842903802,,0.8211117648526705,0.745531649965314,0.762916638622123
2.081862108913733,,,-0.050781765715380504,-0.9767833550631662,,,0.4883676585790905,-0.8388380497309069,-1.3185144120073096
0.7079264748084955,-0.881811358108344,0.1438676651526214,1.1383777102603818,0.8049241156351608,0.5875745644756568,1.0835092577120602,0.23338185188238136,-1.1114699254992244,2.4557562387624743
0.43897037188095284,0.47095369388864405,0.17108268880569572,-1.7061287385407926,-0.8761480774441683,1.635391641918283,-1.9294263334377666,-0.12141687962522989,0.2661118970011364,-0.3541244369270401
2.019767160148002,,-0.7303660678224038,,0.3939382449659042,,,-0.6406888874229976,-0.3425516930609106,
0.39608454407674537,-1.7051964979216778,-1.368684967669669,0.8752225920007415,-0.5935117812122018,2.409486130712118,-0.46621235128984084,-0.4606231735064891,1.315487759964782,0.9773673149607467
-0.19672920321225504,-0.09312645779531284,1.0040633110309507,0.20114881194551099,-0.33484524190333187,-0.18480091075227717,1.9719729768881118,-0.31233997978550054,-0.3153600869864024,-0.04115860416408608
0.06030692328635127,-0.7412138382900615,1.5967058343551164,-0.36550947221808616,0.5030779950379753,1.6456610001811278,-0.32926128379161446,0.4070065619809566,-1.218562851611841,-0.7662603623665407
0.1527036825982442,-0.38447796234398557,0.7698625027015104,-0.49669037758147777,-0.24258812570741753,-0.6051268765939825,1.1302715615294636,-0.17799571078856796,-0.6268951897753616,-0.851375133705934
-1.0700232078722862,0.7068004874384781,-0.06442317493322369,2.958014158190335,-0.529980960127101,-1.5367625468217991,-0.19874629777501146,2.2762393527223055,0.36385379117912925,-0.06927887977934459
-0.5204789785415863,-0.31526405607443314,1.206030999002669,-0.8303329937903599,0.034746191845095586,0.15109180782393203,0.014031031457590054,-0.3056244230027688,-1.4473475834156806,0.2190867163943782
-0.27143935411022924,1.234610325405314,-0.16815861480828018,-0.05051347652140979,0.15881978731177057,0.47566684127439784,-1.7981954545532166,0.3131128401507927,-1.6950759052342834,-0.3685214065659733
0.6417570972683531,2.069469135095207,-0.9925747016066628,-0.830583421217297,-1.683921182781414,-0.7234906784894849,2.2915115078375052,-1.5887903123071974,-3.1099044717349944,0.88194910212839
0.859041964774081,0.04900638439745189,,0.7865089865257433,0.8069424519523956,,,-1.0052947617544636,-0.770587493658778,
1.0551490331859825,-0.34259488160547436,,-0.09282443798888754,,,0.0656243907395566,0.7568095822512667,,
1.3937414389053557,,,-1.1865267769221894,,,,,,
-0.6432434674444844,-1.0978888093460573,-0.23584923991378298,0.8006755488111997,-1.690145207253475,-0.4880204044307988,-1.9339368547305875,0.9215094995282266,-1.6652663313082248,-1.6071784796524633
0.8339761496397532,-0.6453022589780568,-1.8172569823605496,0.5288380783375999,0.11238975205619336,1.9391651765591162,-1.225486210760814,-0.9918274517369683,-0.7452669788046217,0.9793253967706554
-1.9813718025026597,-0.369563345260123,0.23781413827631662,1.162689255196785,-0.8915240069211342,0.2564785644437716,-0.6635369162968646,-1.2673770710871364,-0.1484449324875115,-0.31737791900911116
0.46718082279643136,1.9345031446154144,0.4011071344576344,-0.04162638134574128,0.5097298630951951,-0.7812078700100572,0.7469552385113418,-0.7031639986988055,0.27934358816169896,-0.2693897288238415
-0.3149166282372412,1.544583606080508,-0.9430957531545089,0.43363669903719804,-0.47982855238950956,0.8495549003794873,-1.3687213901116269,-0.38459668185964324,-0.9707862870561534,1.5244899792169422
1.2405961483654557,-0.7569494519686838,,,,,-0.4248292604217613,1.1023279986429044,,
-2.09909832921594,2.039450973849497,-0.30510821130950505,-2.394194875056441,0.2885862418042433,-1.6850635212617016,1.2707811803705984,1.2102430437494034,-0.24075638380112058,-1.1151041282065937
0.47990755220263354,1.2063883206811508,-0.10675011447033,-0.3816989567290359,-0.7522006801004658,-0.351047836378523,-0.16047668728961575,-0.4976938574764047,-0.972405284298328,1.6505381238990953
-0.2444194323154184,-0.5322835985265858,0.19419533347927806,0.2381997430353359,-0.06434183786083542,-1.1400181092835313,-0.009624000702963575,0.14472259631957218,0.3211850158818312,0.26427478609182536
0.18560091380883414,-1.0729866969982786,2.540753884417328,0.45351058756702617,0.7588973947970571,0.6107759427583999,-0.12018544783801877,-1.0004756465870561,-0.21970437250238048,-0.9583945516560821
-1.5222687064175418,2.0863619830853133,0.8121473303295934,0.0990915708334234,0.0653016347367811,0.6074590773230586,-0.12984237280285346,-0.6233710161612247,1.3529712854220917,-0.9268821885176023
1.173508692650725,0.012942406162182668,,,,,0.2845391433583857,-0.8883759882140745,-0.8754252255241359,
0.3866897872026972,-1.3203777792303264,1.1611005081233405,1.2493582088753488,-0.2774883230717943,-1.7304403994901194,-1.422457064073461,-0.5828812041331187,1.174479776885109,0.13495165702354237
-1.2366119348904983,1.4477253359029802,-0.060550937831599504,0.7931071676687275,-0.3284921310027247,-1.932478711989206,-1.7717051609032397,-0.8488492771635084,0.29587613292423065,0.42160687232150856
1.853165287400333,,-0.10438386532544669,-0.9788025262434636,0.9093968004529847,,-0.6332453911615156,,,
-1.7817821298080603,0.13698092861425332,0.5693895902903743,-0.9375615243947535,-0.021003614665302355,2.059166003835177,1.0990153535701706,0.4997960010520884,-0.5410783817176568,0.6266918899720711
-1.6424910555554701,-0.10496487311499172,-0.52811973906222,0.7459155214666282,-2.1836158741764042,2.5059902129986313,-0.4460549050058037,1.6100130616016262,0.7229575158800869,0.3204463600429431
0.23517386759142084,0.07345467875803165,-0.4864762145433601,0.41987021463191315,-0.20377066334721303,0.5456971417567922,0.40983130061875844,-0.4017047569965776,-0.5049817600413713,0.26627051613560027
0.42034199037429326,-0.494821398371171,-1.0088039690648667,0.2535155111284576,0.3534453307645282,0.11585690614149383,-0.09457580038312237,0.7939278335668822,-0.9728127984603099,-0.8379961968499928
-0.5731395335969776,-0.11666834407043968,-0.6351359780163341,-0.6139870582376714,0.9064625087840015,-0.0825334137026258,0.8020710822624674,0.004713698288864202,-0.7122784057687717,1.107224877466734
-0.40381964414733473,0.33865108095709284,0.7348925394941261,-0.18925807466370304,-0.2531570039295253,-0.7837967410357264,0.10395367586259598,-0.7671150461567743,-0.27807645224149263,-0.3607904832386815
-0.5708112184121572,0.2612712620561932,1.1376790469786775,0.7742270327062197,-1.9471639741435516,0.03637227361948048,2.214257424588096,0.08793042686624584,-0.3347099959827584,1.274609762237013
-0.029282871108446004,1.167059931028579,-0.1711034222258919,0.4123707783896936,-0.6391245322029169,0.9941142504441326,-0.05281765453875681,0.127032723639625,0.9318355606236982,0.4576402693645476
-0.17291504070873834,-1.3910714421487071,-0.1124398573886636,-0.35951993414844263,0.015015086143702153,-0.2119599707582174,1.2512328498187608,0.5337178659727537,-0.349638670319784,0.6923586519021376
1.4377529051049014,,-0.229658737051723,-0.6785856083816805,0.36550943140849296,2.083876649135029,1.1823268311590172,,,1.232824240926089
-1.6272508888989492,-0.9981089345942513,0.9315107813202416,-1.472974859535649,0.07172485445841922,0.7257184078538546,0.32162070202083143,-0.0941664752192625,1.3755079666228334,0.8347664439911313
2.205811025370084,,,,1.3015323737700015,,,-0.9785496894975036,,
-0.023767805152421845,0.19922025186417922,-0.994235778446391,0.031185216720697375,-0.8565316187435875,0.13171498068755277,-0.3325637274831593,-0.7144316715390152,1.1978076457160547,1.27944339257531
0.49598510180266275,-1.7951400870886838,-1.0565662115029657,-1.0145580401446423,1.880502993286646,1.0597270172347744,1.3589536133390925,-0.7484585145251553,-1.5338642256341184,1.0166275895684627
-2.2673697119763885,0.08088659063857977,0.6040528235194167,-1.1200889081522651,1.509691608115704,-0.2848218888629159,0.32653383934338814,0.5329029976574966,0.1897729692265816,-0.5621986797567967
-0.8113779011827781,0.3810001957878236,0.6275134436445757,0.977970183288659,-0.14824634514717383,0.07961328316487362,-0.8826235253360412,1.0225381037349055,-0.8465917541354306,0.5896279192522473
1.0138717326040387,,,-1.5441380637778597,,,2.1118043769426653,,-1.2655244547613063,-0.9953620210142176
1.5650879082597713,1.2946057079712903,-1.324309376724632,0.7750116490140883,,-0.20372612683873675,,,-1.0356663601556708,
-0.9686129120439189,1.1588139113581883,-0.38773564754137,-1.921732903649905,-0.6612222015014403,-1.2724347838508434,0.43256849850146045,-1.2259546009714042,-0.5102860063409665,0.2583979597274472
-1.2684401403233228,1.3201314577133467,0.1324235691128251,0.015706714191638625,-1.5789535548343385,-0.5930044176489303,-0.3506174831615372,-1.3059495144071904,0.7837703571262638,-0.05017429890760811
-0.9510192469894513,-0.4323349346074577,-0.05397445603321728,1.9003367134775555,0.3052298673976571,-0.9053967694692978,-0.7619602427007949,-0.5034877322605734,0.47768892436452004,0.2943691827977206
0.3725800314838144,-0.20001247063297412,-1.6590228956921484,0.4381730092276002,-0.878710771435297,0.43523516238216237,-1.3377481666819218,-0.11832327714776075,0.6351339248796307,1.8839044093455435
-0.636538282548039,1.3552872686510733,0.9372996396510441,-0.45219389121396364,-0.07923295642802493,-0.6348795832097622,-0.8150496380761223,-1.5393349469173598,-1.0753695325751165,-2.619577254199326
0.057068107051130496,1.4383558048670044,0.1783051626414268,-0.013575432936807548,-0.6703423089764105,1.8450582533350082,0.9862906140413619,-1.322600852779516,2.041098332699254,1.4839258700334288
-1.093273705921911,0.7439475472656868,-0.22430687934127833,-2.0068377931117216,-0.9507041991052988,0.7247499502972023,0.5986999369324219,2.724317547274929,0.14599370034479822,-1.8457976648499126
-1.0190791546660662,-0.4875227606032737,-0.339845298624119,-0.3766166216940215,0.2719176741511923,1.4442645632170916,0.34124959102071717,-1.9827418962098415,0.3086925187549012,-1.8626212163145888
-0.7188788271387808,1.6803499408035922,-2.104548529274573,1.8871391038051455,0.45095150764323677,0.25266750106237423,-1.431543887645317,-0.001833471590050963,-0.5834656549355688,-0.954890467067032
-0.21557488963125299,2.266928885475586,0.6982035355751013,-0.3090418117631492,0.2846351737356916,-0.5180711099987775,0.6177850906548283,-1.3173833875237815,0.7683267348591665,-1.6163175230266016
-0.37402993001997803,1.0219246472799608,1.7297854841070266,-2.3358055063347343,-1.271978978011771,-0.06696164764095276,0.643350227047457,-0.6868594147983645,-0.10167517182993815,-0.0378862477427774
-0.1400782617895213,-0.086462722941106,-0.017752960853513994,1.6036139897789348,-0.23073484684026893,1.2462101857108876,-0.0643794133961483,-0.7204777014749764,-0.2810818699122952,-1.7353793373184214
-1.10276039393672,-0.744467372895041,0.12267223236163191,1.6349093969968727,-0.36416725414515044,-1.04711675685683,0.8381843884001657,0.18330564183531403,1.1595603545734037,0.9717094388405172
0.5631033326272153,0.3551894075442965,0.9740764064616801,0.9023451393142504,0.9467567811264693,0.925960453607121,-0.06951561899865086,-0.8096971044384149,0.02755186106754626,-0.40359625531178567
-0.9263010281233415,1.597626259665043,-0.011359492686943626,-1.050630750575979,1.3389171982778292,0.11463821151622429,0.9948486783970967,-0.36885102375633944,0.5947217364625114,0.6392033531339063
0.10449235166347996,-0.6279835362741487,0.4005423480194705,0.5998693120037681,-1.20177314978816,2.4214017784325574,1.629073105807097,0.1463134285663039,0.8530768628496962,-0.01745088916983955
-0.6321805996559182,0.9505217293577412,-0.8158948208864891,0.3709540714178716,-0.6591811061083205,-0.8381327770840984,0.146592661569682,1.0427757338922874,0.2616580479014005,0.06391035469430509
-1.795130086626968,-0.20021071124603554,-1.410555552925117,0.057809242485936184,-0.00526076862360483,-0.05812623300903029,-0.030985206717229073,0.5023665573659384,0.5664999566268405,0.3380056808340826
0.969277685556388,,-1.002482673204064,0.4405327295164377,0.00575552572708617,,,,-0.7570961397852803,
-1.6361132817288204,-0.09944439897295905,-0.04560514248732686,-1.059670740910749,-0.5215252071199951,-0.05126984381369793,0.9192712917674983,-0.38394352662569325,-0.9037273183591256,1.4812930572267153
0.6932927590223726,-1.2994096417018968,0.7132815985634772,-0.5249609625848173,1.0251012367046233,-0.41571956367459395,-1.7960075498878452,-0.5704107154184621,-0.8791400722748071,-0.6655050988317738
-2.2954569818236537,-0.11895773822768804,-2.035819931265355,-0.12693108819189872,-2.413054798737855,-1.0965996505218072,0.5482752855627827,0.6984642567038805,-0.795323598245429,0.5455777997045504
-1.8266872733972905,0.975759731589274,1.1774698640383066,-0.21151961244849835,-0.4412490350177082,-2.3480153821688194,-0.06100451633399653,0.6589538392017328,0.3620963834172056,0.14963686255508563
-1.4332349700133664,0.12962806594499493,-0.8627757703721667,1.4196580931696219,0.6018670570393012,0.26609072578305987,0.039986541583683075,-0.9495372028340532,-0.8169404538161806,1.912741823592577
-0.8952834073844849,0.0163750316753171,0.09944560369546979,0.0014248988528421792,0.17804146059291137,1.8686894713538522,0.14276605728585798,0.4960096183039724,-0.3049604889374287,-0.19525958555768697
0.4673363304629817,1.4037430325640623,1.2885365691723525,-3.1609372366200796,-1.6782325609121076,2.0758285974572144,-0.5328480233368208,-0.38409119132007524,-0.5817131675164984,-1.305752828181283
-0.7733879798793951,-0.5430234086944793,-0.5016444930951216,-0.9793102561406183,0.9168201798286469,-0.0921998796096552,0.14777964063730809,0.09041542346363524,-0.5232747606859192,-0.706915158530331
-1.4820608134949826,0.7232084288108968,-0.14784079117622037,1.2261441609205876,0.37697924342701894,1.580190476524399,-0.38273915294995453,-0.9726325709749376,1.860225865877215,1.1533796507400362
-1.861522435611807,0.4584234523198163,0.7065580038713174,-0.22349120832048464,-1.2851112670613332,-0.18580787501702295,0.19340861133942447,-0.7025073387012827,0.72036914422141,-1.6071035445105872
0.1763929577276707,1.940273444733569,0.5981801191806418,1.4458652763902275,-0.13605135004058314,0.2079578900595898,-0.4328007933233265,-0.3991731154672645,0.507630360863476,-0.9377420659104875
0.8332285376085409,0.48788657484682973,-1.2151335508546348,0.9694115933103877,2.106916991909496,0.8887854020514184,-1.938648671696695,2.37565584064705,-2.2145984270169787,-1.7171784621398267
-1.7566257181794485,-0.2764522332137061,-1.944590185174814,-2.247692471548595,-0.6987327582500392,-0.7344590248186355,-0.31091208443886126,0.4634048861547362,1.4548935531349427,-0.045195045066190966
0.432000883795925,-0.3086942276556314,1.148421551365511,1.502927043018591,-0.6067044427669586,-1.3598867750366517,-0.6050281176862741,-0.4840310048214586,-0.23770236860982183,-0.010658117269181457
-0.2352299827854648,-1.2817619363005246,-0.2660396715047205,0.2641963754378481,1.495088901461744,-0.5936752251489439,-0.04461510058126611,-0.15042913205817227,-0.5424030223800621,-0.515870226051103
-1.8877673723794488,0.4215333501337854,0.6425315495393153,-0.44044032169188724,0.47246056571562095,-1.7666865534193705,1.4502198403378532,-0.7978261139442304,-0.29100561687691573,0.8971656431649166
-1.4771710548832748,-0.5071954503076634,-0.7523754591027406,0.5178631040513785,-0.9693673889859017,0.7315779649377679,0.22921231538741957,-1.585152055750484,0.817496558829688,1.8424270563714904
-0.9320703053184428,-0.5368573111310581,-1.320450590482728,-0.08028777263098996,1.0691680227309817,-0.701476843670467,-0.9443327980924173,1.2507133329213174,-0.784328011466432,-0.7334614027195511
-0.2578928132497251,-1.75937747650822,-0.863682024570279,1.844322259457079,0.6978246660048167,0.5948075608364884,0.6089771068522375,0.6117394440486841,-0.42349534618225465,-0.08334140946047186
0.3536821845719134,-0.48515966689447143,1.3097303736406236,-1.6981441351797684,-0.3202588023171285,1.1058430834687658,0.9942994323778158,-0.5022221986289137,0.31157196855408054,0.3025183494618287
2.173960653977837,-0.7996545000010361,0.208223920513376,-0.4158352001495076,,,,,,0.18711960936030142
0.6704780794419191,-1.7326874165481974,-0.8141337999486675,1.911779090638294,0.22054534702841555,-1.1386187246696728,0.14350799420028904,-1.8731414856167217,0.1656400770396028,0.39403232138624883
-0.08798288786135545,-0.7457278907178051,1.787219385060894,-0.33172454148896674,-1.8928060832991835,-0.16401699505652081,1.170529156578412,1.618578983085205,-2.695810112383794,-0.8354349374804562
-0.3746547086013038,0.1657139587061889,-1.3626521748737168,0.5551224386777475,0.9279568384184,-0.8841813666071223,-0.04735317645014737,0.8145142387271889,1.7686359183773603,1.0554125231440565
-0.5214169233104948,0.45336829316090144,-0.23493299249924388,-0.7494434136762237,0.4957692083255335,0.4854751167041366,-0.007574692726488983,1.0021935672374243,-0.28336338120995924,-0.09175412087569686
0.19720654822669928,0.32180504262118254,-0.9239869734218451,1.8872918602388613,0.6723567793430336,0.001709547539067648,0.02308577908900451,-0.07590274310702741,1.461932137073077,0.9581973086326764
0.6348249796437402,2.4780998256312867,0.5920310499965247,-0.8998392754518735,0.7403081676830641,0.5331528936153862,1.3873863005635216,0.7454379927344567,0.13795755490482342,0.9639042403742587
-1.680246933989154,0.4790596041036103,0.5709244853901667,-1.333493042647371,0.12387036776774962,-0.6627227619186624,-0.43734128611486406,0.9239490703285463,-1.0327700990559943,-0.22686232708862225
-0.926454915710844,0.22546127908939623,0.33433254026406556,-1.2883465742504276,-0.34128298769902865,-0.1884146886576877,0.11665142632918436,0.9481705914757409,-0.9572160088393389,-0.4078724633654283
1.3105002295044192,0.7824195639034028,-0.9621543039649448,-0.11420002783574251,0.41551600312642883,0.887178550714595,,,0.4331609989616785,0.044609802665138365
-1.5829664714946887,-0.5030782979590892,1.2370355257511594,0.8618794483174675,-0.015135778447224824,-0.24333328334805332,-0.741762024747249,-0.8643509166912433,0.9476352199746736,-0.3164407643609463
0.2953743235407235,2.406386231826411,0.10156241481212264,-0.753447659790537,0.8759179058520784,1.0764211545456555,-1.9428207757622704,1.2475454647915323,-0.9019541638374933,1.613321912631515
1.275331698332752,,-0.8451708688957704,,,,0.523943614138735,,,
0.47790018325157607,1.210648853220573,-0.494996628973821,-0.6397391813179962,0.027168824018401743,0.8153093795592811,-0.20964912751140888,-1.6069404171729345,-0.2635209831663183,0.15907926231809402
-0.7776926163219571,-2.350864756556456,0.31166149339916915,-1.3082193600194332,0.9678772512937491,2.3037567450960275,-0.8940131012896804,0.3517876176732515,0.2990258993792369,-1.534816533867563
-2.423453392269988,-1.3557173283158053,-0.30352471278508136,2.4386363353145475,0.5728181661433618,-0.884297734843621,-0.8938975965456619,-0.6847493811558659,-1.8790409722252555,-0.8850310880846319
0.4609618418136854,-0.22643079594352705,-0.40804170264190515,0.833853721715805,-1.1267594989325964,0.42842878085698116,-1.14048163055824,0.8307309525647467,0.06404601345238074,0.1637173549203839
-0.1346685558051256,0.5442796696566341,-0.8532141255438019,1.0110079719051455,-0.2563238159833596,0.4940300985175185,0.659680108437633,-0.7650453229762628,0.4942291861926402,-0.7443090349815731
-1.5902001304596476,0.19322886621905722,2.163973948622855,-0.6550337785493993,0.5115781664542169,0.8189067308576108,-1.1596013034024601,-0.6184377605946197,1.2495666886466779,0.6551125683752995
0.07040056075027847,-1.5768885244183668,-0.5771555287756508,0.5206852826394993,-3.1435233286520403,0.8120732985670228,1.1318250032973862,1.8003937637519722,1.2738259388190425,0.4011102717314518
0.7785660076087961,-0.35616495593354386,-0.5524156084680637,0.4375992650117345,-0.8233236417116184,-0.42730603498088177,2.1906986730029154,-0.7398684832488662,0.23653084282267653,-1.6241384902619065
-0.8224257017024218,-0.8136543346345524,-0.1249530575035507,-0.8799680300325171,-0.28702881911178085,-0.5110823196778356,-0.20258813496688405,-1.6709991595880012,-1.5685368724634128,0.7703364687502041
-0.5842900083201387,0.18757870473204283,0.37998490436481835,0.06308560186566757,-1.3568656196096787,-2.0638988440765766,-0.43033293746451334,0.021389923802054102,1.3827488639670096,1.9539199952386228
0.3325893418385405,-0.10203912575698215,-0.10102737488652407,-0.07067723113062055,-0.7083631282385161,1.3330332868583472,-0.4366464739463613,0.3200161486731779,0.30487965494752023,-2.359216354931832
-1.0493415679631297,0.3256230700041686,1.2218346388585746,0.17681325772849643,0.6641666436449645,-1.11203370948867,0.02699944621947646,-1.1764340371913438,0.7747555020822441,0.04282555303951548
1.7353235480995879,,-1.578996425728071,,-0.4593490467743142,,,1.2505594164468192,,
-1.3724983297719702,-0.7876969728267735,0.679123496736925,2.1413526351202146,0.08452273476794174,-1.4038182928304623,-2.3377365931306184,0.9522073054936453,1.6477537746899116,1.0928813890732467
0.16836918684342309,-0.7641147291502696,0.5122200760094493,0.3495683219374365,1.9770454058158768,0.5165183735362917,0.8850120257011052,-0.1204457159880023,-0.9883086622235909,-0.041338903259233485
-2.421124254327671,-0.021207251428241695,0.31049629450858407,-0.5619161917707624,0.3531831455465519,1.072794827472524,0.12652031467412791,-0.09901091866754994,-0.39554368452163385,-0.259308658509902
1.973663556957722,,-0.6365194220472504,0.944288306629411,,,-0.9367367286087107,,0.9281626079970102,-1.227461238135297
0.7324482650204988,0.9006405863914566,-0.2656358139325821,1.2810431465820578,-0.17313882215418783,-0.10319496044658787,0.7153546363688082,1.233964249522281,-2.8267080370883653,-2.0827721969149993
-1.287843472975999,0.6236984855392779,0.22010179467360164,-1.8837330458160113,1.9396858672777564,0.5691348213091547,-0.25869301543770507,0.5029421591103633,-0.3114409893092191,1.092026425832978
1.3491156027674518,,,,1.034812155891831,1.7003067331229453,,,,
0.3728211746118701,-0.7355790805095134,-1.8963245785746357,-0.18947303732611104,2.420940773165117,-1.8554943725490816,0.8699060440010267,-0.25022585485831245,-0.6997255003709301,-0.840721896173403
0.10036753853762062,-0.27867014241551447,0.6077627722423189,2.2133703607329456,0.23452993841899475,-0.6072462230866241,0.39233353622412276,-0.6398866244293197,-0.4585088529692289,-0.6804372092156414
0.9543069324054269,0.8751847328839005,,,,,,-3.024439781874403,,0.6780577165684405
0.7023302352344707,0.7185628528663836,1.0626135341807925,-0.22262997871680876,0.7532098293048867,-1.8464017653985945,-0.44407975416211803,0.3471291895517928,-0.4913144927766032,-1.0123949566389971
-0.6418958595445287,0.6647507901543346,-0.1087571008543499,-0.0375262516764085,0.38866364693398503,0.27214442353199486,1.4696898318355305,1.1811798935713638,0.42939246488777616,-0.2742609973010368
1.3600101998861165,1.6937427678757213,,-0.06845406061718261,-0.17212372293572903,,,-0.36137196063233823,,
0.2615706281698525,-0.7581139339194372,1.2479476099394549,0.1210765258421882,0.9562314725991189,0.11166884199725008,-1.6055058197033878,-0.5142924236579733,1.735986246246206,0.593087236612582
2.0248234501882783,1.5526933786624215,-0.6000241696296298,,,1.0547655263511861,0.04456351244281076,,,0.17500418716903796
0.7812134463177313,-0.9895127864449661,1.0369433596470443,0.8041580742943757,0.8180550685982312,0.538717868043716,-2.1654578909704743,0.31737572031222233,-0.38169568267348486,0.5830942887979751
-1.5899706568231042,-2.0155867148382995,0.5959231593138947,-0.889764033223216,-2.127741660292324,-1.0572858091832351,-0.16438377655419992,1.1265919695408926,0.038675112123234066,-0.577029492686815
-0.25846273646094103,0.7561832747463901,0.5509523168551831,0.7165021860242109,1.7460965570159803,0.04770819496786531,0.7069974371241279,-2.143527419540452,0.18051494641145976,-1.350004629615537
-0.6305238381364588,-0.4589237507994847,-0.003918955557327587,-0.5827370178645441,-0.3824929475972965,0.6501195501967383,0.08806164614073166,-0.06720757242772121,-0.004657330098862697,-0.22929032154872278
0.9905982914092527,,,,,-0.316421968093502,0.5538388223942471,,,
1.094988722934523,1.9592913847407638,-1.488992196561527,-0.4745433653050719,,-0.3602996754944869,,-1.0030713950606926,0.9306718600228714,0.026728439006398944
0.2493609428246402,-0.28476203665028227,-0.690057559053811,-0.6593475340413874,1.6097701864867735,-0.9832594996594511,-0.3958411641132231,-1.8098889157161053,0.4831492840302002,0.8835156755975494
-1.7522194665556252,-0.7233555334373105,-0.7944532048635473,-0.35637372984344673,0.5521082633601087,-0.026623168643848897,-0.0005047179857849347,-1.4253342596436636,-0.04239956568086854,0.9534102183251868
0.10529409541266975,-2.005755760271517,1.269635045922438,1.3507602160933543,0.5675796739933089,0.9327197216669291,0.4795359511560776,0.6588202403583391,-0.5735994040043461,0.7914383844818831
-2.2380926108636277,-0.1593426444217177,0.9146919770724046,1.4648628222120583,0.41689511079547664,1.2005256986225243,-0.05427145764783535,0.6392136299381814,0.7132742435172144,-2.3612342072983754
0.7811370936210463,0.11842551130740527,0.2196913900555215,0.8957354461940936,-0.534119954059071,0.026094496287547092,0.07012820749411472,0.38629415526093674,-2.150662610245522,0.6703978321617906
0.7104378300269629,-1.3048070892899004,-0.7403037061774387,1.1343676489732586,-0.9793891507214504,1.4891527939975184,-0.9313000900115656,0.9726955253929703,-0.9635281771444074,0.8284605807878582
0.22801559728558313,0.24181272394637882,-1.0328273063525981,-0.007396424295978951,-0.7822274524509183,-0.885144991825135,1.3186165743168023,2.8626854876759698,-0.7661991690855114,0.4245604070176454
0.9437219131531602,,,,,,,,,
-1.4541389363271202,0.4586267070836419,-0.7737244273681162,-0.3168144767361746,0.0067893309385497385,0.8036333144662094,1.0388489212372154,0.20842634774686086,0.03197334872998403,0.7667845701750311
-0.8780967644762921,-0.685003995638656,1.459587800731165,1.4660233615735572,-1.7649788270815054,-0.49928585878261517,0.9269111108737976,0.3806805211251241,-0.1491263363450124,-1.2119155169254274
-0.5109251919659201,-0.8440112667470533,1.3614333276507107,-0.7579616775396723,0.12843012567402431,0.4186785080027803,-0.10881625160072983,-0.04042449599354543,-1.2774503526384793,-0.38783701888823763
-0.32401716190511765,-0.6042656670174681,1.3889884987854404,1.9192419385349293,0.9850140622988584,1.5132696530211556,-0.6313503441261227,-0.21198311113933063,-0.8602257648718149,0.11463377211983158
-0.8898587130645521,-1.0597520347437963,-2.7317303953561787,0.4572097719054681,1.1797801841323843,1.0692611235545162,0.7678520286407011,0.8218551199825558,-0.3091340820795053,-1.5803088684561049
-1.0768656014886315,-0.30520144795108634,-2.1712202553154216,0.5630547177383013,0.4165253963455918,0.5325737628286749,0.9125562074020954,-1.8042192363692922,-0.7926453740124726,-1.158789402062081
-0.5717843938716723,-0.7093420295592089,-2.1655138556418922,0.6907652091326598,1.344985764390075,-0.7355922236630578,-0.632594026293573,0.8412200705510288,-0.07480647486965558,0.5592230128072226
-1.0151830650447238,0.6091937022613358,0.39375479025585614,-0.45162422037470673,-0.047558084156777244,-2.1267563674553416,-0.2773512120079923,0.028475524555972992,-0.41861751784445117,-0.854528604614052
1.3810925751136198,1.2420970690149045,,0.3621314631281048,-1.8147654800305817,-1.1225440267263707,-0.4651500421005551,,1.0051332516677134,
-1.2080573573077,2.0016803954452254,1.8442745661734403,0.7336432715110133,-1.9421276941334662,1.4760582668340907,1.4397450768576927,-1.731096975802084,-2.265277444951031,-0.5533043292276483
0.36261954413721104,1.4269740108450324,-1.8836961136268422,1.8122637691239682,-1.674055959408245,0.867022556506204,-0.029563419272926283,1.25553537332562,0.3757235301319481,-0.06561130038701318
0.6813834276339662,-0.7913405383726998,-0.12062254273579558,-1.3458228006051138,0.7318805679558344,1.1770907460059203,0.4527241987475607,0.21915404473915295,-0.29941496134185425,2.4042045887758117
-0.0367585341544509,-1.564797596096281,0.5636428044967354,0.05512016381242069,2.0752815477934776,-0.012592701106443642,-1.357014540340119,1.6973526962619871,0.3015521199562158,-0.5706908410931368
2.2583230905711105,,,0.954141362450231,0.9613280018804895,,1.3460653240971405,-1.9001250615574568,,0.08137422747087586
0.13625574275373986,-0.5049566811998243,-0.42048889988364485,-0.24457658026711826,0.1369733520374947,-2.196262427649914,0.7197213174482824,0.9797496890396514,0.46906592729212887,0.5906871984716217
0.966067813401265,0.23603106499243132,,,0.9753677177566118,,-0.13379128070948293,1.1085933958802963,-0.16630539272035064,-0.5604293008751815
0.3432370120357274,0.04272233678892963,-0.9277144603623869,-0.38322661762965304,0.21826203280921777,-2.4270651846303553,0.04355590946083138,-0.9051815543969739,-0.26035051539192094,-1.2707548629836423
-0.36006722219147846,1.796665663840258,-1.0199466605238146,-0.668208722106379,-0.3766527296638877,-2.1345983748472452,-1.7469473819595587,0.5404355878146389,-0.6032414313024667,1.7863844426139992
-0.9494788187456928,1.8468846991529126,-1.7649516562004102,-0.1750779709579348,-0.9124968267932495,0.7507160883891797,-0.6713940031055147,-0.5557503160042873,-0.11761923585609048,2.5429824047972955
1.3673665973806488,,-0.9779555102793003,,,,-0.759264532704206,1.1918029624784243,1.1836240586675877,-0.17131784704916092
-1.502672834777326,0.7635691059105366,-1.26899136257777,-0.004114804460871079,1.4993508848141197,-2.436878923564985,-0.28764169525648586,-0.6576026704131246,-0.4733787458337489,-1.4260155389827003
2.0745502887278566,,,0.3672875712163528,,,1.6281129832031151,,,-0.25565471381923593
-0.8997961096242612,0.790219326950456,0.7691270360200256,1.5137004207292661,1.465560995045566,0.07058830469879739,-1.6127196612206591,-1.8248342532446042,-1.7288059890131473,-0.4375921522690132
0.24415316685457503,0.5493518554076234,0.5733567832106706,-0.8257380322190254,1.369228133448409,1.6068599608344951,-1.014741419729759,-0.10889943233993792,0.6792850025852165,1.4542422120345597
0.5985251027080748,-0.6008474100526299,-1.0292993335329623,-1.0846006876938015,-0.26103390526473647,-0.5161134988369661,-1.2855590133012043,0.7128487002193928,-0.35041162598580694,0.43676019619636536
-1.3001779097498258,1.0097535187351823,0.8302687334232794,1.1556943632805765,-0.12041659040088955,-0.23687995276831242,0.6260826217846928,1.2942754365060836,-0.024470078331455848,-1.5641353308768577
-0.4560940075034049,1.3520480820981633,0.7712216267164568,0.3082629837912606,-0.4262865642531707,1.706952312302735,-1.0333026801642635,0.018107072546029696,0.48172636560239523,0.42980381521975775
-0.7914783949285303,0.8300476715027034,0.5980292863863443,0.18510934614894176,0.4288672484490168,-0.534779464537093,1.8593881662503253,1.3570821704963112,-0.6528932833896601,-0.1581924976355209
1.157054118312526,,,-0.9693346990646967,,,,,0.6616956603722933,0.780544467835187
-2.2554088379352777,0.3458664006534459,0.3367131533572412,-1.4366627723744192,2.2666070783881476,0.5013816688355497,0.6029091835831006,-0.7175637868694688,0.3035744146401866,0.1911799879203649
1.9619914013589066,1.001616518364546,0.23690734962251012,-1.4767424002725775,-1.21764152618838,-2.536989611550198,-0.30015033231559424,,,
2.1763926837036824,-0.9168054332366026,-0.9229131802173881,,,,,-1.2465836752934498,,-0.5001102686215944
-0.666771211289404,-0.33183984158686214,1.3696870107830585,1.0745628733179293,0.4202634943233896,0.7037101104381952,-0.9938305005603673,0.6436006091823135,-0.9788639327051075,0.6167762127333449
1.855085387379749,1.0252656391771346,,-1.0375537462847961,,0.3202241001944304,1.089149827159553,-0.6738957904426743,-0.04464816071006279,
0.11538718782110031,-2.191212479055899,-1.0674900226653883,-0.6033417009913636,-0.949029825495338,0.32518137326872015,1.2159093282071114,1.3989353767668284,1.4692617174524858,-0.5165417294257212
-0.14876581369865707,-0.01777717854281317,3.007552081123574,0.48123320369037204,-0.05357406592082211,-0.8212877149857338,1.2915461455551167,-1.1653540806999512,0.33873584993970746,0.004876987666126331
-0.2563438017642047,1.9915533215267607,0.6281061703488622,1.1079877159289493,-1.1020423597710087,1.111602940412683,1.465456564122592,0.337954242948715,-0.38473312701356,-0.7528717348052107
0.07815570763689814,-0.14099967300027338,-0.5449831256686936,0.5305176943365602,0.25675933042385396,-0.32720690201867325,-0.31031146359536177,-1.657374083241858,-0.11702574994183636,-1.1959937510279766
-0.34194655061550616,0.3439202432231706,-1.8098148713462925,-0.24872483779993976,0.38370380371948337,-1.5042447868150415,-0.5855677483012964,-1.3111541791026873,0.8937986898108293,-0.6120871654469237
-0.6609300374267191,0.8710716788478815,-0.24085054374875162,1.8228043927795137,0.5439623307688751,0.46599694299679695,0.49872902539677194,1.3079559443328406,-3.1000758404935618,0.6958759795575008
-0.8145116119256418,-1.1822099983049366,-0.13899914164350471,-0.08436872103779601,-1.7505360153500098,-1.18774652557386,-1.412717873053142,-0.8406289205201753,0.5048376690540637,-0.38017540035033265
0.28749215759261926,-0.7917655033173349,1.3641557481008104,-0.45630702960270386,0.8954332827751307,0.06309956620298239,-0.7772908327639596,2.167552970409556,1.2360886751356726,-0.21393913548428817
0.9211758575776854,,,,,,0.21434551203296004,,,-1.302712520385045
0.39981342448624,-0.7336467081778417,-1.6753044701809545,-0.25902258275112916,-0.5593668791765435,-0.8797969244905948,-1.34482468064355,0.23930294532059904,-0.702120683463955,-0.9816753806660831
0.34909851135284037,-0.2547003296515648,0.3090494054355966,-0.20991263108631544,0.2997487682547456,-1.5174799918618889,1.3924953335319905,-1.7841988939828493,0.7939257883556722,-0.17642373439236544
2.121767029811581,,,,,0.4212872768264065,-1.8299910721751207,-0.7136069541668967,-0.3530339953337087,
-0.3140360320027267,-1.329569194805093,-0.4958567968758263,0.5081832469714271,-0.148183950428686,0.6214080532522281,-2.476132129860329,1.7894405290127955,-0.0652057015683856,0.28449535130273595
0.8301910834908856,1.231055151795307,1.1189382142808297,-0.8226565570711594,-1.7017819426941456,0.4749994622206419,1.1703578220649096,0.47971504523366376,-2.1067303022860653,2.0340887523851716
-0.5389355236943913,0.8439506683332466,-1.919432630115579,1.38638627520604,0.9873610677360111,-0.44243192854948493,1.2775220802973446,0.1729916968472703,0.827745343862085,-0.12386027417628619
-0.7172263931859052,1.8061173206490377,0.46847602253019144,-1.3925662307537974,0.14546453593973757,0.6956365118097881,1.1083599531337305,2.138754214409796,0.6207001699107181,-0.7313192959592689
-0.21846610135220051,1.3041260156759462,-0.6976788624359739,0.2054763618204063,-0.48268736120717043,-0.315293608880329,-0.22964173344940397,0.2274675995106005,-0.13822487854128318,-1.6136907322590897
1.2278450093358892,,,,,,,0.7590713786129848,-1.02620951717398,-0.32417518188402716
-1.456349158990797,-1.1835448125873886,1.2524726962327914,0.4219304354778646,-0.49353570411554076,-0.9632698079461445,-1.3791340486586852,-1.210603027471328,-0.6214811933731044,-2.839734756233017
0.9030704346023809,,0.4179491390819681,,-0.03332562467508911,,,1.452652609712815,-0.9061300941341627,0.8294498979744793
-1.0799330339162851,-1.167205016052147,-1.477450463185278,-1.9309462070967065,0.25149081554799424,-1.0341530214938097,0.32288308330527726,1.6332420262532878,-0.4610250852454271,0.36473900767182516
1.0306087033728941,0.2886934508755256,,,,0.6107600006261853,,-0.36623921575156754,1.2224173766334727,-0.620531606907672
0.9328494714638735,-0.8323836621938836,0.12492518814421191,,0.007833435621883924,0.004914613586519683,0.09264108242559504,,,0.34286718077278394
-0.32700173551016143,-0.8691748919419505,-0.749972918701706,0.990699573475345,0.008032280665386629,1.3965838497581415,-0.24257356947741834,-0.14937556186388906,0.5364786589064817,0.5533861989943868
1.3373657807359725,-2.163370676779013,,-1.0651738747041026,-0.12445388477581547,,0.2126325655165609,-1.0686550934652794,,
1.1370171415100285,,,,,,-1.0490978441986596,,,0.7742546136097681
1.6445314020026618,,-1.3175066456668805,-0.2620432193673725,3.634916965933387,,0.49961416672121245,,1.1669771535923383,
-0.052869433635158974,-0.5782981128502545,0.21908085746929157,1.1442918619728584,1.0842721252741685,-0.5499333776605585,-0.1141100082179544,-1.1963394161127077,1.0749840258413503,0.5185362275591746
-0.2742359901595723,-0.42128217876662405,-0.9696734281599848,0.08236579357706338,1.4960099724529832,-0.7827007059174867,-1.375805591440458,0.11910772943344049,1.1831022525956683,0.9600035007490262
1.2166947729411905,,0.887615922002674,0.37284031048109784,-0.2625854987463232,,0.8202692670036446,0.5722702162871366,,
-0.40538919591555034,-1.3248952488467296,-0.6911833479997102,0.8833386445311665,-1.4245707085205206,0.010359177878192124,0.14999076394744093,0.726165803120929,-1.2741142574561992,-2.252493354885178
-0.5703128933863795,0.5611341572954857,1.3897047907936972,-0.6688860358682109,-0.8390595661361832,0.24551308367437832,2.0856596476416187,0.4623942520414729,0.5361080136771581,1.9583161319802012
0.9329271689827361,0.1671304393462642,-1.121442832541571,,0.7229634519342817,,,,,-0.9309074609685993
0.3512912567075152,0.6829884447239597,-1.0706522849858653,0.5164512983196663,0.8957102874683072,0.8414701614354476,0.22980400597622128,-0.3223976674743001,-0.2634136019693304,-1.3932843917280155
-0.6290877893686603,-0.29245761688464406,-0.8083847383040205,0.14633468213882903,1.4916511656055225,1.6703216426972103,-0.5851019704612155,1.7606675220148704,1.1310718173348182,-0.6968763150136811
0.49753884136811033,-0.02254865813601614,-2.0611562941393125,-1.279047944533724,0.7084242121116191,-1.5540076610143403,1.8022945489052378,1.0008128643101932,0.6824619381051944,-1.559053776420585
1.0457568192270565,,,0.9402047526639479,,,,,,-0.2413535155916235
-1.3365021021205603,0.0752379688169596,-2.0067501624038826,0.07225580471663048,0.12100005104787337,-0.44565088256135277,1.0046888801172105,-1.8112226701434975,0.09418727167987447,0.1959719987431606
-0.044675897069444394,1.2300853145408788,-0.6445016776624649,-0.09544132805401825,0.10701890298348761,-0.3928839067931096,-1.5710037912511021,1.5144730891396128,-0.784299893984771,-0.7652578011165064
-2.243992181289781,0.05682423897731104,0.17374617999222555,1.254182900563796,-0.3753527333703578,0.253637753066677,1.0010827064552719,1.3819519533548317,0.37356697186417803,-0.35062372045950463
1.2037316180850806,,,,0.9785744363326503,,,,,
-0.18279760212997656,-0.14035346824224945,-0.0006443354405331814,-0.15006152728103106,1.15256640966262,0.4382787764359558,0.3707222648952645,-0.19952819508326639,0.5789674187421723,-0.9018467001991484
0.1784979540319823,-1.6244558542606606,-0.2477143434324388,-0.5200243190066691,-0.028533409867486214,-0.4149307718572397,0.5173287658898947,-0.6816186735019688,0.8691728648190346,1.555244985575734
-1.0820751511878868,0.6193487096490922,-0.2686932821605408,0.9333683345668341,-1.0848191426190257,1.2064442285537542,-0.3741079693520626,-0.2212433681456783,-0.21957616069122446,-1.1181153274277018
0.7879426078854564,-0.597018808905816,0.49627548470223326,-0.2586678552728528,-0.21106817405796807,1.0029129213038328,-1.5012451359637309,-2.2945016605607442,-0.7044052499928304,-0.09952593683703734
-0.24677453140141326,-0.7600015092813283,1.6733541887459868,1.2546154930709346,-2.665245102539456,-0.673079299923648,0.3857031426625211,0.3254337481116049,-0.809097258541979,1.3249416340363485
-0.913836019481113,-0.028098377281536795,-0.07701358246086287,0.2428699338538805,-0.5755836325940162,0.484911669253972,-0.8371160381575738,0.3332532354394999,-0.5746369393707987,1.39280793265192
-0.24678612119286647,0.17263471216921447,1.0863513574681198,0.2113386156549582,0.803166015447809,-1.205149714315208,0.5524173774588649,-0.20017146882068,0.8568005717779796,0.4828045059462503
0.5243759015324964,0.7024437160904725,1.0280131616567163,-2.062583896369657,-0.7762246592627086,-0.01775776541456781,-1.174718944166604,-0.23866231449777126,0.19846804456117315,1.5818281394936557
0.7246103280944141,0.722583693814314,0.05423243147189329,-1.7263919544297626,-0.7225192665995538,-1.6297390075009843,0.5638101483775084,0.10161875149966118,0.21155084216923267,0.5036819524948101
-0.4651853767693119,-1.3015497854893459,-0.4339990444916827,0.45706695972977723,-1.7105001562539117,0.20004898929593984,-1.2017044864448725,0.5915296953224465,-1.2759135850590089,0.7849428369730642
-1.3969465625165414,-0.9489141718782059,0.6772951632101369,-0.17561046926615503,-1.9666399410696074,0.7070008497304645,-2.116958235227351,-0.17779118168546912,2.0740500720247854,0.08145205355626699
-0.34844921309736754,-0.0721529997319284,-1.092187442573601,0.17256124250112154,2.168699897331046,-0.42533490425693243,-0.8111871275496118,0.4740656742764684,0.7446049378137185,0.10382165914763503
-0.3091243173929733,0.5550537085771299,-1.4663671478074398,-0.4884894770816241,-2.311657102261893,-0.10752685116481753,-0.21352267877079678,1.0509987190566477,-0.8539232129199715,1.0384828829914758
-0.2095801714920147,0.6394714498303629,0.7717410701260886,0.0478939525165077,0.27454918739556844,-0.5755832395477051,1.1986903820287962,2.6944775883360292,-1.45813295367787,0.0682373510838232
-0.28867486455011376,0.446546158319397,-1.6120340216137625,-1.0551641011386506,1.7260381719978082,1.4644443196111747,-1.6014816212788974,1.9712805599650938,-0.743444940824894,0.8371557617663636
-0.10872409564538577,0.26237366348633917,0.15766671095502716,0.968498629364987,-0.4897664410113376,1.8910225626991404,1.1362117559116658,-0.32688163857243147,0.07675739777545845,0.15824464686238038
-0.3693756537430532,-0.2993667789226306,0.8402837958326574,0.6282099692764574,-0.5011348426023661,0.10508140830482668,-0.9727412581980466,1.7363123668338507,0.7929903299039879,-0.06216497946979801
0.19649850545229655,0.8325832896404529,-0.5174037975102591,0.0048785312793921285,0.7154164610704794,-1.194038878655046,0.559937893586146,2.5051540836584594,-1.6432243070237804,0.9175977773859312
-1.2194638911640476,-1.3773255022314583,-0.39040771344484904,0.5324977003339296,0.5693348408792869,-0.11571637833502214,-1.068017008298515,-0.14140494710409726,-1.8130484349374674,0.8428724578883869
-0.3910748784950566,1.107220170570893,-0.9724045619472639,0.5380945547002972,-1.7692770336934176,1.3490220114094307,0.4406985358051451,-0.36218147189539046,-0.43636179888029086,-0.3147325707856655
-0.0018211615336111286,-1.5937070586759772,-0.3307226129689251,-0.3103032077755086,1.0178264302344124,-0.5208561214369956,-1.0304477803800776,-0.06838800676537138,0.5845655189386076,0.09428678502683628
0.058435297852984416,0.046369639588592804,-0.15977520278286358,-0.559937236688262,-0.7855831782335907,0.027464487285172604,0.3248230453166762,0.06570096970805772,-1.7982618036911733,0.9291746447802393
-1.3739788355635858,-1.3206083031471367,-1.0467930423665726,-0.4288378281457719,-0.1126971118888244,0.9774017214479885,0.9925845665448789,-1.7378365661433952,-1.7948187878874295,1.0718130814987936
-0.1770914480466069,-1.0285225039984727,0.5826754378363177,1.1251772304481364,0.4162111918584703,-0.7733758816285191,-2.156556055920576,0.5192769296285068,-0.12533148515129655,-0.8394309084418576
-1.5668356592759567,0.22291971655236575,-0.5512989307500072,0.16509196708915264,0.9106389303945988,-0.6808851675055789,2.118654459183463,-0.11131466230271267,0.7534692356442328,-0.5286134379069405
0.5835080672415385,-0.9023049369153973,0.6555394545398946,2.4901155311945025,-1.0876931110349233,-2.326815853051799,-0.610435734376828,0.2970027843246674,0.08987402881571657,-0.42200647044044015
1.0743573416785424,,,,-0.8969263172977892,,,,,
0.11550348168334701,-0.5627599557022338,-0.24402001138165005,-0.5244430217113789,0.1327261556401403,-1.5361209655467163,-1.73209078708164,-0.754614203860667,-0.8673196976411786,0.29017893661364463
-0.5748948021899538,0.5247354816414134,-0.6466351419995421,2.1905518758166336,-0.2742018812204779,0.3858728172795229,-0.6524736366901818,-0.43613453898213017,0.4140325767086932,-0.004478488458406231
0.7247719124271392,1.0138273009355037,2.0574529294810198,0.7165521516486252,0.035754706919286075,-0.4114120637926665,-0.7030399896962495,-0.41317749743193427,0.21492984090187212,1.1656561130056868
0.36671764489019126,-0.28635869442681106,-1.200347106920359,-0.7866992646374381,0.21479482140658415,0.5573845444158246,0.9442173412418412,0.9431764426790078,-1.011078178344242,-0.6961313765787623
0.8521566515610549,1.0400617944270545,-0.010222155229551343,1.5998579312983605,1.1456844126062287,0.6746847028348192,0.3462410140039175,-1.7061745039705492,-0.9332611743375755,-0.09411793509180438
1.6154966463994755,1.3256039414756025,,,-0.8928760198699565,,,,,
-0.31789629540776787,0.34884231752523204,1.8552192682357325,0.9692163380266502,0.5516866277855594,-0.8740415472271691,-0.5012285113752136,0.5787904877510538,-0.43294253021638424,0.8002282365139741
0.22320586445346202,-0.1967663015420735,1.1222698061473035,-0.24391196888965924,-1.3672769392780744,1.2412238974368512,0.006823004529818623,-0.22478869976986426,-0.1245382222131671,-0.5706551493539865
2.6164374604543754,,0.36021666695653404,0.20644956385045107,,-0.3555700900451353,,-0.33321341010785954,,0.08524972148162223
0.3482888415021859,1.0944698029689894,-1.2940530661866392,0.9208793235310632,0.9871540195896147,0.7351702057273457,-0.06320811572713769,-0.48462009392884176,0.5000716842388445,0.2345820937312625
-1.4801080541729026,0.9130239795608839,-0.6748438279662841,-0.6398962006684361,1.0743836277234216,0.173935544775062,-0.15764811932946501,-0.3642348591318247,-0.23482397249058257,-0.02412839553738216
1.6532302991045118,,,,-0.35932973011110586,,,1.0715247620741464,0.1411051544405549,0.38635353233247305
1.1865564859610387,,,0.23433551060878072,-0.32023047032982427,-1.6964509491469153,,-0.5414363212089716,,-0.00548186857096832
-1.6862701591829075,-0.2858280885045683,-0.6763048468904117,-1.280156680653217,0.5059267735636582,-1.2799731848567075,0.5531096152424422,0.8826381050084218,-0.10870798685516223,1.0989066962794747
2.3207849554775004,,,,,2.3440547856791834,0.10170351302771263,,,
0.12403524612385408,-0.13284152237682523,-0.6218113939962341,-0.8848542426891407,-0.7365783633390427,-1.6228560046390599,0.20283871602423273,1.5867544774505307,0.39554841685164543,-0.8201160730816132
0.3276355754972744,-2.6526154948190377,1.704940304543687,-0.5595013161703251,0.5133910810954002,-0.056109321192974335,0.581291406290807,2.330840664517955,-2.139300752862243,0.2583966162465322
0.2853866258062058,-0.3782067144557211,-0.7412741942048863,0.9554394043325948,-0.03511001793540853,-0.00047754523356518825,-0.3012397843175453,-0.15894060694574913,0.6105669516203309,0.5683514509426618
-0.7769798583339143,-0.30310340751510284,1.0184318379507746,1.68221412812851,1.6832929098446947,1.6056747315039088,0.19881973141111178,1.0352212147288302,0.366840070605499,-0.7384789729957163
-0.12237564300792746,-0.205478176903081,0.9254162016403673,0.7960488855851469,-0.10297914282953331,-0.2267155147323484,-0.6811680501356145,-0.3278749099600955,-0.10570334881977102,0.32880666632789307
0.11336260717161263,-0.8037834122508624,-0.48642062234156724,-0.10904106166995425,0.5067677787582959,-0.49738906647107156,-1.4647165337504,-1.1137162643785503,0.3193959090204271,0.4645438440992519
-0.5868462707494723,-0.9900444698032691,-1.4042300450009035,-1.3560126097985843,-0.386316533974073,-1.5727194352549083,0.16151713922193145,0.5118183498162956,-1.3643998365126244,-1.034597630964604
-0.09293511231951143,-0.810843790017947,0.19115055916101553,0.9837871462863004,-0.2053887795142613,-1.7031162270414129,0.16732009236530154,-0.3395431196296776,0.5316942100040652,2.3248495712348087
-0.9592649511194823,-0.7327895718375137,0.286969402288858,0.8646641584600115,2.0399166073567554,-0.42170419184256475,-0.8709346130500468,-0.7929580845219125,-0.43845750481795137,-0.24735686075684193
0.1696340008794592,0.03128521716013554,-1.2788645649473804,-1.5318637923427623,-0.10841964940680042,-0.7626822334093193,-0.5958286589064467,0.8807715113325538,0.6561115709616727,-0.36541704247961365
1.0166754165283933,1.0837187039122633,1.366946209416625,,-0.20523010347410287,,,1.2137687419347272,,
-1.0033647062739819,-1.0133870617970386,0.40735740378749646,0.9695350887145597,-1.0345533878664228,1.3257242782025318,1.2135018490794574,0.39766651761184924,0.9498260728754893,-0.5255555168039334
-1.4194339483697203,-0.5229386638594349,1.1891646222646557,1.2632748535211415,-1.1831105927317784,-1.1980634878792178,-0.891018198569626,-1.9382449575028036,-0.6105805627210303,0.481687937357995
-3.0054648224716094,-0.07577968192747565,1.4167675550447938,0.9111994225141687,0.39777398059267355,0.10806018511046721,1.1334647149305273,0.5043343148221245,-0.2740386107327395,0.93569655265438
-1.3643962687659232,0.7933114787891431,0.547943821719215,0.20039028819645818,0.09389292427547134,1.682326708771445,1.0830397367520015,1.3726727946224146,0.48779783055909676,1.1486127035044928
0.4497266597387445,-0.1426040498300098,0.7896488160758571,-0.26455084991989647,1.1801158643154803,-1.2087797756564367,-0.24555569059847984,-0.6762480054189728,2.3402067975664975,-0.6477737807593912
-0.05057718986130766,-2.057652465141532,1.7186006855382878,-0.8053291388742372,1.507986781266674,-1.0379032260012524,-0.9680752738422467,0.8366085314344551,-1.541026384540387,0.4353028602811653
-0.7563814443842941,2.1637504399855394,1.8107666828519948,1.2739044843725582,2.337698302139216,-0.6129262090838339,0.7883706350591194,-0.9370353826908309,0.8829209262142397,0.34927571202287994
-1.2254983430598052,-0.04995872247660871,0.10458745891271817,0.07323567953774333,1.799385969452137,-1.0613155953976392,-0.6721086637176988,-2.9645619234145832,0.6763376988131748,0.8205664446223685
0.8825628237161036,,-0.7374438259400542,-1.1939011465123568,0.5646193320068261,-0.8241904834194462,,1.0379284564533755,,0.16974836982877123
-3.390254562975186,-0.04238263755350972,-0.23566019791523343,1.859531570854175,-0.24740686250604643,-3.030284800329896,-0.24020605793330083,0.00727160948540269,1.315367045835042,-0.048727857004327094
-0.443692021485446,-0.1512407459747087,2.946710011642957,0.5242202969678664,-0.3023575503564262,1.0533468210466113,-1.1940513435230609,-0.7900967191806645,-0.5762799472332792,-1.8645737821827864
1.0374423249112845,-0.8360256606746875,,,,2.0213269808698304,,-0.5137780481745987,-1.3447961580734957,-0.31054966586426175
-2.03092618388383,1.5470370673063443,-0.7021610926291703,-1.0167715469676404,-0.20268605597651138,0.6845488130965928,-0.2752508844124862,1.186127013112098,-0.4917334244986098,-0.850025379634247
-0.07059359114150032,-0.17909582507698713,0.9825913785588988,0.8675896833647762,-0.5124340348187949,-1.6899769162904763,0.627684278904035,-1.3198108178087364,-0.11767999116800833,0.5320210880754207
1.9546247381168973,,,-2.1346168414638753,-1.2071063564422029,,,,0.13792373465330665,
0.6420887950593955,-0.9846165589884756,0.16979666810512944,1.9423625804539584,-1.0656765420093195,0.15846806538583322,-0.4281434354874436,-1.0778829828352054,0.12837417679082852,-0.8228936875232192
0.8398494197047485,0.680467930058154,1.79121579750292,0.8243467428360861,0.6964102863400657,-2.0959954428182037,0.9594246360701951,0.8148136050231014,-0.7736404618980487,1.876223018650668
0.9763548284197238,,0.7880765800699073,0.49500233414231326,,-0.197144913640184,,,,
0.12746729041010685,0.8192482360678154,0.0053215126208840426,-1.0314505242795151,0.9419778865533337,1.5156220037123025,-0.5703258016374156,0.5699544214626832,0.30009811398656566,-0.3797717445445767
1.1874454859697918,,,,,,,-1.1848655172346727,,
-0.9317512573958049,-1.1139381919251141,-1.0434608094296522,-0.1609761189495922,-0.5390623443228582,-1.6838434950380652,-1.302458656272877,-0.12006149393089277,-0.4138921801046602,-0.12179863532654114
1.5444668559674017,,,,,,,,,-0.9054315985053828
-0.8936607059274909,1.6488309134869907,-1.1764883223819118,-0.23747447619122214,-0.17789147333424515,0.6535955761505161,-0.8460734976711409,-0.8763942553680117,0.7736242426421301,2.446031921627788
-0.6008849075477712,-0.6679990646556301,2.451767515011255,-0.39303608705321563,-0.35369930343924955,0.1801092406135639,0.4068274306271148,0.2467562513666971,0.96191569557605,-1.3962236843355627
-0.22819554256409433,1.0870278843638737,-2.297412928120487,-1.3165495471661908,0.7073553360376972,0.08277181925402519,-0.6469375146020958,0.3142987587102861,0.4391744938624204,-0.8890049447228591
-0.07662797685400846,-1.1759034423010741,1.153211257481478,-1.5605294070751654,-0.12922414570745996,0.7929942606471554,2.0013229022437082,-0.19242941997703983,2.7504024266347136,-1.1364093864873768
0.5880751777538773,-0.698730041905953,1.6394241956254907,-0.08864552054524716,-1.0312111805934938,1.2398160674806955,-0.4384243567514545,-1.2991837683982557,-0.3212439355392926,1.0091013763650711
-0.14917378320628685,-0.3927285348051019,-0.0031740104490326783,-2.4056174799508248,2.859834776679512,-0.05617549164514445,0.9635260816944609,1.4946083040829168,-1.0775632804859694,-1.2828132256400349
1.590881818568194,,,,,,,1.0643918687097782,,
0.5305978234538038,0.8879253373707263,-1.1770448648680492,-1.9953721417096197,2.2213794643757274,1.552456526083688,-0.6837340086335719,-0.3445696698758422,-0.05721191557800462,-0.8787653311350138
-0.608622440590894,-0.14225678268863673,-1.4432079439422376,2.3196938367110076,-1.7108092380547704,-2.1251380094677184,0.8833844777450932,-0.4193955695247586,0.40346312305328674,-0.02165249143561915
-0.4029796743811941,-0.11888705833965936,0.38327858752746796,1.1172868578672994,-0.7768201030970254,0.4502196869373304,-0.48525110930952536,-0.3865339231260749,-0.8991550756372366,-0.3128391373671699
-1.2482553846072177,-1.1586862285329893,-0.9323094740380621,-2.281737197361102,-0.9701892132516559,-0.5240424508334682,0.33583840321200614,-1.4178971764839143,-0.0649904637311195,0.34654052974152916
-0.3006691311040598,0.15489542751804347,0.17913810055495458,-0.40089241409118676,-0.7059018857180743,0.12864843934476022,-1.1273463774765125,-2.2921522610151097,-0.7729881184081618,-0.6149455669923134
0.10048754195983989,0.05551806502114316,-0.6946605216671151,0.03401588022740456,0.8515670564447005,-0.23456301984661096,-0.9807819994081286,-0.45729061739466365,0.6611047271252128,-1.4938350343516897
0.606269622832575,-0.6088320387834653,1.0308674239086513,0.21349481829619546,0.5378327754534851,0.8479783943683906,1.024364301169255,0.7782228351420553,-1.005253775873747,0.6800871987629017
-1.4123916710223268,-1.2518600636129238,-0.15231262572991877,1.1802889144954432,-0.1749164670848088,-0.8616438142826846,0.5553971141686562,-0.5284861921881019,0.3942132815597654,0.06953348354947737
-1.019681429394771,1.0766875265512483,-1.7058963945809167,-0.9545073160414147,0.5843110267467464,2.813079462148044,-1.8234158496801816,-0.18130917278017836,-2.411455123292149,-0.2013632392268579
-0.707558338569186,-0.016365849488929624,1.3589613890828138,0.8111905138189077,-0.4049364396856582,0.6560271193518844,0.02843149953360835,-1.083441622167482,-0.09879298042447954,0.4309647965353029
3.674060619313251,1.2811442257941708,0.6852987195585759,-1.818243228727049,,,,,,
-1.7284176704504888,1.6377370791203498,0.8035708781621393,1.1737591641392078,0.12978491902143355,0.5329121737507717,0.7303859437875685,-0.17660953945609334,-0.7970880642594902,-1.1142651781700728
-0.13072783055233742,-0.8689433605849769,-0.7260365843137088,1.4694111066393172,1.6217063019430666,-0.35415922828755164,1.300800893421038,-0.18896619153684216,-0.3773514473385115,0.3686013631309052
-0.7467481503476141,-0.3370023458009528,1.341131426416877,0.3313678476727265,0.3796165278721687,-0.22798672206007758,-0.3185078323812392,0.1139709188435821,0.7756498282869934,0.3423450271122044
0.6076408649507219,-1.8029008860258444,-1.004726499871326,-0.6139087578933062,0.43450626509002077,0.36426575203425304,0.6491000684705144,-0.34533277835741555,0.10702192349582149,1.771482522045782
0.03299189973800431,-1.859664976992539,0.48469721801421134,1.1832180926947067,1.1416390074561016,-0.3276298003961428,-0.259890558141529,0.756508075525316,0.1417212794277573,0.5473069582314167
-0.5738188947866321,0.3647497016222125,-0.5380700374716896,-0.21390768841338276,-1.0822872677556958,-0.8128520382875069,-1.4345236282682654,-1.569947261853863,-0.9404796787061058,0.42257464596657646
0.23646304817234648,0.8334207490027715,-0.45991388339735195,-1.5130516573501143,0.35040076384242,-0.021163884803981233,-0.13954500610734155,-1.0912459905653726,-0.3707242895335362,0.6734468128260548
-1.2070385547364069,-1.8383652891584075,0.14227252155963985,-0.8119322796003041,0.738111971812747,-0.3387850690314797,-1.0497526284737282,0.14029375009817185,-0.03989955725668338,-0.03846156421562083
-1.0845644490713686,1.2031907659873402,-0.6000924586471591,1.4322427904700321,-1.7201999021664893,0.861976144402894,0.497329796293695,-0.3030126897274392,-1.6669178482960059,0.05289311609575573
-1.8560856127366525,-0.4625209806961699,0.7812225545410445,-0.2048426180061886,-0.20686934504743182,1.3712662618792237,0.12490066243102138,1.706621414366504,-0.33820596265452746,1.0105605880864565
-0.15888401712887626,0.337428468568941,-0.8338781994903849,0.24185128986761495,0.30741910534061107,0.11707614417122143,-1.742325255167229,1.0196988968496408,0.3006621296655514,0.4336129074392752
1.5052455225420838,-0.08167690494135887,,,,,,,,
-1.505852790481919,-0.7113171263053132,2.3600746491113003,-1.1693960669594712,0.5065439389304712,-1.8845452318123295,0.2905998616217375,0.6704702504396165,-1.119851150798982,-0.6557315715846896
-0.9391021700764256,0.4922305008716134,0.28155172333371326,0.7918631298099017,-0.16387550611992605,-1.540046104928925,-1.1186757083295975,-1.3673972293821117,-0.8692879193760282,-0.5945493367957942
-0.4782406399622733,-0.15957427658672502,-1.881582013523464,0.803095405299024,0.2698875136222697,-0.39132755103473865,-0.5622933592691132,-0.5340932851590647,-0.37981313487178275,0.43272589540989886
-0.17017841140221804,0.2695462734653111,0.06886889195517702,-0.6120070763377907,-1.6215958770080727,1.3632023809373794,0.6064218858437898,1.275192316250528,-0.5087510066028305,0.3292026811225016
-0.6189239800169585,0.6522554837500977,1.5659325070644043,1.5142216661721037,0.03381495672346354,0.7345472184347324,0.5153046849259099,0.13708619377115505,0.428586455850144,-0.7730721392335478
-1.5382829311173425,0.43114435007419716,-1.0970835455091872,-0.8482205153618321,-0.44145429299270816,1.5035346768687534,-0.06801286716427231,-0.8825812233564965,-1.2335668879560568,-0.178125582204843
-0.21613966140353452,-1.168588177257965,0.13322737442592847,-1.644332706927365,-1.077957424450283,1.361916817480094,-1.1703080423513001,-0.1361361894581835,0.3823199675956834,1.8171740915375523
1.5203301084878045,,-1.0794229977895387,-0.9601711235355223,,,,-0.05954235894564781,,1.3585839966652107
-0.6126787904471791,0.06948842283053766,-0.2334356899166359,-0.728788635042356,-0.2551934678975904,0.34548933872745796,0.2874895256765192,1.3904764327704335,-0.6295853350664392,0.22939994647296955
-1.200121160433189,-0.08131790318985778,-1.5452962574340208,0.46906789827292955,1.808077413835471,1.025957182102609,-0.39563173671891644,0.9685267511853504,-1.4909295789297812,0.4322497146956909
2.5355502262836582,0.4230254396620459,,,,-0.05515234562252655,,,,0.7198070421273128
1.060235693572459,,,,0.39306231018631355,-0.31649690572154704,,,0.9860398839329567,0.31206841307791194
-1.520216687602784,-2.2405818364697803,-0.5069146614940155,-0.8614965365210028,-0.08226917937352282,-1.1719831686331499,-1.1647202292933643,-2.0573573212190155,-1.4021728869127024,-0.46632324254104046
-0.6122065826505512,1.0196327174930053,-0.344102011169687,-1.624077652365331,-0.30532214485069187,0.4549109824548431,-2.3854156929936745,1.196291056084097,0.40390262722195125,1.380512407402279
0.45715159483728607,-0.44741196218959184,-0.080402646597936,-0.5016194857691723,0.8109187421729812,-0.7980804656939905,0.32093589164558384,1.1303217352434256,0.21155409461500882,0.06249335213191545
0.40491176491778463,-0.698901875221608,-2.18468179026967,-1.0028288624810089,-0.7935815669943088,0.3268371110476097,-0.9127884750250042,-0.7830025448334794,0.7457019170996868,0.3842633224436358
1.1961507229442632,,,,,-0.5938196916896914,0.8605547681386655,0.19264951190196597,,
-0.423419894064484,0.2725269963620083,0.9679335095560728,-0.7934588883323663,0.05075501152610481,-1.2060866973079383,0.48011551433999805,0.051438936013084524,0.6316237342483367,1.0048934976028552
-0.6660711785976372,0.18593414286508997,0.22807348923110052,-0.6470667029436267,-0.9974920321056836,1.5275895422225778,-0.41980435430513674,-0.42420285461333535,-0.25462061717248136,0.5055278461658539
-0.4761411723411295,-0.7826304315193143,0.15264409127373954,0.7051149217290382,0.45681906647985443,-0.6230663357351909,-1.0922290796448955,-0.9673712404760898,0.32934174252554554,0.5293169155966123
-0.4840544044377778,-0.5466643387110611,-1.207934130004368,-0.06867564117244353,0.6853880424014861,-0.6760673796651137,1.0480317565331534,-1.0495501783512928,-0.7940530223128277,-0.15757380573028126
0.15487559835589917,-0.2498982072247605,0.263064722180306,0.22296046630299843,1.1856965022554482,0.0706326222007221,-0.3328793750384984,0.40056237961348534,-1.7793719209770602,-1.3759710682905864
0.8966608759173043,,,0.43726208876982786,-0.1309723356784741,0.9521839936096824,-0.4181404504335374,1.2700611065134582,-0.3508239508693469,
0.08602669036991405,-0.8190840657418822,-0.07429829216527174,0.10756737718296802,-0.09687814409811496,-0.782887447318283,1.4325999950016683,0.24336523927011347,-2.2033021521377867,0.20408717629631354
0.5069660949349805,-2.0027029971838592,-0.7115968751058583,0.9245841702398284,0.160574863932196,0.16218128192371573,-1.1986345679735857,-0.8552155857805626,-1.3589463124333117,-1.8880873161453486
-2.5584818859214167,2.083299461267232,-0.7287348633809055,0.28312671196833306,1.126053466136041,0.14963352185775947,-0.09678963586921566,0.35834341626767835,2.0474148989814163,0.055474695208347885
-1.4589555367952292,-1.099225976552914,-0.949055593551751,-0.2011148083601152,-1.208198143722759,-0.5993798948176342,-0.1708388197426547,0.9804264478288288,-0.9037465759759475,0.5834195655867684
0.23243613514961994,0.681616168777557,-2.395181055439514,-1.800884909311792,-1.5396488647084783,1.3390432667257852,-0.7896823613923846,-1.1832963674830284,-0.1293963464854183,2.0516300036466015
-0.6917087371228512,-0.675175014972308,0.9484483600852672,0.2313808335470525,-0.014184049955306258,-0.48143292546383515,0.27954556432487915,-2.7081947302935,0.25963395278345125,-1.268470883969839
1.445281964102133,1.0315188500158698,0.749842112186266,1.9685948616144304,,,,,0.6027390265468863,
-0.29590299489235256,-0.9227286490591855,0.38925552829879684,0.4272550260326173,-0.008157548233898542,-0.7235848947517125,-0.5673489817882608,1.8177138722196016,-2.4374531291267743,3.0205245357430277
1.8502079335196846,-0.18350294946071832,,,,-0.47183449692588186,,,,0.04474632464374568
-0.4202103850837013,1.9402886337364311,1.0706095311152604,-0.7559093415691691,1.287605174950214,0.37913521456665783,1.0999428311104416,0.9375415112315951,-1.4506203711898233,0.5577923010450868
-0.07133113462967568,1.9323107038885377,-0.9414223915177591,0.707425847514759,-1.2254757365372762,2.162399056475891,0.5689882572121595,-0.5317326756351866,1.4390886326062342,1.7629497263473255
0.40219961555875283,-0.2045727228289634,-1.1715330266668258,-1.0171078059543213,-1.2973608961129244,1.1281505857254028,1.1777492230639055,-1.1152491546976102,1.2170413728096205,-0.3271887713394551
-0.6085043655635496,0.4469965098328273,-0.10097820933507813,-1.8409972397207481,-0.38780823802611275,-1.4151071964521662,-1.7795463380471999,-0.6650482744395954,-0.12191112138798886,-1.3908178917569014
0.037983584009370346,0.06050317908017015,0.6800946351221353,-0.2213103935567743,0.7009067160976523,0.788118583041314,-1.576799685223525,1.7394319052304383,1.2196246960493786,-0.3118266798913031
-0.9843555847585672,0.8417108658259818,-0.7081522472750235,-1.083334480526139,-0.3613683941996794,1.1957619420430248,1.4613713839366684,1.860417126175956,-0.2515502074030699,-0.16656036514572253
-0.16047853280739344,-0.6468739283807485,-0.6790681369174648,-0.4378939489262473,1.8753774388152609,-0.8598850574490893,0.21823246522697473,0.60319764974407,2.1186133370137417,0.2995110296914255
-0.27872608540804,-0.9826163396016249,-0.8938673004972876,-0.011457378100682637,-0.307489103218223,-0.058780203516171504,0.5805443276590656,-0.6538626923086595,0.37555994265049125,1.0395052562065044
-1.826311194950832,0.17633140682492338,1.4361582913016662,0.42148666935091966,-0.62577900489693,0.6154463573307866,-0.5237126208459719,0.884307994036333,0.47130013873444737,1.9085716337994865
-0.10307479731777947,0.445398331817169,-0.33901103737428845,0.10837592558939614,-0.8508847551855749,1.324348421226402,0.23794395882617858,0.034080123411051544,0.9108840395933634,1.5335516872804513
2.2734275106234754,,,0.9576964720824344,,,,,,
0.04978100755834123,-1.5466632105353066,-1.0326223719893708,-1.8085465852637956,2.669718395112366,-1.4367452995304522,0.8836692529804708,-0.7565789605275285,-2.3778761748695234,0.2643674061290398
2.5802151639835227,,1.8442406032942598,,,,,,,0.4947354692947357
0.09713846888006603,-0.6579062618308053,-0.4933806089520461,-0.18180372526010774,0.08923133753027218,1.6414618252352342,-0.41537126269183117,-0.09624405534986238,0.6190275431199607,-0.9901567844847805
1.606145460628719,,,-0.26476841012962793,0.004609431008068283,,,-0.7002720543640399,-0.929764024063125,
0.44703057304469584,-0.5075645265040281,1.1012951155728687,-0.8229354779720779,-0.8780735595255375,-0.1463176328274234,-0.3022515273127662,-1.7599679565361914,-0.5167253860984998,0.5591733172308138
-0.3858445907529938,-0.039278341003244524,-1.0255266711935538,0.28086665792582344,0.48912562253911057,1.4034166059562865,-0.3238524983431971,-0.2609548757653378,0.6331974107439771,-0.15452105881734193
0.629288071764544,0.730109088449042,-1.070009384033859,-1.1174372184670447,-0.5813840811231911,-1.7231319167314185,1.856009270398166,-1.2750551606500473,1.1539860821333454,-1.030493599967822
1.0775626179241544,,,-0.11137398185697696,1.7094160340565923,,,0.2610850108224974,,
-0.18413466045036014,0.004659395674493845,-0.3126133047774936,-1.2378959759614099,0.7025902168599631,0.0810218568113524,1.2598594153352676,1.9461067497297846,-0.5370341736349293,-0.41198815936849825
-0.6188269105978257,1.450367605471464,-1.373809748585413,0.34371438853274755,-1.4850120433632972,1.472661578172535,0.7289615687239676,-0.6313169972158835,1.8011236439192753,-0.7980645137616671
0.1223512518109501,-2.2028533902217657,0.6269967143943901,-0.35495036400487917,-0.22375305235083137,-0.964206764066522,-1.102323249513479,-0.5469514976511253,1.2885795047865014,0.4090563705433545
-0.8687094668925555,-2.2239720005911288,1.9613479718096274,-2.4732662857801566,1.131517237763593,0.49444540751746424,-0.198560080689505,-0.5742028071927183,0.7656982597838674,1.0939658046654068
1.102933778847409,,,-0.6807860696337564,-0.6329145011107365,0.05827068081066696,0.2847365597519909,1.071577945244164,-0.026759757190373296,0.7830302172184467
-0.3527203349335359,2.0590688514378273,-0.6348746707565384,-0.6519209519678044,0.26861598735987385,1.1604880766744936,-0.771053058532947,-0.29134652493075136,-0.35890034481357636,-1.0260380612741713
-0.5471880596196482,-0.6806417469258242,1.3341247857047374,0.16874259604199424,-0.4991252924660475,1.8740927470352373,1.8194367392114572,1.7272798718467606,-0.4431323866826411,1.03805259550343
2.148489065540679,,,-0.432093220456186,0.22219528927081636,,,,-0.09512266834435233,1.185402788755359
-2.8280392582358163,0.3888341627666235,-0.22464059406220258,-0.6486438343162018,-1.7565219838111439,0.6176467491881233,-0.2932712483108951,0.4573277985381114,-1.1283333456277271,-1.9002529678663296
-1.2223523413673694,-0.22417689486669326,-1.8160997833820882,0.1443795974569554,1.6668740039855476,-2.493336452409551,-0.710728979150682,-0.17386778819445858,-0.19391909118055867,1.3104318457881305
-0.4272750972206292,-0.293428591355138,-0.3671646320358746,0.4810839389334283,1.6452432416526273,0.0022939942123937724,1.5315449727399448,0.09463767515093686,-1.2637265975304293,1.1134498144203213
-0.022314869802731032,1.4302369900299368,0.8247330690482662,0.9323168340991655,-0.7627078715198552,-0.9615893870981714,-0.03973942030505322,-1.356968215114084,-1.0814462477927884,-0.7510740564778208
-1.2263431566353156,-0.10835835119897275,0.02143653005967848,-0.5267060078078809,-1.248441670192797,-0.831579499264339,0.2274813322251014,-0.24833517481321965,0.10040378254319735,-0.8957422160404012
0.41596247946224424,0.7789314999213496,-1.309152727653013,-0.4591110151721208,-1.6583086388764143,0.8205922998164735,2.222958833979783,0.9018314787114675,-0.14856319370816412,0.15651412096344122
0.5695045678677082,-1.2650462378718208,0.053244695969653276,-0.02549060770070222,-0.22635676068115645,-0.4270642985410818,0.08628112814660448,-1.009243046308494,-0.7558359733568877,0.2735593386481338
-0.04635045186490421,0.012224932657709433,0.9675276743664594,-0.10583009541170067,-0.21412968497417673,0.6498485210224476,1.7645631202089316,-0.4717956108863246,0.45228913911290397,-0.26058312039850395
-0.9495844026734109,-0.025936481131895565,0.607171814163279,-0.8360840868921078,1.1155520280034803,-0.393043293355666,-0.4453320693593957,0.7482279730343755,0.2676041725452485,-0.733559135532387
-1.308388282945361,1.7132841663717415,0.1747265676868257,1.8721931256937352,-0.49131568563187034,0.33253446237516515,-1.2326387623711568,-1.0067723896244865,-0.43128863672489565,1.6640781297061469
0.23223709929581463,1.087710360361562,2.028186716930674,0.9516579481917379,0.9083258339675983,0.13279056070053294,1.4487196959059283,0.3645570561218323,1.1387748946704868,-0.32120168788874603
0.6950428486077533,0.42873760549129214,-0.32119630468867144,-1.4067619029353886,0.3236105967126034,0.4541897530793201,-0.9993730810712579,0.149125796254116,0.29888425379210387,1.1119275709578997
0.31161485293286656,0.7041179188593516,-0.1453703666823764,-0.3086951882973511,-0.13465161285054986,-0.4491772126502695,-0.23762129361522147,0.5203196892971463,0.5458836821023663,0.44663446103868404
0.3112703950084852,1.3231626759095605,1.3155571479899746,0.15496565474558818,1.557158760819427,1.4225066597443299,0.15426321757310696,-0.6110859626639563,-0.3574149459517715,0.0879165197890688
-0.30927412321161496,-0.9776649251913904,-1.0324779970279019,-0.4227092568363674,-0.5823525727704497,-1.8940171358429239,0.8414275201251231,1.0376554250152021,0.5950526422082519,-2.103982793802116
-0.1902769686488164,0.45375018028099817,1.2467053383865225,2.173827197755642,0.012111447813415197,0.15609845857675442,0.4881116206221484,-0.5859507177455205,-0.7663132857664112,0.8849982204906935
0.6802254607897843,-0.20086602506860537,-1.5673631730131852,-2.137604926097487,-0.07263456480899008,-0.03836421928003832,-0.24537135822811978,0.8995137892513745,0.21665490882957159,-1.976478697094706
1.9991877730428889,-2.5119028845143734,,-0.9995546372413022,,,,,,-2.393703089701595
-0.19909825478236778,0.6991890785390439,-1.1343561829591342,0.3104263588175846,0.27742587198844804,0.24969958747571472,-0.36154355726123527,0.7286085513275924,0.3483715160144291,0.29004110873478783
-0.5785988219943462,-0.984399729243356,0.47842700467485993,-0.705816260535704,1.4428009502304384,2.037849903195813,-0.7063749453530062,-0.8225088968249642,0.44277248578720724,0.304599805495606
-0.03142271506343509,0.5763060479779327,0.706648614888896,-0.7717433053345213,-0.8543854420554938,-1.8663628842392033,-1.689281674816634,-0.9529458028153109,-0.3351545558925041,0.8013114033044416
0.6142518245060749,0.46912910092439425,-0.19647118015770476,2.2338732766281697,-1.1884832440205522,-0.25032083985658327,0.34153241647895777,-1.0829957761086781,-0.3004570102585934,-1.4420252837937366
-0.3380503211864994,1.4762418413622986,0.16835863933394526,1.9314261455601116,1.421628952236364,-1.4751495322961767,-1.1496718421472607,1.4348079592868945,-0.09519534074440757,-1.4749869530145918
0.9551339187944633,,1.4916763276423575,,,,-0.964058216154836,,,1.8530618317774912
-0.34197961738852284,-0.23266168155408998,-1.0816044886344318,0.7269271682746937,1.9026496811727371,0.8031331412345055,0.08552106139711635,-0.4478955416561953,-0.6530556269246306,1.2272890084452102
-0.6276050009275614,-2.0816721169313017,3.0083611177762233,0.2970724718654709,-0.372704486133644,-0.6636557766821922,0.554328131073978,-1.1477564181087978,-0.618130251571744,0.43470558812912224
-0.8741970149926616,-1.1696820294999435,-0.5241248884083141,-0.27859755107390144,-0.23969986946071714,-0.2674762122791182,0.2834460185336367,-0.6927961844992071,0.29898914997106485,-0.5790129727997154
-0.11778516269690562,-0.633861485475653,-1.8089679299613266,0.30516678964156185,1.0690925316395703,0.2578180671488975,-1.232782417067212,-1.3253803868096758,0.8497171165838573,0.4174663361291491
0.1582848353963059,0.8541465646978367,0.673197090025918,0.12759124643058994,1.396640710370806,1.718945787397829,1.2835473382247289,0.7670449834634605,0.11651675604961854,0.0485859238014125
0.7495218143665272,-0.5603691674252822,-0.05946572352015208,-0.6009429013805978,-0.07117365652522158,-0.8206524861806376,-0.21577870394339846,-0.3924823916510401,1.0719844287143867,1.1621432986713742
0.5749189472406891,-1.476589509669985,0.5993345757987757,0.876811329083126,-0.326322072749752,0.7677103848187304,0.9379642026800837,-1.615918079170817,0.9620295793359022,-0.21281303485775235
-1.3695587921993564,0.15984183596432072,-0.3854796667189828,0.8530810557245563,0.613782615318044,0.5448354951755585,-0.7798524560876798,-0.39024010993894037,-0.305422172438419,0.6492246400519208
1.3766642444951487,0.5480586217835005,,-0.42674887693554053,0.41109008173621187,1.1612031319917184,,0.6756046230182131,,-0.5460974908451773
0.7253224360160374,-2.395217545810279,1.089125848871815,0.38582474034634656,0.0864011127246991,-2.038305803318506,0.9463418983671252,1.960970877438698,-0.24815842694336981,-0.4881230068347417
-0.29131380189050005,0.7499006770583283,1.0134762027832829,0.5752329930326676,-0.25940647335832023,1.096211008569051,-1.1407156209077194,1.181126161231695,1.3190161114546841,-0.3925990990054763
1.7588333733389245,,,,,,,,2.464248173909991,
-1.3248801961240413,1.308885790361501,-0.38462035298485325,-1.865258031494232,1.8938162359780966,2.738870366586549,0.5299540309109054,0.6492130709084699,0.4675901552115432,0.6236895514895867
-0.30234279090019917,-0.0022018160251108623,-0.18886829981605516,0.007345765041185651,-1.2009727492978992,0.9717459516452595,0.10962122286616946,0.7195408888087682,0.5042185559049949,-2.263177065261288
0.4590715116580927,0.8324451155707243,-0.8457338182034058,0.007881887251929048,-0.3343164977072392,0.4035323935120176,-0.14131683828312921,-1.7309169894141143,-0.9737974418114723,0.6263753333441607
0.44953036685351844,2.394420218218298,0.032023259172222776,-1.705382828240906,1.4600604178688685,1.0496745972236354,-0.7599255981776806,0.8513127003930466,0.32270264404686483,-0.8463803278813679
0.3221356305782819,-0.5578939122497325,-1.426162901410793,-0.1476121913575574,0.6847055959506169,-0.02170811050916511,-0.6166341939244827,0.5687194358411225,-0.18793892228171916,-0.8706210862093874
0.25578753850292235,-0.19740785209078085,1.8656938503005664,0.9181922931906885,0.8348548072796892,-1.7410286481481883,0.7638835688826188,0.9207546272194382,-1.6119955935836392,-0.8321375579193964
-0.7452884561413549,1.08311534828767,1.223731792496435,-0.736421941014302,-1.1529255310712363,-2.1347469449415195,-1.6327107730735202,-0.7118613966787555,-0.6358485038896696,-0.005553698390705216
0.5974774581153492,0.23273346617373744,-0.6634632201078915,-0.10269829024567664,-0.8255891481157004,-0.44398867842912604,-0.25399624479955885,0.7586498400131427,0.9115374679600057,-0.8296269796855295
0.018152494364455114,0.7117380035864671,-0.13701837659428096,-0.35750962271351094,1.004976936078968,0.6441550138710954,-0.03912377182801049,-0.9231648243385752,-1.5831015346653978,0.18733830479402183
0.611352169780613,-1.0524118503370727,0.9887806295425593,-0.3373999185713839,-1.7413236474320657,0.4900884536024659,-0.09530192399014006,-0.1469036695551478,0.8405071960376984,1.5091259755857689
0.5841379126298903,-0.4097877848465507,-1.730277562037647,0.6232188133569909,0.05378804085799018,-0.7800336316558343,-0.518573796630713,1.4972717253904633,0.952645575243925,1.13241883643807
1.0568499119679846,0.26186329338177217,,0.10727964366628077,0.6562999508341861,-0.11394301057656786,0.2671282218231076,,0.969352894089965,0.9459508434397739
-0.3647684866636244,-1.3189448352880697,1.5368648581483908,0.323998663240008,-0.2913456628903965,-1.8579409097480486,0.7146280719364692,0.4959551719766069,-0.2762186196266453,0.38542560545765253
1.4100520867894073,,,,-1.1803509095660718,,,-0.7765715509040455,,-1.477212253854527
0.518677225680705,-0.8543643760379854,-0.45538785314588104,0.9005608848156514,-0.6811756178182788,0.42424497365260166,0.3137209324001589,0.2394491064599241,-1.0233008800825703,0.17872430255057128
-0.18088919879330206,-0.2724305961648005,0.718857951904531,-1.262879591144995,-0.6548238847940309,-0.01248536431222933,1.522590816931932,-1.810647939210797,0.19542816892939638,-0.18019103022431748
0.7571698360653817,-0.7171447244057982,-0.2070232210959523,-0.8985771168277126,-0.41733780280018223,0.6311466128642736,0.40610549858791106,-0.2704230310877895,0.8940061033687423,2.4320960735614583
-0.7926466147304871,0.525954582146737,0.05142825381714823,1.085411026641601,-0.5502784930445631,1.0052025495530397,-0.10463362718320379,-0.23024550246141426,0.1613352570644802,0.15889529829419968
-0.9011415322410864,0.03250245621712231,1.3398589807001522,-1.1641671825416562,0.4719227701357731,1.0200108401462147,-0.028662193656423487,-0.2329530618822112,0.010686238003032984,-0.9297400977444258
-0.2055022675494741,1.7066523425077063,-0.1266460399815756,0.014081244713730021,-0.9332853060413765,0.40492663148125885,-1.0549315089859534,-0.19724258465097788,-2.715061414356836,0.024328232367958173
0.1598155068477457,-0.7508334522495363,-0.5365866054687914,-0.6837901133095452,0.6718960553373247,-0.5428759934360515,1.3785772689311462,1.4289658425032346,0.055046604956634264,1.5422788511992755
1.4492097514240418,,-0.8872212238596676,,0.2257004393631773,,2.0116499110826407,0.6438654040211698,,
0.056443237956881526,0.44404744765657755,-0.16364002991665738,-1.2561328994258874,1.0648370964420835,1.8019743298621664,-0.41217035682993197,-0.1350805576944708,1.1300960819659136,-0.4723960394792037
0.8576935925436356,-0.06655145438705248,-0.8065763416958636,-0.5782728984442659,-0.04188598478717212,0.03478834441343878,-1.145328429174751,0.19634527081326855,-2.2062030504539427,0.6726628671605329
0.7732742879253339,-0.7642420863965363,0.05716110769752575,-0.4395362342100463,-0.3982088928948374,-0.257182966104622,-0.1403151021064886,-0.5191692238800567,0.25600333937034464,1.5102324495029005
0.4645484521460555,-0.18992437687132588,1.2227225442015595,1.1487512432729463,0.8818399219633054,0.416127758331448,0.42800891188696283,0.6660419063764088,1.173918998499082,-0.6827583396604991
-0.14183525126584873,0.9078793649958314,0.109447399869924,0.09321033495140861,0.8752587469088098,-0.9376558761488182,0.9488564821698884,-0.9096510631473029,-0.3635301071149344,-1.5671292396813832
-0.45845463547229215,0.5716265644184472,0.19218988341557658,-0.243035522352972,0.43762694343673125,0.45034440955626864,-1.0717863139495827,1.094996942913195,0.579530039631155,-1.4474601627524997
1.6215399507933814,,-1.0600553322489037,,,-0.48147429113993423,,,-0.31691459867265565,
-0.6996433378902752,-0.3281665601148331,0.5688872328865737,1.8035197733984343,0.18676341344153646,0.45714558345617395,0.8433221190997161,0.4863205341334189,-1.6608320225794202,-0.7674916814178144
0.7050434607137898,-0.537249903166941,-1.301884114643827,-0.2717722267921977,0.5506092366004615,0.5092258566652476,0.04731811413272407,-1.8462130303610391,0.20508364489506806,-1.2946703266268398
0.5559841478713795,0.37146460145710747,-0.5470415319932345,-1.3465441400291773,1.1341898014263778,0.29354086714876143,-0.9330040358726931,1.4751616002053345,0.04378803620259698,-0.6467703977492091
1.0600228500987108,,,,,,-0.4015499341498,,,
0.05021706309050829,1.564693464841634,-1.145114990242305,0.13561003592097773,-1.1375933352988872,1.273555500252569,-1.0290179945161528,1.8930481639748153,-0.9653021498914854,0.3103390872320114
0.5102049157373622,0.8641735139982746,-1.0724961565866349,-1.1876528127906336,-0.465438583074229,0.6929272273891175,0.005788841219637917,1.080433687848597,-0.8337570501128186,-0.25330261602657506
-0.07687764284385631,-0.12871925071667664,0.5884320701199192,1.2385454412306705,-0.5866849301162561,-0.46413859388867934,0.29860066827820503,0.33474487142055165,1.0789492375437542,0.0939241232227761
-0.2034720408096203,1.7496995366067465,0.3306055465389983,0.7165471274387926,-1.5771562621921054,-0.13757621442429954,1.1300877104451548,0.11507788360921001,-0.06804644934895504,-1.8866885192200915
-0.130010913209347,1.2526459687552518,0.012670357271702692,0.4794635130302673,-0.31772000380184473,-0.32668230253654135,0.06286208759446378,0.5051263501791494,0.7829593678181315,0.7155022133487446
-0.3273273991646799,0.21569509596883366,-1.2631282896587142,0.2611708847006553,-1.9971808331005543,-1.5081151472914034,0.20546463988561964,0.5406073050434214,-1.207195539485836,0.5580692655389013
-0.16247915903227544,1.135945400440351,1.4578443782781603,-2.2337627521225656,1.9240125823734457,0.9173169711353779,0.6083178208102489,-0.3286698646073711,0.5221831627425707,0.3715767805408129
0.8637432316040635,0.37028923561143817,,,,-0.2728647999332832,,,,
0.1572784483469228,0.15395435911424002,0.12951084424599188,-1.551414293853007,-0.8642660573464084,-0.8530967206545855,0.8200200557350728,-0.38177771020203305,-0.06396556056397787,-0.15868858785408496
-0.25170650501674235,2.1004956482281787,0.11568314952344713,1.4120522530604092,-0.6955912520273246,-1.1039514022283679,0.8992471642888491,0.16362023831312622,0.635586698787458,1.8110891022886746
0.19355406423635985,0.39769378757073487,-0.33104140377834135,0.1395021719711452,0.2698354472539533,0.49431286603487173,0.2951821774883784,-1.5463821914633729,1.5276257861214328,0.08946475857483227
1.5873918966747762,-0.8241573023706225,,,-0.4103807720068756,,1.0912015767336214,,,
0.7689087089079293,-1.055374065559526,0.6707525196605538,-0.23664541773356482,-0.4410990792030395,-2.813537564990086,0.2650702817513416,1.1676012288203388,-1.1849224828869196,0.2826640952355182
0.4995081282834126,-0.5278059553839684,0.4315940580612378,0.8964647753748051,0.18295010473955686,0.5532021644166484,-0.26091196830590063,0.8121998157545224,-1.7135774609759629,0.7701152620540209
1.2318793314047867,,,,0.38598104574596276,,-0.21921608635011133,,-0.22448372661489163,
0.6129399450302202,0.029109646758147825,1.5965036603592226,0.11397874487857144,-1.9071408112171302,0.6152332518239595,0.10758077792052868,-0.17085819819749018,1.0552666291629402,0.8324841430878177
-0.8637393130434228,0.27103624916274455,1.519985882201943,0.077361840353213,-1.2875445181273015,0.39660760790929606,-0.3108049063923217,0.033066332065100824,-0.958463614302979,0.33626206495343525
-0.5798061206756263,0.8073573138133907,1.3506815983269411,0.186415949082675,-0.9507652432635754,-0.7546553039726677,0.17729709647055067,0.31919844830302657,-0.5265296161668562,-0.2005053603601048
0.5807831029043766,1.0705245542035604,-0.0085688510521305,0.6116669360950318,-0.003992131302091794,0.31351668855986964,-0.6512975525281256,0.3910908366189416,1.3667543108100333,0.36666603380194956
0.4194883780224211,-0.8904793184825583,0.3413035677924778,-2.054521630957578,0.6539002071336211,1.438423119536542,-0.5306346396012497,-0.2385121899281425,0.9558174688801921,-0.8224317908738197
0.46818656758011185,-0.7506353930615466,0.5731287196171996,-0.24279445672752592,-2.753984233685606,-1.0504772818157904,-0.09345755598832332,1.8669993947612575,-0.24401219785036488,-0.7163967229535009
0.31115463140796,-3.082792085412723,1.2749128637836942,0.6164403161483131,-0.5051590499156484,0.7228406148729074,0.3013939784120191,-0.13301383685094917,0.5465590581658526,-0.08760608367807787
0.16921292279851347,0.5555598681438878,-0.376883017972882,-0.12622291069636865,-1.1689573222774168,-1.2853356458665832,-1.6997373829104605,0.3644851173848614,-0.3142187939345631,-1.1770105534309834
-0.384618877091116,-1.060475081093435,0.18336665768857902,0.9864492406480626,1.3273761651240261,-0.15459301834391734,-0.176829439250455,-1.8048945645313232,-1.4614467803960574,1.3354730077423222
0.1737948567952898,1.1236620562809143,-1.884793861284885,-0.07595723923981372,-1.7347199499776356,-2.1693259673728518,-0.8951618501689216,1.8228047168404395,-0.80600155408576,1.2512794015776627
-0.2578708222079109,1.2306494807980335,0.681391953312084,1.318166393096702,-0.47624313577617366,0.2666708736097958,0.11981902431362247,2.539730446598701,0.8986758035910177,-0.14389126867464247
2.0332805179292244,2.1162129802446357,,0.2794386893796783,,-1.5735718424364253,,,,
-0.06342734810396101,-0.21299617220786077,-0.4315130418039798,-1.7087788256313003,-1.4007867296030085,-0.05715327471413661,-0.04989572463769646,0.8600617225868484,-0.47504047695942303,-1.0741814877765385
-0.31119414680929575,-2.2002644701743095,0.17665737446992283,0.5724265717678749,1.320553201157477,0.27599604987042353,-1.1285904881591298,-0.6923865459350194,-0.18454785588293265,-0.7041653326460139
-1.1743537561892756,-0.6080725039167112,0.967378795398565,0.37184582077913175,0.8518922687656523,-0.7894757879787583,1.3706206191930703,0.34549984681115004,0.4020386931390673,-0.0575683629329783
-2.4764025248833126,1.3770699761721803,0.30350137526273385,-1.0206382523121582,2.069571617386915,0.01689274999445645,-0.3739788076134517,-0.9779741384000712,-0.6320114580550191,-1.6098699026313297
-0.4483008411365539,-0.1288104057020043,0.5524653638101586,-1.8215057125458032,-0.8063741095403439,-1.236611944885866,0.9030304499938467,0.6723868966550465,-1.9116016365930975,-0.277517970402112
1.3983305010799973,0.7359979244382598,-0.34816953699344605,,0.7961463001903959,,,,,
-0.1837714644218499,0.15955755938028465,0.7542103240299678,-0.09645230585696911,-0.5093001452389111,-0.8574265748950756,0.5930231818232035,0.038885565427703564,0.29528284342761524,0.3947017827780076
1.394565104308361,,,-0.15174108402723835,-1.279370618385155,,,,,
-0.8983644652870765,1.3599246247593748,0.4416757160810857,0.10099399854435798,1.0880621266746136,-0.7872298003535708,-0.622572077013026,-0.35893692013889456,0.5243366357285323,0.3300691013741165
3.1280206162680853,,,,0.4425313391254478,,0.23305231832594817,,,
-0.4715333162587193,-3.1319531002357457,-0.5981764845579877,2.3827121049480717,-1.1827893960633422,0.4815505443587837,-0.798314512390729,0.4655519025192186,1.1061184376520208,-0.4580066940033583
1.279819302308332,,0.3189164610889264,-0.07223687505280173,,-0.8138730397841356,,0.5843912481688557,,0.41562580939329075
1.0093752624322776,,,-1.6300219538178222,1.7967640591742653,-0.03123878886825896,-0.704601318965999,,1.581793477641538,
0.09875733383886526,-1.034872974093821,0.40178331474516943,1.2527141811355569,0.287121807059532,-0.3619458400738732,-0.40910831195903175,0.11247216269226151,0.5477587964295138,0.8694578263423076
-1.0406347675478012,-0.48461938511815456,1.448154767488381,0.4979689614690976,0.14756192761387238,0.7834656449606332,-2.3390673283247922,0.6731993615270647,2.525036600972532,0.07542580138110465
0.279554275521549,-0.32606715300957895,-0.9551411360252129,-0.4968166246726531,0.8967671275361967,0.5663883256911985,-0.8712372694741898,-0.6322046029310189,-0.6125598829396748,0.16607509085730152
-0.19836313949970608,-0.06943064344220706,-1.074155747551176,1.6234877013489792,0.29962885683489093,-0.5226348977150576,-0.7956359325117301,-0.38462812642410926,1.1710174402990232,1.5089013136469276
-0.6338850182129372,-0.43783875332385086,-1.6718525639826656,-1.61082433117809,0.13368968889643412,-0.31439611781200494,-0.35939853781916986,-0.4955004940838026,0.3209570985541046,0.12982794692282082
1.041005068665459,2.6013764042391574,-1.0704334109920997,-1.235433054930137,,-0.057513009119168367,0.8072264677878297,,-1.0597441077053082,
-1.2506909840632838,1.4361516757715729,0.8442488213144256,-0.6862457932637718,1.5580620606100803,0.5444304428710093,-0.19993231549702004,0.09517798260212129,-1.9322713645314986,-1.3338152994225898
0.7756219734539342,0.22129143519920022,1.4656657415240524,0.398042597957676,-1.1956452157322215,-1.0315963311437573,-0.8167318706620925,-0.5826628029700582,0.15586778100393744,1.1896678037222066
0.628209562789427,1.2627146279241392,0.40543709981903386,-0.4193071414744624,-1.3861695982567077,0.6312259290892125,-0.09428462277218425,0.7927518267186434,-0.6038324495430377,1.633835955629013
1.6382351558850563,,,-1.5699615242282245,,,,-0.2723541895404482,,
-1.5304055595394566,0.992842829462779,-1.0628365223566891,-0.1568103735989479,-0.4248191802476149,1.028818245888198,-0.3282686971320197,1.4583267731235061,0.3580308570363958,-0.9352916032630695
-0.21312562112982902,-0.04414144454077267,0.734426152365724,0.16855928767407052,-0.2217796827870093,-0.7644468085909546,0.47760423594127827,-0.3531763000334928,-0.7212957637251683,-1.028556148345025
1.0255442238163983,-1.4856291932930517,0.4802139226880584,,,-0.7170474324555534,,-0.5374715456749009,,
-0.1541056671356422,0.007460169562175043,-0.8021253513157468,0.9947335356297335,1.2215188871870137,0.21852666687926225,1.4272972328857951,-0.5437721094236501,0.9192936093406356,-0.37935444043604094
-0.4822134193441626,1.3985224087296442,-0.36276316680317344,-0.9558728670553067,-1.8148038243454954,0.008210461084566217,-1.026180974743001,1.9747005393009158,1.7401535194598476,-2.9993271610364998
1.6352014555124137,-0.7818398551340605,,1.0593796276956857,,1.799224503680618,,,,
0.6760604814390078,-0.3499132669330085,0.8851010466161111,-1.2956497742406965,1.9605319007673587,2.468966486773518,-1.804253654308243,1.5636043162865523,-1.736936369562557,0.5819270750195882
-0.954375082817491,0.4596702031018075,-1.2501339676978518,0.407151627154432,-0.18747273794740596,-0.26595431381232754,0.3583147979175649,-1.7076641595610722,0.619352381768448,-0.3132655020528658
-1.549216914763866,0.6795133629096092,-0.622214315851477,-0.05330165309673511,0.32698833943066596,-0.06871238900917735,-0.03265188963258095,0.588862789042688,-0.27553241689462127,1.0228519213501421
1.1469879591587988,,-0.5601547024236946,0.6256254513972241,1.6745352937800775,,,-0.2915296171403462,,
0.4238214859513464,-1.0017636934375511,-0.4374889155840198,-0.9441187587948977,-0.3997837913011553,0.566506749107129,-0.6197746206270838,0.09304917472274855,0.30988530010383813,-1.9099957582485683
-1.7038447864982158,-0.4791997912995975,-0.8911108249271463,0.411755881741523,-0.3470337006317137,0.7169563617369924,0.5004165754748245,0.8611477577854016,-0.5280250487031117,-0.22037177029594235
2.007791625417989,-1.047885097661981,,,,,,,,-1.4082712697252826
-0.2177342219450809,-1.5194138840810454,0.632458397471781,0.2230714224303243,0.9530911837207945,-1.137780318385716,0.09876861425941288,0.1327414782573389,2.01169823784809,-0.19386124350974193
-0.5509315013014011,0.03198822254570982,1.6516106546718292,0.8580130588280878,0.6527402704075195,-0.23314362489385557,-0.22030846061709697,1.4917947210136435,-0.4189887751361695,-0.49780581277109603
-1.6790279877466654,-1.5574005941106726,1.1371436382277447,-2.0258850372549135,1.610403206738658,-0.25581169185866487,0.36855204039985184,1.0619532429533627,-0.6025325341661104,0.5989174215758826
-1.02356749673752,-0.6408925052253983,0.43764546145710304,0.41656003157066185,0.36114814649544147,1.477377793809991,-0.07715309486108508,1.6080942380218997,0.06031797142165793,0.6031840283440228
0.7329240962750784,-0.5050480189067221,0.21024434056357777,-1.4524503679614411,0.10826825330969587,0.07012639808947979,0.5377562018117718,-0.12380523494673987,1.7850298363558301,-1.698432361799272
-1.1750502420311246,-0.9569587877585308,-0.04013759433486996,-0.7793829222049042,-1.1716098021143908,-0.5044827725874875,-1.4728332067593883,0.36337775844308495,0.3066659038635983,-1.268959618935994
0.8709618693632879,,-0.5395342125460451,,,-1.5629415850229786,0.4453448541650482,-0.0475468950845486,1.894472288505814,
1.4706310785014967,-0.9425069186129463,-1.57772037998935,,,,,,0.4558451709371717,-0.8565651466315883
-1.0109746465590919,-2.0265808095827462,-0.5235936669458449,-0.010374411877406531,-0.10046391965930915,0.016500943578386062,-2.1285048229013115,0.19785999600155246,1.5287933880180187,-0.7958854444876601
-1.4343458997154819,-1.573913056537536,-0.6326968338916934,-0.3766049902547382,0.18703042092634067,0.7678005274048093,-0.968838004404246,-0.5220361133101883,-1.6445296493364578,0.5648858218425051
-0.3962633528066874,-0.2466924240758101,1.2959709566728308,0.09407790964462556,1.681501289260156,0.7349602769273392,-0.4406235521151733,-1.1281557998997898,-0.17151706813556983,1.0079714274885223
-1.4015531398626702,-0.6170650723666512,-0.8426633274542185,-0.4330755834880437,0.3877946143371692,0.18899023358725967,0.16889581150663635,-1.4020366752474855,0.702641159435652,0.9908772457277975
-0.24519357898599964,-0.9004502763668305,0.8107507599772416,1.3337189245271128,0.3753361426466947,-0.7288164709312277,-1.0632743933418207,0.5646394077496775,-1.5661014032405511,-1.397086236695089
0.21024889012076237,1.56880014925636,1.1494349027336381,0.37980338792272006,-2.0892961217415924,-2.4570098695022686,-0.17393930566686072,1.7646053791770373,-0.8921274951500372,0.8624278217639288
0.3088651452176276,-0.5738234154230477,-0.41075325727835665,-1.683813720287566,0.43968297873881246,-0.6549349310030038,0.8486505559155886,-0.22544519599119212,-0.2963326547029969,-2.114253348275591
0.28820461266687414,0.5107850014200881,1.258828976279492,-0.8448890436364236,0.2649994803290055,0.39975669969241806,-1.276308714711364,-0.6261325576853001,-1.186749270465765,-1.1030768774893802
-0.39586145925018357,-0.6923010323700476,-0.017128556354081115,0.6265451987621253,0.5922124637228809,0.786595631710293,-0.26563513022945484,-0.515050700898312,-1.2310491529559209,0.6996057869174959
0.976392677530736,,0.31427685688859314,,-1.0864087021023776,-1.3404627520814394,,,,
-0.1205003079176336,0.05726439432893533,0.3618545577957066,0.5982690692010134,-0.6753696741874516,-0.04187964597021899,0.771162101458152,1.59027469736106,-0.9150300465469932,0.19487338300386667
0.09191473975516386,-0.2766886587881143,1.0112783374257062,2.2801093541565383,0.36638172648533934,-0.7811559593655371,-1.42593733465559,-0.07360737967627268,0.943679145707407,-0.20762590440547313
0.25920379216365713,1.9542844886347832,0.6482175908970647,0.05665009500407946,-1.3450394796154437,0.8046016722496853,0.5581602361322897,0.8256269233609761,-1.2528673922610651,-0.03160359112733719
0.5800933853117676,-1.467497542857273,0.13226571682461072,1.086240943444461,-0.6417709962949554,1.0594022885671208,0.027493491078169098,0.09661548512671837,0.9841400382568585,-0.6828785012625067
-1.2928588579287252,-0.2656012622040491,0.32808375176506693,0.3498986938646564,0.315729729986275,-0.7442442505384702,0.4753233885547949,-0.10505576825391888,1.5267382485957566,0.8893492868970346
0.5191893626273734,-0.18129412322705993,-0.35596326764584624,-0.22652384418326177,0.27519659478008196,0.9785288198708553,-1.4664023115371017,-0.5011427861959944,1.2465289084942845,-0.5702584879800444
-0.8461833555031512,1.0679646232491062,0.5016194647552179,0.22089552542733204,0.6098936639720401,-0.28429251457855237,0.0344109858593125,0.09341592357185911,-0.3254352109250313,-0.3314732691222141
-0.8782136685895706,-0.5004398524516928,-0.439044919718966,-1.867961103590324,0.60183974365397,0.26672299914553826,1.4830845013986316,-1.3181022457028448,-1.0139501634260544,0.9350158927041815
-1.2097031556678162,-0.047809308803467884,-0.24599583679700457,1.5307460299644353,-0.05364517684074438,-0.05748080608380295,0.2184313772283273,-0.8630294979811434,-0.5108836768604061,-1.1013671932907507
0.6471144631186669,0.6895576925397614,-0.8466360508369604,-0.25893110010676634,0.1576772058852145,-1.386968917485326,0.5327557626665805,-1.0713941182071651,-1.6932286301089323,0.057990549970141324
0.6041573462401437,0.8976199308380026,0.4604656834641409,-0.6825368934178306,1.8477175393013021,0.06297694091089207,-0.9271497034131779,0.9670409711803316,0.28961905832479645,2.0316933821006495
1.5471433840256228,-0.39700582309402577,,-0.49907869017028145,,0.03538774526807788,,,0.4789224858291558,
1.4939682997474706,,-0.21781909587955117,,,,,,,0.42762370548975887
0.24572649568377314,-1.6586724966383861,0.6979600558784683,-1.8414648820147097,1.813900045798735,-1.4199782094672886,0.2949438739714106,0.5423667996254923,0.9632055041766315,-1.435451522661506
0.5222598201210316,-1.069853764837145,0.2506177729768159,-1.9367020796914614,0.5239844104291254,1.307461881146765,-0.28387095038327165,0.09251377609068583,0.6179595168935635,0.33989386979453906
-1.5989574222974916,-1.220512030552668,-0.4043832124725653,0.114232747544526,-0.4740390806670806,0.09707708485972377,1.0090921489002393,-0.36128390522511455,-1.1031208779190367,0.4982729850784101
1.2260643842999888,,,-0.1749070269309769,,0.2894934168037589,,,,
-1.4196484144609807,-1.1492835263825374,0.35309804286021995,1.3022244074853104,-0.14423817924529134,-0.23152630892771675,-0.7827159884383078,0.03870365857235254,-0.9647803511789453,-1.3275364259680187
0.540751132659071,-0.8712185458358828,0.6671238267185491,-0.06311726996537251,0.9775333228185633,-1.0839689929510048,0.7962513087782426,0.008266233980176107,-1.4788235530981415,-0.7196743986293227
-0.6900213732871631,0.39298598811392843,-0.9544494885668325,-1.2333094652824088,-0.4042866044962965,0.9229540505058472,0.12438997604247018,-0.2885252598433195,0.585521231141418,-0.9736002941720636
1.7888031891122793,1.661609276982942,,,,-0.5361347149095662,,,,
1.5395181096417112,,,,,,,,,1.6621977686372875
-0.115626496578583,-0.8441784374027895,2.380286332995424,-1.3432874961754444,0.25399833913542036,0.09762109117349937,-0.6129470866513038,0.3382535793980468,-0.17246994525746884,-0.8907328009221747
-1.3098448960254816,0.4178778739184959,-0.8061892542768428,-0.5449366894864492,-0.84780347539145,-0.8208301144330375,-0.17282300947040638,-1.2684908638296546,-0.3391430714579672,0.5489678078637005
0.5831866886078984,-0.5265424935292798,-0.7579147612316602,1.162274226200334,0.3800832378682948,0.4889268488086226,1.23027498714808,1.0217541667371235,0.8583973228711788,-1.7930329276114534
-0.5952884095909601,-1.3787185839112777,1.3255894532258146,-0.37649943149051046,-0.7860157191996763,0.2880211921948315,0.6054155367600033,0.4534077615291685,-0.0044629746137985595,1.1758401422915223
-0.3558870223027203,-1.5253931403914303,-0.41557237131378305,-0.4545843932518769,0.6206873349668093,0.9128933644121724,-0.7760799251809686,-2.1625468876372342,1.9544183277015326,0.1850761036490325
-2.0711642492071936,-1.646239798926151,0.21707352475581,-0.523872012296749,1.231934456232761,-0.5200451497864077,-0.0821934110233047,-0.6071520952639803,-0.14439514930006744,0.05529956347510537
1.3344183918711565,,,,,,,,,-0.6151572657732787
-1.9579251950440644,-0.2848459651977614,0.3742579309518254,1.4398679248343258,0.027554843919164927,0.006694422926598323,-0.7841219964074994,0.001541639249315204,-0.49813269251104464,0.564480606929635
0.4562733452940387,1.4135094387925773,0.28239081576320574,0.5397741768794033,-1.3705680954487598,0.3382799158130842,0.7394138649190378,0.11488779257646678,-0.0443908518532003,-0.17790405973800835
1.6460297610918215,,,,,,,,,0.20835941149441836
-0.7798140730087203,1.5430778313547455,0.6095836807561786,0.393533250601996,1.0434421124030335,0.03255737776597648,0.8687030968052205,0.806984819871492,-0.540096691624546,-0.15517326518168845
-0.4566000375346498,1.3997082220422354,-1.4742985169804763,0.35646740229198637,1.3719417819049278,-1.212250160013489,0.06698613694129316,1.214008103445607,-0.3556748143929737,0.1488803084235322
-0.216781228762756,-0.9457048111235491,-0.37424061417459814,-0.6412799574116986,-1.5376269096613169,1.4472708554671379,0.447538363810106,-0.38212939105652977,-0.47455423400149593,-0.4221982252903807
-0.751412126866595,-0.3875760778100033,-0.9088727047545019,0.7018497153530815,-1.8614497717955956,0.2019730819238576,-0.883701217155209,0.9106983211070225,-0.17154039607758825,0.3544771135508175
-0.6224791509843267,1.299813653707828,-1.243361305879895,-0.6654692618087457,-0.9826916882671322,-0.06769177350109658,0.09036511758739749,-1.2629200678174848,-1.055017310341557,-1.1096063482269292
-1.465369228973158,-0.6864151384029763,1.737397169609111,0.1402983083923086,-0.6633949787836981,-0.26861565391159115,-1.5585523480289631,-1.4986216751341783,-0.8558492548845007,-1.2704084755254188
0.8567480114054482,1.8909297792998683,0.8627598334962222,-0.7922002437220729,0.008799163135473511,0.5129998128403451,0.3980726128756307,1.4915217127311353,-1.1979897899515133,0.14997574248778534
-0.05314970559613786,-0.33927690786699544,-1.5586242010906315,-1.458874785952265,1.2898853741115377,0.8531918818231816,-1.1422255559768975,-1.8079977654908357,0.02806281113867397,-0.07988404066388169
-1.6158537928905907,2.0560228193092915,1.2401624517586005,-1.0796427795817805,1.3116887236495967,0.22902574853320617,0.7241191612110849,-0.8427861228058832,0.6193208289698575,2.221484444504511
1.1802169149126558,,,,0.45936155216085944,,,-0.08820704055374363,0.5359479540078571,
0.052404919598129054,1.549063139984635,0.5336649858575135,-1.0758127887331925,0.2705524826579586,0.48306969130751015,-2.066305913260751,0.3054171449047059,0.015320250910637644,-1.5693471492500537
1.9132776852019306,0.3104004046956049,-0.20615695152487382,-0.8606405842082039,0.1108676680287186,,1.3286733366344234,-0.11621183005709647,,-0.07919997824269134
-0.08756098849988408,1.6407171410865642,0.2896722906356923,0.3827080426071679,-0.5493338110042736,0.35284780454844117,-0.8402699909485905,0.16375667810166988,0.7932018241043688,-0.01345337783833911
1.1029880104116265,,,0.06145110361403304,,,,,,
0.012817390571175584,-1.3783782466629038,-0.6438456326021723,-0.2026017135615599,0.7009439295813173,0.974139456934466,-1.9434392161242202,-1.58912706348776,0.7153095106552155,0.10291559811960196
0.6282466123448567,-0.6222140588400957,-0.5665483012588355,-0.7369833597241462,-2.67756789174189,-1.119949588463626,-1.0673183440640577,-0.9267926190876895,-0.9729507472232716,-0.9189669788206161
-0.23638554665225361,0.5503946949584114,-2.8749799273272747,-0.9403634545541039,-0.9034242908574676,-1.5329996558591699,1.1071949403111652,-1.1112363629374844,0.41246434429097917,-0.7923903606731352
1.2651180954597192,-0.8497866390996521,,,,,-0.6682050364130078,,,1.4793151392893318
0.7743305988904663,-0.041311578911229094,0.18619924158124132,-0.6396533427804179,-0.0017705951596821909,0.5743000942558831,0.8845539435887723,-0.4308308612424309,-2.1521870128242826,0.6925858023170252
-0.630001471201315,0.8397264606113327,-1.526104264237413,0.32189429781926454,-0.20742105205272374,-0.4492498625937288,1.4511303563419042,-0.7302555754272266,1.358354935526857,2.1719361455160024
-1.2622250217598523,-0.9122768288695572,-0.16274024298333678,-0.22660225407879425,1.104437449407343,1.1020245828356912,-0.49131672105277047,-0.7850991763164136,-0.3312998746321938,0.2173872218865217
-1.14782636516454,-1.2592457520373816,-0.7532457081484378,-0.4570683557085759,-0.3738338905492677,-2.0072982740903655,-0.4283695160910642,-1.307411970149538,0.06647342566428745,-1.2646031417417993
0.3236286088109372,-0.17454068947308432,1.42039047290243,0.28365365914460694,-0.19733981040751017,-0.05644003704020457,0.04980796398707976,-0.5970395304189439,-0.2575434979891881,-0.5115187045476064
-0.3612437582236554,-0.4613339454855567,-0.37404001293625305,-0.04901174741420977,0.5505141419345547,0.9131747270935834,-0.6321519245465277,-1.4183640082966829,0.7770944950459826,2.153789371362783
0.5217403603196185,-0.3405740454539934,0.21651784148587908,0.14877987768909046,-0.04437626928294268,-0.9047920246182998,0.9817726035383754,-0.7991931423147498,0.9551582788731333,0.5339834794389073
1.4109095453453986,,,,,1.6701645331236663,,-1.3815730899953524,,
-0.8015948844835389,-0.5372247983195917,1.6290790639329178,-1.2833494880115057,-1.0734241485595584,-1.0882034354845485,0.16220723433146128,-0.2900181496431833,-0.6081279167679586,0.8702089186005361
0.81549916461388,1.4415548834880199,0.05298174053874825,0.7677042400508731,-1.1491592651020088,0.7156413197722284,0.7644688483896958,-0.7958154767869169,0.5992208320130931,0.23915512628170071
0.45744830086925975,0.9443399980413069,0.17207995069577256,1.1561673685974083,-1.1175610765786443,-0.8662240676877497,-0.16390536822724452,-0.7732120534058995,0.25666343049831786,-0.33936390072390427
-0.30052760326100997,-0.3295205545833522,0.23687676354455992,-0.007562236784892634,0.3654658693668317,-0.39088491095120137,-1.8475484474831363,0.7382890111112161,-0.7819457084092751,0.2790684751718995
-0.0036339728898261547,2.2103529421237207,-2.682584250011122,-0.6593956821767575,0.37324108655647154,-1.6058111496596978,-0.04617913773992208,-1.6791461294222765,-0.0121979958253834,0.03440131563250092
0.7073784253571246,0.26866464153220143,-0.9723058667823112,0.053085749221742314,0.3137702316120478,-0.9140071087949405,0.9684419573064161,0.5576611740949268,-1.6334993540809906,0.015659893582933536
-1.0371472074325796,-1.9906002505471985,-0.5796167708541806,-0.3837491733539956,2.119566118949698,-0.5524755999871765,0.03097476060634494,0.2951971016375933,-0.3748729898136277,0.2602069008842058
-0.729233820328006,-1.1140302932485318,-0.6000338088175755,-1.2983265897827108,0.5806767950966109,-0.09555529948931345,-0.5172673450248527,0.5520228621296683,-0.6271357513072677,-3.0267477993659613
-0.5702147540640048,0.7241538009204597,0.9660385194542297,-1.2636595014818466,-0.6263889989438202,0.6903383955385306,-1.5301573285239538,-0.34983140814161545,0.27127607102140067,1.3605224990661946
-0.5033200633012345,-1.4498841255115866,-0.8261353619551589,2.349627331189168,0.268852829157806,1.17602204125289,-0.055385637784443664,-0.8389011019244857,-1.1129201118965377,-0.5082305267716931
0.6776039552912639,-1.35276726174259,0.6790842200426904,-1.2028482021535503,-0.34785307536062005,-0.10414774682274039,0.5595136018947452,-0.33911605271223966,0.47875158841134224,-0.36097885367943167
0.34061170617518216,-0.07045023206299468,0.14777376377647733,0.13360188472552165,-0.14902905317661866,1.1170353878204302,0.545266357598513,0.12394175962287292,-0.5913624406112494,2.3709448615302504
1.4922754006226264,,,1.2034495717701974,,,-0.6545878620135964,,-0.9454120909899123,
-0.5613156924612147,0.47379946274150564,1.324126084492969,-0.5194250921741475,-0.4221496978638796,1.2541171039304522,-0.5728153355969188,-2.859148775941759,1.8168729226362943,0.968287318343883
0.7662981986666869,0.3364218657956736,-0.11779986614465385,-1.9056824178614988,-0.25531682573320164,-0.2783891275666577,-0.17119547881107552,0.5362898982471906,1.4681588357720183,-0.1166086855518954
-0.24679130685274075,1.4637371444951937,-0.8349510453197654,-0.07260565477243833,-0.01280436516730572,-0.8342019137753895,-0.38187141054176726,-0.36937147169613965,0.7345920626771678,-0.33104140487406425
-0.3032547689336761,0.43235117417860264,-0.5275358039466732,-0.9492940911194342,2.612867390935616,-0.09375792772707299,0.18695162097447796,-0.3075845943679139,-1.5425521029303655,-0.5559995079957091
-1.1541833192844153,0.5057950631894794,0.3774853425024797,0.5415186810404641,-1.0227982863667335,-2.037406049564064,-2.3095963969336353,0.36055825595293933,-0.43534345997477986,-1.3177017683272754
0.5095440201783291,0.8296290287544139,-0.0999238909870402,-0.6236670124873597,-0.26444593515947373,1.1293446703296512,1.0159447621147717,-0.26836119370111283,0.09471690756636647,4.506745812887017
2.07309947966456,,,,,,,,,
0.19264148090825362,-1.3888272425854522,-0.42655278284371057,-0.5830781162917205,0.8220361647954945,0.48261168549527944,0.6133886267977268,1.145379324720549,-1.1491105545368767,1.5859922623868103
0.8836328541734412,,0.7468038936928698,0.5369316193633683,,,,,,-1.3461797685954349
-0.38526146667433164,0.3313602823631459,-0.20587696285378534,1.858474528456375,0.7303366019859339,0.6914484538685775,0.16113993270793922,-0.45648295934828254,1.6809454686394052,-0.3844808983741625
0.05982829265233132,-0.09453206375803007,-1.3921985681608682,0.4340194853356776,0.9666696654235977,-0.5810719398255233,-0.3031930680567512,-0.8281613337158715,1.7874879900216782,0.42589216696498755
1.3103332656658924,,,-1.5694441416964553,,,,-0.3306999149111149,,0.18058083949812848
-0.4214130795853342,0.8473274781533592,-1.453541584028739,0.8897061347856213,-0.4536961603353854,-1.0369893624764115,0.18453098288954495,1.8170936302765694,0.7222029313785985,0.3093148920976291
-0.537745348598058,1.4170495115512087,0.3475698822222647,-1.9745825059225515,0.7613109893395401,0.2392432141620977,-0.12302053964213082,1.239226644982573,-0.7413892024838141,-0.5312403999177447
-0.18235189180087027,0.4068731048866397,-0.6161383887737661,-1.0020524319821964,-0.21069266773081796,-0.51219951607292,1.6396368200616798,-2.0676981866079704,0.8700243855444233,-2.0597857322668776
-0.09677075951101057,-1.1008204288079992,-1.570789418754889,1.3018346716079732,0.7073724019548117,0.04055250290727363,0.10881915359855476,-0.7861424325435935,-0.48265976404441924,-0.7114290568467586
-0.5472559015826799,-0.23404307611737446,1.3088022532600476,0.5712857768528873,0.2890088722873022,-1.0145510326549316,0.42529069603690767,-2.511893924811452,-0.7148744334825701,-1.2558112109034472
-0.39422876553516406,-0.3096852265177155,-0.4566526332942529,-0.0410803100119034,0.1270003551483668,1.3162398099617871,-0.8329301228067378,-0.8565635488727108,-0.1312954761932417,0.2801589467338124
0.014561615173665233,1.8033793249854153,0.8234116963338921,1.3501259979196574,0.42888567526888915,0.060449971193921495,-2.5555705714499406,0.022599184239308633,-0.35446345741840823,-0.32831228016866576
0.9572352759292011,,1.0542860029550962,,,0.7729541884779144,,,-1.5345059784286772,
-1.255738601878131,-0.8541333662372174,-0.5121012918368643,-0.3433359821843448,0.12960001072635585,0.6458928973847858,2.3373141271746323,-0.7418937526180379,0.06014028474675997,-0.15835037705697746
-1.136299745889075,-2.0386741372874777,-1.02682870902069,-0.6353733617437506,-0.45829701815821944,-1.5069395302809259,-0.3814198557901253,-0.2549524220939314,-0.9792307074945292,0.6773296097341216
-1.7886602775979694,0.2004142735376045,-0.30672746255576083,0.008628352410353169,0.33861060903068263,0.21690574889188807,-2.034004900901798,-0.3324102419069258,0.3901811233400912,0.4238146845420171
-0.8736781807946139,-1.1574850446550489,0.4948316627463214,0.4130073507124257,-1.154820298294784,-1.3609994686915527,-0.48604486814334824,-0.8706887563446627,0.029372066137117826,1.2486822741440935
-1.3524396320168117,-0.24681313430942564,-0.8861927865698053,0.6384890252993081,0.7031760585729137,-1.0265679296119465,0.9721277384224456,0.7065948957926428,-0.29522961435808237,0.616718077659193
-1.4969762226214942,1.77660738466033,-0.07575841277798732,1.127032937762503,-0.731600880197124,-1.7153784600751447,0.3345834377015035,-0.8751097991000786,-0.7667016975912989,0.10450155965341591
0.6999915838575406,0.22155900735283976,0.9204664211440816,-0.33713557093518814,1.2247871888138981,0.6869096129883453,-1.222400282760237,0.4992619234091316,-0.11070449746183236,-0.9349135310147471
0.43534369792491767,0.28333656432138987,0.5249329557866499,-1.241557977252857,-2.335787790714267,-0.488427968588825,-0.42514865500996324,0.3295900092530413,-2.849501954128644,0.4855266491902992
0.671360661615934,0.735195326153999,0.6912037736489725,-1.241398077461521,-1.0193116525866082,-0.3462052758870001,-0.2991595822082753,-1.0920942467060981,0.03426081760351397,0.32419455433379907
0.20751920790165407,0.0197714125290374,0.2745825205553918,-0.36159087933860456,0.4254881656237006,0.3060469565838381,-0.887528944000282,1.7458190105931468,1.4285225132438848,0.6020374711532738
1.0466321588523593,,,1.0444186152645274,,0.6442308026318323,1.4767566680911888,,,
-0.22026021525175316,-0.8213144950849892,1.1162437141140487,0.4178481896578218,0.011137825934460983,-1.5970607450631737,-0.5810522319959885,-0.5218658662286267,0.2557537540026936,-0.47865465890829456
-0.36801018332700364,-2.486519828570336,0.8785737972327867,-1.2331154642346773,-0.7493637516400384,0.46976425953612005,0.820613848864977,-0.03818774600347151,0.30885435053643284,0.8972695780066362
-2.671700087318206,0.8224292516592858,-2.21810770775276,-0.3817818722164724,0.35812242167309455,-1.0349222030112806,-0.2623748196904382,-3.2405337000401775,-1.3654173000180798,-0.870220188178681
-1.0600427092727729,-0.22132492009521543,1.6513187948459418,0.781791750303902,0.8208577613708661,0.3901950477474088,-1.4956382395398284,1.115924231592451,0.30799325794180604,0.45387940126627985
0.7394198307961477,0.4413582231535413,0.2994938505277186,-0.886046223387393,-1.0901201241156933,-1.0827330298371987,-2.9782636768306747,-0.5766078841909301,0.47295772814122267,1.0539888124037273
-0.7942990729810729,-0.17025613442136456,-0.5743302337596929,0.160317883951459,-1.4324059176067423,-0.592558588149929,-0.8631813163077934,0.5749405178762111,-1.768156904459128,0.31539859118757524
0.8670142964811195,,,-0.8970272471540075,,1.3377954601072102,,0.3934942452041952,,0.5864990045727216
1.5917258135168333,,-2.471447754643819,,,,1.1906713326426772,,,
0.33571649525903785,-0.8101155906211392,-1.3371851341110745,-0.05814949934995116,-1.2153338500630226,0.7705423503765323,-0.3604184079848558,0.09336050051350706,-0.05403266443174716,0.563904237993021
-0.6951790428585446,1.119808133123196,2.0442151290336037,-1.1077945262848359,1.5941510181673604,-0.551220718606555,-0.505119525451856,0.8464011311325015,-1.1058331724887973,0.5991698394086352
0.5509516925087873,-0.07242452190334144,-0.111061145962758,-0.5357741839111576,0.7231665506657577,-0.38815706682958023,1.1126549443098874,1.144316682382056,-1.4552447438440008,-1.3228774659103804
-0.18608637450731602,-0.9406755768098819,-0.6890768286910712,-0.8170414654835619,1.926450408765695,1.1450555877207491,-0.8424366955925711,-1.9291305266042285,-0.5703504410587995,-1.282326034783297
0.7084394947785161,0.05934928618637883,-0.5763324235618591,-0.0857334053634352,-1.1550122166653902,-0.23403691130283844,1.6313247255539178,-0.6871784018548246,0.09887692142624184,-0.7839758724638515
-0.8003035308553237,0.8283000293008301,-1.239190150996342,-0.18351647856974274,-0.8790404141587985,1.3733405157791956,-0.693083730405909,-1.271768438518446,-0.162008402971409,-0.158367007720051
1.0944923993052167,,0.422322518882678,-1.0016824616500055,1.086182247105465,,0.5541467470512531,0.8331745592615409,0.2579326468937665,0.11387179699060371
-1.1490087056860157,-0.6719690441434325,0.8432572444573468,0.8054866588601514,0.888001773388114,-0.430445113399292,1.6774566073321462,-0.17156626795090116,0.4589165713105236,2.7773089553276953
-0.5137709272819753,0.7185971581593064,-1.5121256689121931,-0.3707376683457385,0.5951789053014591,-0.6184530134384769,0.038378543551602286,0.2262179113377473,0.16053228347748397,-2.2053477773650365
2.2424852299390095,,-0.8048747890130858,-1.6233079226311784,,,0.9839996091360906,,0.10029474377079114,0.28446493766500636
-1.165503507151547,-1.8992411428079374,-1.005934532756449,1.2863553463804442,-0.8541015342771812,-0.7913466088700467,0.28024698280083493,0.5704074950527196,-1.2131414120466983,0.6660792067526016
0.4178424858239157,-0.6537274335980464,-1.9493495087189536,0.7170801489481761,0.2712952680355716,0.10130919858531937,-1.4690516874876443,2.1872961118288976,-1.0982617958825582,-0.6339861193100195
0.886611149414937,0.011942649744271968,0.11431372423069011,-1.283696445182871,,,-0.4823767168599648,,-1.2403953592727344,
0.12905995046918675,-0.5038111030908011,-0.8512525721524353,0.01941250739406487,1.9702267084936183,-0.6995820088349469,-1.66634209753334,0.5025752287109143,-0.4112707013107572,-1.0761686673017414
0.5774196640764298,0.4287799137013317,-0.7238662729438443,-1.7052737439245684,0.8802408482560218,-0.7210666261644378,0.22856241123203433,-0.16854194042077134,0.4740471664782267,0.20439362503665237
1.2850686651956924,,-1.9916242461311329,,,,1.1709204441631094,,,
0.018233890489366668,-0.8041564452197713,0.6759072714947802,0.5499444284885456,0.38326672884402685,0.7264247113886733,1.335462461296129,0.8255367880966376,0.8049875736803964,-0.019214727026227545
-0.5803870010117905,2.0455719058036026,0.4138791113841968,-0.9647715779596224,-0.0778464333943964,-0.34952863395566447,0.8276082546652697,-0.3132446778348869,-1.541051220552776,0.5853221917544702
-0.5337824567404575,-2.3068051828810545,0.9062290226280063,-1.3122897021496314,-0.9889943843618817,0.08022171659957301,0.14026423520240155,-0.5428391325734875,0.3651409913940771,0.8380009007887091
-0.9205243056662036,0.07234339256860867,0.1303569354275327,1.196236183529816,0.2108566794890737,-1.8456124586082225,2.30491216048194,0.10525301102212863,0.24827669887076725,-0.11494571610599502
0.2641488832746398,0.41646494043555354,0.763027925859199,-0.1647831388349005,-2.3995672405741,-0.45121445270045407,-0.22719448240898557,-0.7012111566899436,-1.1005884708140334,-0.4953957690659155
0.8399547227098546,0.29828424913486956,-1.3703832869039567,-1.7702458934950673,-1.7836402605339212,0.22452076060004708,-1.5280658098626978,-0.10830170445604423,0.6295378870944071,0.37248993999030705
-0.37086033158199216,1.5299040344661574,-0.6369897247469299,0.10720890168727965,-0.41160662846059914,-0.2257708217774736,0.7928469761611161,0.6182767341565539,-1.8441667641573931,-1.0575882723486532
0.7978476434777229,-1.3392583302154848,-1.0451614250866337,0.3140977367140017,0.9416172906643211,0.8159827925527451,-1.6416105802328704,-0.3024245203436858,-0.4112153353483319,-0.6314167757960268
-1.6059105969102674,1.3368594785168593,-0.14512844633953498,-1.0072485199519072,0.3279295937553877,-0.20066186091093413,0.8076883044116085,-0.522220484882666,-0.46576303159153015,-0.0032119882388988164
0.6610700006591832,-1.007187855112821,-1.4258758883243696,0.48571812659509883,0.2573436115845052,0.027646806721929592,0.0601839082554007,0.008092313491667084,1.3276543877780351,0.18779096439297027
-0.21592450448093847,-1.0575255561620496,-0.40488257781158826,0.5348544667382398,0.7218435797772218,-1.4818150990941406,0.8670584441162499,-0.1400598929535924,2.3337519804213493,1.1976415293687048
-0.20434712728364193,-1.19165166792721,-1.0571484082378995,-0.5625895581176312,1.7663992674694065,-0.3412334166463262,0.18312279893730296,-0.17827092167631955,-0.2316949135814906,-0.455405653674666
1.424661114261052,,-1.4652352378513247,-1.692268720940948,,,-0.9603150645045961,,1.0657193024415246,
-0.028590377630739017,0.5420489895305853,-0.2767701260123145,-0.43138592664050684,1.0413901855781833,-0.6882545870329795,-0.49253732470454686,1.6751429091380035,-0.8820041671464641,1.643667832412151
0.1546828023722943,-0.016936328231420446,0.49948580757149025,0.8171266087279394,1.3412339688309034,-0.2460570779375377,0.4235905137383113,-0.46835041435512464,-0.5688040115321693,0.09967189304413626
0.713391433959648,-0.9435488766641731,-1.6195677574283711,-1.0446542423697953,-0.5022583873111766,1.2636442848128124,-0.8660670865067377,0.4735262398640765,1.1110453401266815,-0.7935225848107923
1.3367531654778146,0.5531865394401735,,-0.41726378568207567,-0.8161332357551193,,,,,0.15055539439103272
-1.0893206662579697,0.34713546681197566,1.048533692000814,-0.2650723424888203,0.7105048999457961,-1.0487025200117446,1.5148696030089577,0.5816980129932283,0.6808076528530106,-0.684490122251751
0.6835035493262401,0.3912600705376496,0.7206579586120436,1.2789111198480454,-0.5078928985390386,1.2786792920489967,0.742791593027276,-1.1912522403500623,1.6356221432834555,-0.5422241727470593
0.19392217338911896,0.2372205191050403,-0.9631189236790265,0.8595103287382073,-0.44321713974482685,-1.2798248895552093,-0.8239006139997445,-1.8176095528972736,-1.337229622898482,0.985800012336355
-1.5358296931520166,0.33940600129785786,-0.5864424899419199,1.0768396142909427,-0.024811477743358828,-1.2080244478796087,0.5808467276011768,-0.38703543010077374,0.6655289975444848,0.3199394873548051
-1.0608594045782807,-0.13484949451467212,-0.5759493512493946,-0.2639952677660608,-0.14373282722964278,-1.5997299585964224,0.2920868381019715,-0.3371608506673498,-1.282729087639954,-1.1698576089856327
-1.7450228925309572,1.9426208157974898,-0.04085540618896372,0.3631103349100134,1.431668541944133,2.7226194121105376,-0.7183033225192089,-0.5294964273169104,-1.0143113655288165,-0.15930277819441105
-1.8159674048335441,1.3000777116028954,0.49334784271742055,-0.21357262306494262,-1.4680560993271041,1.433089649782276,-0.44733508928614524,1.731601679049638,-0.3045807800439199,0.06976469482278912
-1.2518453606515312,1.204089967072714,-1.6760721324267271,0.7739278646287665,1.3783450766007759,-1.665517097642258,0.9299582807987573,1.4379469133562215,0.4316744913752599,0.5871823229318756
0.3837813253291665,0.06703573909027612,-1.0246804593647934,-0.054401842052727634,-0.30302962074145173,1.8777153077265947,-0.06696859358293478,-0.03169452773072348,0.18906712692052233,0.45107613631130944
-0.7748630395958869,0.9510008004965216,-0.0805932442080649,0.734588598809036,-0.9025559762604013,-0.13603319007304296,1.4870779245592964,1.9902577982639444,0.6704073249936492,-1.117636157480365
-1.8408399027121478,0.6698026937773675,1.9825961966789707,-0.3862787100933052,-0.1876288645618329,0.27774523808357227,2.5189171671700996,0.19315384779019337,0.21034327497176228,-0.3686842582482612
0.11390184293730211,1.1387740857211714,-0.6385807745957285,0.9652214648856814,1.0084942399727028,-0.7827512899419817,0.8076980413344506,2.0658569820648847,-1.2114821516285206,-0.13874287756526588
0.26699039412951153,0.3957323996218057,-0.9411104449170306,-1.244081537621359,-0.7308466605752678,0.10689024349521276,-0.4620702751252923,0.8764329942451381,1.2157122018704367,-0.8530929494649447
0.3389763811879918,0.10531924565190559,2.5506985853904593,-0.4173789495612182,0.41621207535307486,2.0010896692626727,-1.9856325657216387,1.4837757514854197,-0.6108928080534144,-1.4467834531815027
0.32001061038110495,0.2097374663833011,0.624971627549315,0.7611746400944625,-0.09832822671450822,1.7665641129573633,1.4023643078170387,0.4607368348461056,0.3689153018045446,1.1952684179527397
0.05610580770397512,-1.2159946933313694,-0.091880919821763,-0.32377840946223035,0.15323153421212773,-1.1668673317791862,-1.0356090745010504,1.1678306023495888,0.09216057522141581,-0.2621395051326134
-0.4068771185906217,-0.13255456067390406,0.1931100949696297,-1.6288210486929202,-0.3733690058340419,0.22421335813391075,-0.12088496611495862,-1.714879060922878,0.05216785945320281,-0.007941605158136548
-0.6657333847281124,-0.8963918448108891,0.22864035944914982,0.1387677524291889,0.4941117702369021,2.1113294392857154,0.6056665255003367,-0.6940430541424191,1.2882434765843946,-0.2211061885726506
-0.21730125262609704,-0.8708500982508706,0.6052294035959562,-0.26751402925542095,0.9178367590725398,0.6269021405191405,-0.801335586494244,-0.909959852434495,0.2894710532686045,1.2871238408503258
1.1042912302541479,1.5682689406297927,,,1.190606770895814,2.0647029591184523,0.4691672242614795,,1.2248546252691486,
1.1544334451058176,,,,,,,0.11763441925683643,0.29520177945198206,3.161109249394572
-0.9111753191274049,-1.1892819011394016,-0.8632909943419541,2.2088626409032326,0.8003496621334445,-0.4789913324450508,2.3083099046974764,-1.0588435512679455,-0.5145123452908213,-1.1027032193965987
0.14792513250121184,0.5449155743809755,0.22166400272855027,1.2707508017456417,-0.326087444994972,-0.21254421909800067,0.3752939433935458,1.909497746585779,0.5350212307847402,-0.21663088190550958
0.8735079174450625,-0.1425973441986291,,-0.10692364526918084,,-0.5818765947097578,,0.3680869647399281,,0.09726134166654879
-0.22720752803027455,0.10701405187524211,-0.3144353355369463,0.3144842729039692,-0.9945657300598965,0.749904236698498,-0.01724474599566732,-1.2256579898344748,-0.23591690150991795,-0.338288589505554
1.0576379169999452,,-0.7372066160176844,,,,0.5107736325817768,,-0.1283250533340213,0.12923486218327102
1.618461620929937,,,,0.6819407956978559,,0.7894599364041199,2.186810780693664,-1.1635795586845845,
0.03191667616756179,-1.2404972433803774,-1.0720353932216324,-0.21448489349505223,-0.32153194202922264,-0.4718782990556468,-1.7515958343097964,-1.0783977926814834,-0.5293358376315246,-0.2071239413741517
0.3247591633502797,-0.23004309457703892,-0.637563596179618,0.38569553102743676,0.2857405942760367,-0.9004019821181258,1.9905686360659827,-2.2527617449462354,0.6911394823885545,0.9360798453517356
1.065651071204491,,-1.3411608307967398,,,-1.0461669852613436,,,-1.2338546362849316,-0.8650096236392217
-1.9258009291363645,0.132269761213332,-0.4235778380983926,-0.23339771708362744,0.29651327060164734,-0.11355578959907814,-0.6387606111692183,0.46854033961143,-0.26149023040084096,-0.798864961728578
-0.1341895992878051,1.2798472846965834,-0.5610814697321378,0.6618276561142193,-0.9790072144751849,0.031988619256798835,0.2822263391637683,-0.8601568121446672,-0.3458647886841443,-0.9385748239214702
-0.8464386803735329,-0.009189883440459668,1.612373155489206,0.42137141890747953,0.03845060018326812,1.4257930697157097,-1.3008941336717472,1.3572013928849131,-0.3591512088296087,0.2974726206816823
0.6961795285330663,0.5026997943424726,-0.33970027216575177,0.8544725431456295,-0.38380156031488377,-0.3889046431530317,-0.025034474367468314,0.5292312570494783,-0.9711424706259092,-0.8593412072381139
-1.7016797619379807,-0.2537358799235801,1.0826141154206788,3.242430271102912,0.27335290312808724,1.6723311032109949,0.0635282233819504,0.1363332955203202,-0.09510865784487928,-0.014122435707522571
-0.008546037767862887,-0.296312503856241,1.8025167506237825,0.5814447007193072,-0.6819723853787374,0.6704326415560261,1.02846864896406,-1.2013557597614537,1.0682860549555984,0.9340910189854874
0.4061334814858831,1.6149353735805023,1.0392255231741063,-0.3729016098534206,0.1793224824691858,1.4553633538895978,-0.42272828328515977,-0.3458789601002105,0.33727128969441617,-0.16594954040823257
2.5310970235815056,,2.2464663103229903,,,-1.9325250984870768,,,,1.225567992096205
-1.0580576544643285,-0.6749854704836181,-0.4394807084620935,0.18203926755773425,-0.02556816618937676,0.7841731903650473,0.6139149117614608,-1.5373383883004121,1.5695675651172354,-1.1128695841225684
-0.9802946059377611,1.7876220696700134,-0.05401092542336169,1.152528810965716,0.735199902745909,0.4680055431801435,-0.6932124404105341,-0.19101466515706886,1.6857766899633384,-0.6833873510144582
0.0745557082414021,0.5213929310662502,-0.39134753482770945,-0.6894135166922928,-0.1767159505394481,-0.19807544178668826,-1.4992602325425846,0.27744140143593754,1.3298236882972723,-3.347152641938332
0.1840022377319,-3.001813730746372,1.4771269579940118,-0.5909837340593918,0.010772238424477266,-1.0116220412409078,1.9761979143034498,2.0836273170629447,-1.111582548996916,-1.227720535754499
0.8381358984550608,0.8614671224497299,-0.3882527505676646,-1.0571172523048795,1.5018402405853137,-0.270363998307272,-0.3285419626405855,0.11869443869352644,-1.4825035273762657,-0.6337433254532283
-1.0135155452399034,-1.9906639720116948,-0.8674801245528936,-0.06392873280100479,-0.8085850631988627,-0.15410754747000466,-1.0809298709434805,0.5966891831535267,0.9723113052514712,0.6475205413994521
0.14411426254768378,0.8053705370440748,-0.6292681114051267,-0.8067685081719833,-0.08443735670456126,-0.5568073853731981,1.3600543071944395,2.01266918541826,2.62512715301222,0.9186437550780466
0.3586083102768568,-1.9660452686485754,-0.42027290141233853,-0.7415655113260375,-0.6681995994131781,1.3516225279951013,1.4500150755717744,-0.4232446184330798,-0.614632163427533,-0.22097561339068203
-1.8304061986074172,1.2878645611953694,0.8271635049832159,-1.2368720681028063,-1.2176153043438702,1.6627093104454393,0.8469374221998158,1.8563852144992894,-0.7492698966526699,1.8269441268723323
-0.9143378962798986,0.19393154729275144,-1.6969293534078191,-0.46541653268524363,0.23315108481581484,-0.36420120557407226,0.6821891921492763,-0.7625765818569131,0.05195129344562406,-0.2816674033471064
-0.2939333528411925,0.8555193053029657,-0.649118085352177,-0.1354572805406983,-0.4372533227021624,1.6446768775701561,-0.0012309346469461368,0.006961355680257534,-0.24887772340638614,0.4557794520527491
-0.3979208060938922,-0.4429019003298956,-0.44206435729572785,0.07526107848222262,1.0922606588941697,-0.311551365779584,-1.3032810898046308,-1.482113889953078,2.908438896872377,-0.8178761539545747
1.9036079605865235,,,-0.07762394958573289,0.6280211843878934,-0.22381398492225285,-0.6011536420563546,-1.5589493620194457,,0.4038414978361791
-1.5444161724469665,-0.43663467526849087,0.2663613188646671,1.195674993555396,-1.1099503475793797,2.038519814723985,0.45938483816807807,-1.167652195601237,0.14799075763599398,-0.7230804045439485
-1.5661955676514236,-0.16102925209886898,-0.1341096651112127,0.2792283410632868,-0.9487799518678511,-0.8779268106130206,0.9411427400994711,0.7614001283108889,-1.245045165195859,-1.670998183118513
-1.1206680330872139,1.1185682668209616,-2.889510247559621,-0.5850179804613976,0.9236790114591976,0.19304007470397969,-0.1518122263537925,0.9216249947390335,-0.22284351707197816,-0.5457996253666145
0.7511806348931614,1.9149576329265308,-2.2774796761213647,-0.7849480107470662,-0.3073859793030668,-0.5640631894378865,0.06049437731700558,-0.021626690375124505,-1.2215235240023476,0.5721011905198787
-0.12154775077473222,1.2501693885835212,1.0675347876115107,-0.21268714012947232,0.5305856817769883,-2.2952934052081835,-2.1278504250004877,1.091508799319611,-0.13769825317133033,1.2693713587210325
1.0971946880892585,,,,,,0.9938624326919346,,,-0.7788968265046231
0.7733326523415203,-0.7875775768159956,-0.6085810760593118,-0.7333744197020988,-0.7434462409194352,0.6791416983193064,0.2270222733240325,-0.5630225731034337,-1.0532489024351592,-0.018407995058850043
-0.269480082733757,0.77777483662503,-0.7263481513439377,0.42975210653646373,-0.2560051061381125,0.2884307460361467,1.624161649167989,-0.262687399335882,2.173306054216549,-0.2153203192419621
-1.0422111046028697,1.5667828842084546,1.814216833207846,-0.9366176971528243,-0.7893404056016865,0.8184416746131175,0.5723948043571825,-0.8097072392959744,-0.8950761332889755,0.2850464276581811
-0.1358847210832411,0.5774346916596582,0.5737651205124417,0.9141304431798096,-2.0435990553047643,1.8642067249342744,0.5183925855243537,-0.4328434547946713,-0.10602648112330228,0.6488181513227116
0.23502440905328809,0.24908191053807133,-0.09230913007221195,1.6684003832792706,0.3399959970727395,1.1381094715576223,2.1827039226284013,0.963004209746469,0.3009496564233024,-1.8400860182829073
-0.4094503210172245,2.120881750300802,0.33076067771814566,-1.3335496322061864,-0.21325244866314017,-1.1796920794087757,-0.4575840049828494,-0.4027139867535355,-0.5859248849243612,0.07741595971602826
-2.042687395934011,0.6616766364528707,1.4332183024128096,-1.840387182402058,1.0630378146309956,0.6551751934329813,0.3649771434321833,0.048179596475713814,0.2253482712112937,0.8664655005074228
0.21874396842925586,2.6917815286689573,-0.6339758903762782,1.6453506378358373,-0.12796014312192763,-0.3953400291655959,1.0078301736708837,-0.3069857108046801,1.7405891988234918,-0.7469346297890429
1.269684474572595,,-0.16408981802865036,-0.9822685649862647,-0.9861281616602191,,,0.045719698456377536,,
-1.0979009671621336,0.35542731464569444,0.613650631174021,-1.7482775260056274,-0.595254063615159,-0.813759621544661,-1.2546891901043506,0.14495190983465447,0.2750838082992663,1.3133138271294733
0.806829358847757,-0.3051415979204634,-0.3031168569687495,1.772516800290584,0.5064781002643658,1.149463498164246,-1.4121706498790572,-1.58442884356181,-0.4141290360606535,0.9774133365037488
1.5917109790097825,-0.7631305036777627,,,-1.1634328380040129,,,,,
-0.4570333897594002,0.36635869584001385,0.2420557392681481,0.6168324561475523,-1.0126099386783505,-1.35593044341293,0.09984092476879464,-0.9072856128900155,-0.7293101610061363,-0.8019754323445152
-0.8033521737075928,-1.4522453174929837,-1.0693080922410263,-0.36660755660659256,1.1327744854277904,2.0306688591132023,0.9248697438393398,0.24118994677513203,1.0218134909969216,-0.1560790555082378
0.25637282556135527,0.7182971725408426,0.5419147139436458,0.957197525128782,0.6784088292783039,-0.7340445764144368,0.6428331559219392,-0.7486641385024329,0.7319007428063954,-0.40957951279553095
-1.291668681660295,-1.4000210915894282,2.158564629214675,-1.0501951232436941,0.9474369556660002,0.6755217450596714,0.9216160710819047,-1.0076633513477111,-0.41926431790509316,-0.9735140403248153
0.9843886194847145,,,,,-0.20928508604577603,,0.48122287824261006,,
-0.1632971708634963,-0.26730215447808564,-0.13546512042625042,0.9737747417501914,8.855046647565578e-05,-1.14032588551244,0.06807304532975823,-0.2505130411751436,-0.0016959991518941152,-0.0852361066396483
0.3450931648743902,-1.3986334370811766,-1.3630221222185537,-0.09920936648946735,-0.2707721427473932,-0.9665665725196176,-2.051960951034739,0.24013427310134416,-0.4606182743684923,0.32262159819823233
0.2605853554548272,0.7043929445008631,-1.0728724118907955,0.015577097606368552,2.0796419186516313,0.23822385914633423,1.4862958039651466,0.6953297732336203,-0.8941921951145534,2.40204638532817
1.3847047229389573,,,,,,-0.6999257865597559,-0.7915567999876014,,
-0.3075652108246696,-0.7786529290185723,0.6693043544816911,-0.12377627081544623,0.1802310242475804,0.6066051282971114,0.17397252776112235,-1.3558692711616063,0.8544088216360625,1.0356967202683378
2.1069658007665195,,,,1.066907024751413,,-0.9166246834934495,,,
0.7533118923215278,-0.8390571929612793,-1.9800650142670972,0.12462851878942272,0.8130860693107009,0.6324880680826521,-0.9852825917833398,-0.5998118094848436,0.41358913302237627,0.9073481652273153
0.4377696730814317,0.87468501324657,-0.16552406672043743,0.4004999052746869,0.21852493200095977,-1.0985289155266513,-1.7637914575377207,-0.8579024918584649,-0.7356989504588013,1.3319843120899517
-0.11781626671050087,-0.841049356630632,-0.19445338038086643,0.20363976101212874,-0.4405276177066677,-0.5829227580943476,-0.4023350056984332,0.20815637277033233,-0.17863147669051177,-0.4730337162057283
-0.7692911311541838,0.32775157268435484,-0.39264134837621684,0.5640907002092723,1.5684508545165243,-1.1208755118054705,-0.24745692387770807,-1.6013557846845572,-0.24321501685238675,1.8870011307854642
0.5925902761175227,-0.6692206050443577,0.4595184662990307,-1.1300283449051707,-1.1303850968442328,0.654597466042464,-0.31254664577706376,-0.22324724154986494,-0.049357743045812516,-0.2560301883321804
1.3048041891629552,-1.459267144696454,,0.22618479886296375,-1.167353833916705,,,,0.8181993456283091,
2.054894330824761,0.6798463029453383,,-0.38759947757810914,0.010627579993766647,,,-0.5646155826803171,-0.33139669979285685,0.17176127431068128
0.6879761361139091,0.49678876457027726,-1.0768649864667403,0.7701543749638363,0.7637221128032811,0.07261472198449725,-0.6267130392653446,0.28670510859912324,-0.2795796593568572,-0.04675786478972406
0.02061680758469827,-0.8733217982583216,0.03822333412519913,1.0707619440328806,0.6792285386321202,-0.19159680449622637,-0.24284064840774838,1.7588264696270393,-0.8681059232271487,0.647461977774555
1.2206494171564104,-1.09803293628103,-0.16562422054575435,1.111714747263839,-0.725626616947999,,,,,
-1.6314344894656694,-0.03575833415356407,0.5341327663854709,-0.48671228313434817,-0.30557475872893686,0.7428519481633393,1.226774253385971,0.5201103260682297,0.9485408002743762,-0.02861639513531115
-0.6242098353178172,-1.487481265101106,-1.377289909777316,-0.12491563462061753,1.2996575312695353,-0.9404452208949688,3.07486904410265,-0.174502254264503,-1.0026767806940025,-0.5500917090202843
-0.07192953291714936,1.3667054737947095,0.11607711435341785,-1.2425866361000062,1.7595034570300798,-0.6143876113880513,-0.8118017708568306,0.4689109416533404,0.9958752193973939,0.9659715426629292
-1.747634467003969,1.627328013705748,-1.048642774082754,0.6342085078116025,0.46061149401434853,0.6017294733834605,-0.21636790048627016,1.1555941227619595,0.03258244346051288,1.401934150828793
-1.1231253294128958,1.7872048250896189,-1.7325081752491713,1.7213202323210115,-0.4982908089235141,0.4325972816035023,-0.43779035049606674,-0.9037721490714954,-0.4178145941748483,0.8223659716863401
0.41396959773200087,1.2754465521118756,0.5723760814679343,0.3960099137625172,1.7077215196499915,0.5064252839044028,-0.9527869466744741,-1.202374841449712,1.8828131328233193,-0.061501016336805915
0.08663948756455345,-0.5604656720141943,-1.5395146663569252,1.9963215516851798,-1.2139854319859633,-0.9607577403714407,-0.292000181199106,-0.4433464663770947,-0.556398842646738,0.7164028526261353
1.145270179768904,-0.019970309776140685,,,,,-0.34008825111534324,1.0018026936050723,,1.072904671334236
-0.018199336591809667,-0.43925051192612097,1.7980997846013058,0.8436960078805968,-1.6587867765300504,1.0087166523197526,0.6341985266742006,-1.2352503434074114,-0.03323352928421755,0.8474256666118811
-1.790021317964686,0.8249603900654315,-0.34518546059590477,-0.13616152486089694,1.1794960724642602,-0.7236175137239323,-1.06208024293736,0.7494250023277197,0.14169891023611117,-0.40639836956013836
-1.3199807819282996,-0.369254988539556,-0.5647232241041296,-0.2211634993858767,-1.5719738194302366,-0.6765659694839704,0.4199269617745573,-0.07181816337069474,-0.18619872929916007,-0.9468498835861944
-0.9145292985652753,-0.27591859908394417,-0.026253246651877983,-0.8359559319324439,0.18502964936140237,0.18195561503841332,-1.0286057899595582,1.2242924685967103,-0.822802656664168,-0.8954231716454006
-0.6298595223862006,-1.3488257150445695,-1.7414236011113193,1.066778758557489,0.9146647767236341,-0.8703217472367059,0.6461293317318061,-0.6376109807573547,-1.0128377432724183,-0.24686363380319953
-0.25670758772988655,0.9908802323462514,-2.3695264804720857,-0.28439294192736714,2.259707684934208,-2.2363965570997024,-0.5654933810479501,-0.31301266267898054,0.14946562644739583,0.735858130005495
0.14305494613905229,1.582180769510383,-0.3746115848414419,1.0546351850355316,-0.14969064313096148,0.7813781703261268,-0.6406145614379091,-0.8932357907033486,-1.3138965340688424,-0.2553720518664415
-0.707017694094295,0.33646541077155945,0.6779393131103805,1.0308552162155844,0.8226044368421457,1.0942149036597215,0.6841576501303918,-1.1268104433350525,0.279479602661488,-0.7248399253084662
-0.14220773209539672,-0.047563938796130696,-2.4889870344779808,-1.0411955578777867,-0.5004278529909301,-2.7944128591443467,1.3087671017560918,0.12188512511084384,0.1161425475529339,1.0222071239428316
0.7132414252726393,0.715777179203063,1.025460828085181,0.3014535877997871,0.32504795782263524,0.44833933874870696,-1.3196106698231842,-2.1110548835497447,-2.062519927036571,0.7012286860326351
-0.5297675705381745,-0.2729246969238826,0.15911427321908025,1.4202289033295354,0.6608853173090419,0.20156591691563866,0.4144964232115354,2.239449946370887,-0.9915442443254175,1.3910823620827069
0.022532698766836157,-0.07850753651985365,0.62624898675528,-1.8411252835425573,-1.0678404924595284,0.39220261902397136,0.45822151557370505,0.5713657571976167,0.7131666033518245,2.0079609472975934
-0.6441779578147477,0.3900261079516347,0.7482179528746442,0.3737808094225547,-0.10849501105691416,-0.7774271119595899,-0.20765201258981453,1.2973898559206865,2.19359054996724,-1.7415094068757655
0.01889031567140223,-1.7812456892906847,-0.7276359111038493,0.23698651260460576,-1.187785084380087,-0.44869703022225327,-0.6018483319769647,0.193463980773517,-0.42236378805138963,1.170874979506308
-0.06534453921688549,-0.8779340068722972,-1.5740027178337874,-0.8637564441669031,-0.2093500262113621,0.49349688051766305,0.7053770901971054,0.9042173330628778,0.5500282587465484,0.9585158782967655
-0.3514418984967621,-0.1934461709050761,-0.6150227867409688,-0.8098112380143071,1.3606286857526957,-0.19396655775030539,-1.1458440725739907,-0.8673727481253437,2.0902980644452884,0.24316445866838568
0.4568544260281623,-0.5424543184956637,-2.2347135821027284,-1.2767147001377586,-0.6627943528451569,-0.6346941329669056,-0.020909323174403395,0.8227487368836744,0.01060478579731163,0.4086341995176365
0.8970736262030077,1.4301364059476205,-0.9457751645567243,0.3939595596241916,,,,,-0.1911744333780311,0.21598537459739073
1.03895981905512,,,,,-0.12350227304416805,,-0.8190411903909441,,
0.045967349450146446,-1.3380499329628996,-0.08241551082166729,-1.6924748427503016,0.10467323890427105,-1.2831712094458965,1.2880606201041949,1.8990007037993104,-0.6815248943940659,-1.5987375141184474
-0.48462093401219636,-1.6849972555532893,-0.3818809269809779,-0.9193594797329684,1.1106929609137561,-2.107365809282865,-1.342920183526906,0.8429802047693697,-0.6317024202352894,1.4949662695471828
0.014342131274217957,0.20500036287975132,0.2971494672259586,0.3827645781069203,-0.2218365658530723,-0.17599971285430457,1.2060001335161696,-0.7526206660863817,0.16006507495044695,-0.41591855115085574
0.6341114155400429,1.2722759378953024,-0.5333862035414486,-0.9913577573461652,-0.7574122406610845,0.9147833489603477,0.24518942955266548,-0.08035202374082326,-0.195756491678929,-0.711734115935277
0.8555699105325607,0.17215089685273197,1.7785589826210428,-0.03268406586001599,0.25691863043080254,-0.46594427657417437,-0.6484480731102086,-0.07130825862512476,1.191128332929754,-0.47089367801207666
-0.4881383739612696,-1.4298744829216457,2.475710800276267,-0.5977862220592303,-1.431826958862051,0.17473522193516447,0.24468337428141185,0.7873806260160446,0.18834271443652115,-1.7573636805776898
-0.7623076926367359,1.0633395212335588,0.9264496912067555,0.4253567681078813,1.4712232087971673,-0.23698261841361082,1.1564056895141555,-0.43887609682209533,1.7322905516199825,-0.5130681488850867
-1.1678017576903519,-1.2084740205181865,1.3870576601711115,1.4990466792911448,-0.9402774217495191,-0.6818028803811943,-2.398764926954634,-1.2420579538899537,-0.27898671780211887,-0.28724466894074885
-2.103507615657907,-1.4740145848385737,1.8500672628157386,1.1440752547790471,0.13292643842930324,0.16297480161386194,0.00324865846496909,-0.1255574816226814,0.012624100455442086,-1.5714561240069473
-0.2578124961491067,-2.022744036092762,-0.20789474947946598,0.4175473557238281,-0.566043995263378,0.2512713811795808,-0.10729059123578852,0.4431649416724636,0.3538818342963221,-0.8547542961591982
-1.4272901833545961,-1.353151678546396,-0.9178037198513201,0.805374206470402,0.7217864705597593,-0.4747967977098094,-0.29556445832228934,-1.3370893052509782,-1.2727139336401616,0.4125563612153137
-0.4333179494154787,-0.33696493970068925,0.6654835124201197,0.439998918508482,-0.23234566956177627,1.1884470592276604,-0.5341640559801809,-0.9626421791651866,-1.2652425578074014,1.1995914829995817
-0.632739859523182,0.013815351093822795,1.873385131885397,-0.793839049512345,0.11444982435475577,0.10843928700236698,0.047386673354143524,0.9177265976755044,0.3816763124884308,0.18773069282087612
1.6783061448593373,,-1.1863557438153383,-0.06522244527984127,,,,,,-0.6006221808448794
1.640368225163336,-0.4161127697638919,,-1.5298719693967209,,1.9246319336320612,1.8860121427042589,,-0.5396856900749655,0.02181076099183454
1.426523781284433,0.20483818120091396,,,,0.861186723381161,,0.15685442698496285,,
0.519226683376446,0.5599262850025597,0.364503476715686,-1.5193742711150224,0.5588103092238718,-1.2654031877153962,-1.0078150533993855,1.126359696419988,-0.3862694856552862,-1.371249302319061
-0.620426338642556,0.7454580043448337,-0.4721378436393273,1.1126202897656077,0.9100277651074645,1.003575390205567,0.6525418452765843,-1.270984487636968,-0.2604376222527301,0.4380210674037893
-0.8010971759915387,0.5111068579144292,1.0665706882211097,-1.126055588342696,-1.8078319023954874,0.09680147258672311,2.441780031066982,-0.051949484626391644,-1.2722175291483229,0.5576743259282299
0.32942336661479427,0.5754782661762375,2.1882180251934753,-1.2125094105553917,0.7557691552970475,-0.019180109149959438,0.42079369262554217,-0.672677405324913,-1.3946289014616542,1.6569297159471754
1.7992533252494296,,,,,,-0.6802885441582747,0.421417423256382,,-1.8151980028080197
2.3515163041477556,-0.29727556061983085,0.8219421752683481,-0.27289657739047163,0.24073761573126654,0.05711005244209423,,,0.7230730303682197,
-0.015313903413741977,-2.0385125403010846,0.5146065117919654,-0.4562151121147916,-0.6144124526095599,-0.8305947755215838,0.08311883591416304,-0.10865472700832635,-0.40027044187251815,1.350469989972132
0.037018694835027406,-1.458633752664139,-0.6352241753428117,0.2142464724187863,0.6707457568704737,-0.9926432325233537,-0.9911540144369393,0.48791754775145474,0.07769766161580424,0.36997816244247445
-0.6809878775533359,0.8312406609353855,0.7727835207829172,0.6286115640730799,-0.4611571608832473,-0.4795976982472643,-0.18490542568876472,-1.7668573709831714,-0.4119214776160328,0.8627688567388828
-0.8483994791754988,1.7963922913996955,-1.2807444989553813,-0.9731099126511263,-0.7156771092959976,0.546856653212334,-0.37615069192046535,-1.254336611091645,0.5034524123943637,0.23258791619882027
-0.7967299795829668,1.701501516890935,0.7029397186432514,0.5453352082212114,-0.6247614246319045,-1.053520971446561,1.4171772166483687,-0.9141823792194613,0.500583120036183,0.9057064093468548
-1.4270810551092423,-0.23207394244084237,-0.9945290526827989,0.3465783110498569,-0.8443167695347403,-0.9084432313447348,-1.342756925051955,-0.09751184148844827,-1.7134204034415228,1.4633032199268006
-0.2351531510360156,0.7930103786313923,-0.10939216832112329,0.2787463741936379,-1.3287756292843524,0.505766767347995,-1.2266543491453732,1.326386525273412,-0.5511054132149251,0.6534190597226367
-1.2688039560631397,0.7063193373018866,-1.72478165449955,-1.6419666662035635,0.9988805286820515,0.9004874410083534,-0.4938527658540858,-0.40685755305267407,-0.17605037704087462,0.2444670705430555
0.9502505619860571,-0.37730028774811525,-1.5998454107512217,,,,,,,
1.1366775035458856,-0.8164810002402256,,-0.38745186359736405,-0.8499412814870105,,,,-0.21951035340144828,
-0.4523514604101066,-0.18673992962159355,0.5471476059246168,-0.5091549299672022,-1.3450578291063078,0.4591909558334155,-0.6542460002963696,0.29455681880200524,1.0514225659952883,-0.10433552902098048
-0.9318602640306789,-0.2789602190527798,-0.830647276906702,-0.8743321430536367,-0.44187644432502116,-1.2874377671081307,-1.1388196467580092,0.6117759240932708,0.07477283270184046,0.2391709345897767
0.6484069215889199,-1.899769225623144,-0.38426064108782443,1.4316188811916113,1.6263941746350126,-0.7581202115351946,-0.9623983485603225,-2.1324179489763786,-0.49820059690699303,0.4896176665644827
0.811027063971433,-1.3962842354933778,-0.2825679379290114,-0.6218942955024499,-1.1692023667723137,-0.7073317646036061,0.7465715315078812,0.3845682875484098,0.2616383749327207,1.2396373952455286
-0.20918805819478367,-0.2423518977504968,0.3336797424457177,-1.0985905792389625,0.7328780464148837,0.5140708046073674,0.27738017783459706,-0.8015373941945406,0.5841283063814345,1.6211686525736335
0.4343761247059582,-0.6561531478822853,1.6776322934284122,0.3477262884308662,1.6408986242175678,-1.0534879478857437,-0.7635175156066175,0.7122088335712488,-2.7183927238897403,1.815919560251924
1.2026335457135144,-0.7619579679374828,,,-0.2996416105528183,,0.963836496918477,,0.22151182731345676,
0.46059821766360326,0.9332765117793083,1.7019662793342778,-0.1912275316298131,-0.5639827781846364,-1.0926192069810714,0.06153759605895639,0.8025103944512454,1.924559489125426,0.4716642212128616
1.303745533201837,,0.6886084025324923,-0.5633763562607589,,,1.0697048299461578,2.106336024364173,,-0.4431946331498867
3.868101742518964,,1.5056656190881332,,,,0.08500140016821217,,-1.0939302876805568,
-1.1569571034521795,-1.3414920386714801,-0.7867121658358984,-0.2953907039749354,-0.22911491886121035,-0.14100950493340592,1.7968414298410786,-0.1382903682547473,-1.859239489191569,-0.3642490079120076
-0.28697503156582543,-2.3067922933639955,-0.06034440867554313,-0.6082537953534272,-0.15491971914087246,0.14996583972492797,-0.22194268530172823,-0.20424590821892294,-0.6100479491593616,0.46778353347323515
-0.49838019578725773,0.5396793259879559,-1.1952860209716445,-0.5181909987640094,0.38370366926600613,-1.2212587124789611,-0.6553165309219251,0.4536958499588251,-0.8541698247198249,1.111275661605308
-0.07445361680466957,-0.3932809854960708,0.49699342164707966,-0.017957941787868817,-0.051968955891068445,-0.2755585596229476,-0.23462189525629112,-1.132691622849007,0.5607950478340197,-0.6871737684933639
0.8981481327856318,,1.0841845351587531,,,-0.49430239310613805,,,-0.8701940206519402,-0.4446392834103821
0.5560091210564463,0.5554651042060391,0.4502222536272641,0.14922963955829738,1.975464016484922,-0.8991948104251303,-0.2073756804570894,-2.53440798766107,0.3304455854392168,-0.9640491063090207
-0.12371898957318889,-0.8086512166780886,-0.2446873835333825,0.06136080758238218,-0.787284477737602,0.22781362109222467,-0.5074849899660938,-0.7304397500053732,0.5593275648475288,0.13441031602469883
-1.8123494968536655,-0.4077037085578406,-1.059645658087507,1.2349951072224385,-0.8136619477610824,-0.7073806793641145,-0.03749505097064186,0.41162433868204196,-0.7533122972215792,0.07325233525554946
0.18543380172672277,-1.7038964445271976,0.37792704707124614,-0.5786762700495917,-1.216235252288263,1.6938045162207185,-0.9340217244336562,0.6658900151915101,0.38472727845733656,-1.7102436939051877
-0.8170145573920885,-1.1612484735622135,0.8093884478590306,0.6945475086496903,1.4864761813569265,-1.0440461785493278,2.2439160885057072,0.8390256704051255,1.5547236383513616,0.07240898404346503
-0.34790837969388827,-0.9084756878324521,1.178467295783572,-0.19380728071184344,-0.18194633457812895,1.0517316414537676,0.7483734312514058,-0.26194192752015816,0.08311592551864563,0.22911446454416073
0.015226507808982555,1.118107633229062,0.4724373621838673,-0.35754774158279823,1.2358311902485546,-0.6532363691935014,-0.14225392199954714,-0.27079757190485715,-0.4319396819825062,-0.350062710614699
0.9158160038937543,0.029798158584506216,1.6720509822187,,-0.6228034109304483,,,,-0.8319819498968181,
0.126383516601731,-0.8357076553887995,1.6267958659716795,-0.1280961709249365,0.7812986750355768,-0.8997435549351392,-0.4150219782328865,0.2785153452689857,0.39283001179544347,0.8593847959333227
-1.3244493721676491,2.6035930695403233,1.5761604217201997,0.20206129239410128,0.32228319668527344,0.1937681079441317,-0.9783428755869636,-1.3819935094832239,-1.1663832546610038,-1.2927748959224106
1.6655587093987356,,,,-0.14096732062980719,-0.25429096655348277,-0.5954726008035967,,,1.384572572423132
0.21614772782478914,1.4028954335960397,0.0802855607321515,-0.2814594778918575,-1.4833527153178339,0.730317945508201,1.522843169733078,0.9840247099848355,-0.4364774279575182,0.787867362055655
-1.0699422630386357,-1.0206905920851543,-0.7002818497740712,-0.6863125206539699,0.5819922474932281,0.820562935534464,-0.4166314879656938,1.5869134500563626,-0.5146954357531988,1.1650991662712762
-0.36889106469407756,0.010919947381538734,0.06734390079144043,0.8365921579206553,-0.2023443443960579,-1.6797705848101971,0.7676389669740703,-0.007179205406729408,1.7404628902210422,-1.2952226641377333
-0.20783714280664436,-1.612043837585948,0.10093795723561769,0.10229369082248796,1.4019617481626154,0.4840284513543732,-0.5091924137783029,0.08821547614557257,0.9812937193458274,-1.7595117407350742
0.5405289741224462,-0.7158563823152244,-0.36505400924772363,0.017161322432800614,-1.5178959776283478,-1.507571104335926,0.651505763280529,-0.4249817860258907,-0.038507152763054206,0.2254452143075548
-1.2433865828227004,-0.7443546122623046,-0.8962050106200309,-2.327187155258384,-0.19808994188342055,-0.16441208948514122,0.47453009665780144,0.35184193698730554,-1.7349496235195303,-1.7130270425798035
-0.6215902668724351,0.2083037123186762,-0.5184835171741403,-0.7818989995393082,1.3161120998645222,0.5738680646496055,0.7062788696150694,0.3467496091132715,-1.1077996468296691,0.7315426370405104
2.5218121633011017,,,,-0.7571561727970817,,,-1.0336765268220465,,
0.8644846512706427,,0.9791616145345041,-0.4914211179460063,,,,,,
0.45290532499048136,-1.1043379807648486,0.57100154597376,0.5184802783144723,-0.6761648771089016,0.2649492030736084,-0.6148715093142738,0.586714630178754,-0.8871631305525021,1.3232818738328065
1.2704827644195953,0.8173379166314884,,1.4281732216845948,0.9370888907608415,1.5629232530942365,,-0.5530449985095222,,-0.10918138175309515
0.921833312838104,,,,,,,,,
0.08791976689593511,1.960227423805289,0.7944083831433985,-0.5894426651230008,0.02204569044315408,-0.5378851621338009,0.8848880237169493,0.5624604724012562,-0.5424336333956328,0.38531178507549807
0.4538453425247922,0.05447873746737095,0.3915945102349933,0.5777314663790172,2.1301145654938574,1.1981372607507061,-0.9616783664564926,0.2511566547052932,2.1282977530715037,0.364664015738173
1.8447489693468664,,,,,-1.3039014540389395,,,,
-0.7878716192453838,-0.02279128394931545,-2.492213366077533,-0.185234450192844,0.8422206560178025,-0.4213014161670793,-1.7767542562934604,-0.05785628557457159,-0.20181638288779138,1.5685726414659227
0.441609441490879,-0.230593243985227,-1.2021230419253712,-0.04479867041128256,1.9367135808673706,0.380031394732404,0.6572824477428342,-2.473687201133919,0.9170405175224581,0.09374729059735706
0.02330455446253051,0.17303688323001173,0.20095701761044107,-0.2582835010853026,-0.4948043465989106,-1.4029963384250623,-0.3695935851251356,1.1120703313277267,-0.5583140862418302,0.7964259866873564
-1.0711776162746203,-1.3546736837327849,-0.42918124896802173,0.924989895845403,-1.4699392146275683,1.7745629084190488,2.1375949642609338,0.7074894387700923,-0.5363396083621385,-0.47463919814021194
-0.6885358288594857,-0.6898670007298651,-0.21828988136800453,-1.827824572542354,0.349202747185084,-1.1318149075435835,-0.8606978856693449,-0.7611671358486537,0.36176584968282544,1.105402254032516
-1.0159362457970607,1.2038361314127892,-1.124286408284701,-0.7282465439116413,0.8968073933866623,-1.6616989401046534,-0.5518356732020473,-0.9281466913368807,-0.4582319004880838,-0.6864335380601809
-1.7411892698141513,0.6073580974374162,0.3464725138037798,0.8948859044408101,-0.4084783579840315,-0.0939380917966702,0.8926706440414358,0.22417561633485372,0.9058019046348045,0.8334338139084095
0.04458732148700582,0.0952766265226808,-0.06784932819315712,0.09645537420290907,-0.5466932151251082,0.34066282042045987,0.18377645499115877,-0.6031320221001938,0.38673801742970243,1.232829525469651
0.008240747141807529,0.0692983225369604,0.1841946735972803,-1.9055717968146366,-0.3640202625047537,2.3152939358635036,0.042666541030354735,-0.8975020764544229,-0.03819432329989373,-0.5641385355470049
0.16917589665649999,0.18326295622307107,-0.06282349397457616,0.8918028673360034,-1.210641623669094,0.3304432930804465,1.0442875768815305,-0.27681655765285523,0.8120501209973551,-0.2289823768035384
-1.0914384219345157,-1.9021426275933129,-0.5556278016829311,-0.3156976854961136,2.1929779040130404,0.04572771062591256,-0.5638482802053134,0.5309587908894484,-0.3897467163249062,1.033124071907595
1.5422099244258687,0.1613295568028359,,,,,0.4466946261848918,-0.39123243317409884,1.3981137661788754,-0.1179779416685598
-0.12750359356932975,-0.5004108038855611,1.1600701138983713,-0.5370985157828213,0.6498120276929648,0.4005970609788375,0.06849970643330582,0.9125213913707998,1.5415565616972142,-1.2314945015310494
-0.1628996753207384,-0.24349257969330473,0.10643388717473312,-0.5796214269480097,-1.027809924088817,-0.1083182113435123,1.0171479481200285,-0.202256996487771,0.41560032531354063,1.5310902297924078
0.16625131088837175,0.9903277025192528,1.0832851236963754,1.241519135789324,2.0815928050681705,-0.12740610237521555,0.9132492361987656,0.21741026591292012,0.49859588237603314,0.4113645208060895
1.1938779527520411,-0.5073302020348486,0.39295520544798385,,-0.7975044870644753,-0.5769022434616695,,,,
-0.015285005170207581,3.0119264528451595,0.18914531995209352,-1.398758760237814,-1.2653653981754767,0.6974524544790602,-1.5631358252228167,0.1821230725361442,-0.3350739899718122,1.9084030878050122
-1.1672713841949602,0.9952534958680298,-0.34833684744299614,-0.4396675675269608,1.5236464276025572,-0.5154578114792508,-0.8991569806516359,-0.4698036036120091,-1.0086573033090707,-1.530656608383563
-0.7807461631571738,-1.6113226548590378,-0.8638531613315052,-0.8890191981930515,0.24882773229928767,-1.2932770695108526,0.5940984448856887,-2.15856001171735,-0.9288993858833342,-0.21522036565526179
-0.4043012235484733,0.0555056340625302,-1.3458192092262684,1.9000589163322463,1.6196856383009397,-2.5968646451034743,0.6023954013707278,-0.353581670719985,-0.12492059996590779,-0.1040486294881995
-0.8001718361116653,-0.11912477255725448,1.5225577455332953,1.8181736567692568,-0.1226920801934907,-1.6296803743656714,-0.26128434213720125,-0.3156511424520402,1.431306178629651,-1.2135087409303074
-1.8900124181544469,-0.7156538400484521,0.6470856805153121,-0.9516483963690452,-0.26519967171079484,0.7296698165866098,-1.558846553473481,-0.12530802137213937,0.2209875738909167,0.6238240853878796
-0.4352372182134478,1.519226580874624,-0.5118096417240462,0.7875927519205107,1.1030158168697246,-2.570757503552315,1.5205520161526658,-1.1084556960656604,-0.45769283190387827,1.0721540267966072
-0.455883026392179,-0.10522529909315748,0.9049875535361316,0.14878154972082586,-1.0262042413404648,1.172779179103527,0.325464188327914,-1.5831569791243996,-0.138015539201211,0.3168794656023315
-0.4203439491722625,-1.6502006610091424,-1.4043071901605273,-0.6897129721982299,0.33973842740043886,1.1423164173771758,-1.4255679474457517,-0.6042730541524745,-2.1217498991564505,-0.058151938749769094
1.4857033566891273,,,-0.35972617805361756,,-0.32601691424555734,,-0.39139689500459696,,
0.41893789328213044,0.5910288154620921,2.455930819088712,0.46836927342361256,-0.179963464085652,1.580298543643987,1.3808447954804595,-0.7376184999200506,1.718107266738517,0.3208236188508404
-1.416941800480604,-0.7388443705576382,-0.6328325417765746,1.475643970468369,0.16927229939759797,0.09398818154480278,-0.06483015430817123,1.9751884894161882,-0.21311293332408068,-0.42141629857385093
1.182447515792506,0.16100969546142904,,-0.42031728416130887,,,,,,
-0.6572757420097579,0.880478905467233,-1.1292550382938875,1.0153215639630833,-0.07514210391271378,0.39735485730230613,0.10754052229397904,-0.11920791649068084,-0.676271011098911,-0.9787824394487095
0.6803718298763405,-1.1545868824781196,-0.1754669230567597,-1.0316520358191006,-0.36450329398768816,-1.903274498638374,1.1588246572493492,0.6978762748927752,-0.07028176994750905,0.16246508775464924
1.1577419990450737,,1.2919568379116861,,,,,,0.3217910074232239,-0.7863779612252522
-0.22340028725992933,-1.0246512988321341,-0.866343881337061,-1.651113814051682,-0.28492449067832976,-0.735864530710643,2.1820937934367297,-1.1572730582048911,-0.7322122061663282,0.7201092264721456
-1.037636075401113,-0.19059351461018,0.661597347155038,0.5859930068130895,-0.020761271136793383,-0.1627581929927101,0.8940809625982998,1.1452111546282957,-0.0065232832518108685,0.44037029321950133
-0.5961112649093766,1.0674241700303826,0.6952920422519685,-0.4006110442494579,-0.6039196429244506,1.726716328408084,-0.5843132708216932,-0.28930055195655857,-1.3288294266662408,0.9469204454096817
-0.5933450994121166,-0.05456866196487304,-0.14252006166200734,2.2931872301970317,1.7200933485090482,0.25807393169648635,-0.7110179602475831,0.06827404155059981,-0.12553818074658163,1.5340652792318208
2.5211858398258435,,0.7488046368717332,,0.47892317527536155,,,,,0.009899227030998502
-1.5564216692624435,-2.013568088051669,-0.09248775817815885,-0.25212382823675494,1.758094563347579,-0.5007724973881239,0.28364332565767586,-0.43822805897165035,-1.851495207185952,-0.06554228431474794
0.21080476803638548,-0.5585692313501541,-0.20886034350588595,0.9364807608959742,-0.27899056933887884,1.2691099597362614,0.21213287255099422,1.0544867156645947,1.581725483485099,-0.9035398886643602
1.0741288659800712,,,-0.26674797779076037,,2.450559867817713,,,-1.1654623128750259,
0.08002406782193541,-0.06629223406194132,2.1842861847769335,-0.6530908429715817,0.9181058653126388,0.5113888180618186,-0.8846905886986297,0.5616012535128637,-0.07393819272375898,1.1854150260175573
-0.2103909631869506,1.491137253922936,0.3798125153374288,-1.201197240487063,-1.7723539302447586,1.8375064840988014,-0.04930530092512347,-0.05629967003439382,0.25870818214096936,-0.03223744913319106
0.12335793699495015,-1.6257808291837783,0.9427591706741277,0.17923318432149551,0.707160918999301,-0.5464412249398047,-0.0012583681537967335,-1.4271992495250727,1.1204573440648853,-0.1127147468577121
-2.395769654920458,-0.3522697557486315,0.39011108734290423,1.4824960879304994,-1.4555601657415411,1.3139972851511805,0.7179404612838257,-0.4442400765082368,0.9014873750315897,0.319875659459737
-0.5498947814988298,1.112051765331111,1.4017130824984074,-1.4030123479018342,0.3674612796124414,-0.15475441076247137,0.47417358399963067,-0.3260278864644685,1.5167601308938072,-1.8756759012106257
0.18167799990616723,-0.5281249422699507,-0.23388841342502345,-1.9316315939952893,1.2748799034939202,-1.4024419907343744,0.45451040422102446,-0.5561053111367984,-0.2777287390069667,0.5863947105838413
1.2360761736167591,,,0.2784684958313925,-0.04466839659430814,0.8499711928559032,,-0.6677959914970326,,
-1.18916929541663,0.4750035415375115,-0.05286378152591319,-0.16509230934123179,0.7078950064779365,-0.48712966355485404,3.284187490065849,-0.29654356501501716,-0.7443291797520933,2.2716705312254266
-0.02623142010732045,-1.0655637256780521,-0.16504608702623227,1.8255434333597267,0.25355281375238586,-0.9197425788548864,0.9538062146783141,0.6320640977979942,0.6047445767063043,-1.6381460838363477
-1.0550925943559364,-1.5476741811919583,-0.3423176038098609,1.4610173128431758,-1.8625858362157093,-1.1949536620239807,-1.7182005387726769,0.781663390131153,1.868969751811147,0.25335916811454146
0.47214721054818054,-0.039933047127591506,-0.18484504093061782,0.6953590391538633,-0.9159311682441967,0.6369463838134976,-0.317772545257802,-0.044179240693759995,-0.5643279660157627,-2.1177597263182957
0.7388962073939367,-0.12384081198169186,-0.07228780939445952,1.8907447531444843,0.13394632902967646,-0.7538461916809036,-1.5547339992448532,-0.3309512679821729,0.4021894680923443,-1.458507070312839
1.0710038498885084,-0.4117300953307633,,,-1.4422060563963948,-0.542881356635356,,-0.10115152492935989,-0.5176445432862152,-0.35359574138427274
0.5321024938863579,1.3856113681558364,-0.19842446219408394,-0.9056491157688074,2.4379251963335062,0.9997809681731537,-0.1379897146217347,-0.6187108003394133,1.7022526725849099,-0.8664012354180912
-0.0015234728598126183,0.6785931743187602,0.18654661427508573,-0.963141922106154,-0.4107858431032586,-0.022401865342828668,-1.1792891740957068,-0.1868921260016875,1.4580333248405897,1.7970568999231251
-0.23219123293763985,-0.07295716945522929,-0.21455240161302414,-2.1156585755336614,0.4411651063546444,0.24591575965163645,1.017405947078199,1.044528311742748,0.6005186448050965,0.6129437978234816
-1.0526755636408558,0.16092457600800675,-1.4233785904566993,-0.3992879612488393,1.6132113584122278,0.5092324380887565,0.27523242234489775,-0.05108167425569487,-0.037152019639650806,0.1481243897576089
0.06894725051586346,0.6453187121234122,2.0186219005754906,1.4315627466719187,-0.44915959827933,-0.6254784274891122,-0.5349233537443471,-0.6419451960529665,-1.7484389748021154,0.10687559006959929
-0.4143414942730116,-0.031053845156414787,-0.5052234648025529,0.05528468585055497,-0.663286490831549,-0.6422120656596417,1.9931783210982474,-1.2285108415713444,3.1166852616561727,-1.3601280575419221
-0.8335149123133881,-1.2647727514093283,-0.3924436032671907,-3.3909600520119376,0.9809048725014045,-0.8269704148988151,0.3147508455888768,1.7249264342180342,-0.5233180008660823,0.38779412578022504
-0.9180433867485676,0.8281770766187879,0.34501976823851394,-1.2575541522593257,1.3560442857063846,-0.10987182677898331,-0.1707156824521038,0.6871574658540438,1.0281759008205273,-1.0350805941257104
0.9282408084059776,0.03865495117639132,,-0.6482981586158816,0.22370188510342137,-1.4140897418558225,-0.8345475465025997,-1.6827675415968728,,0.16596776738464153
0.23565220008332438,-0.4637321671794002,-0.19588184601175362,-0.19207835253368144,0.3382019834110982,-1.5338822204671185,0.09417081055071107,0.45420525720945026,0.49279832163703513,2.0033989787335864
0.2658169590864058,0.8709970282441025,0.9523047237843862,-0.7418660933956669,0.7912928139818199,-1.9200544156505899,-0.8127690991396018,0.6934403808836923,-1.1198712266510666,1.0883140209250382
1.04562262879693,0.43930716171305756,,-0.22507595624204296,,,1.1654587647233077,,-1.3262714293936797,-0.27734252438732526
0.26873983949534597,0.8098901153653022,0.43922167787265237,1.3024252278440194,-0.6703914466205892,-0.6662408513422042,1.006894464251079,-0.9043919701258176,-1.0264335312103172,0.06710588478965131
0.7632464667034398,0.2299972228089963,-2.615045445352088,-0.13554505371207184,-0.7374917605630115,1.1988216898829809,-1.5352266825635983,0.57556503082133,0.018889860847889926,0.26719178044556346
0.8001159488654533,-0.20355004446695044,0.09875322885363749,1.741050471864272,1.0040731969423253,0.9321927430700626,0.8998612733513871,1.9025461222482114,0.582753967125598,0.12698254554260888
0.637631424540296,-0.5535282209242413,0.8495011378800663,1.0297743938078072,-0.3269745915003814,-0.12595732089178793,0.3544995273267861,-0.6295955266414808,-1.0306523045054798,-0.23643146221593936
0.07693389876545312,0.669133486397994,0.5593949854307609,-0.04102604457450918,0.578731750204021,-0.5203472667094909,-1.5035790108172644,-0.19863055887205402,0.25121497377444674,-0.5769775647170973
-1.4613529439192452,-0.8631046475213516,-1.2025964673634295,-1.3630765291685296,0.05961021342258329,1.1917710926882603,0.04393412633167455,1.179972351825505,-2.604206022008543,0.20025731109387993
0.5662189730902213,-0.7605487357963252,-0.8826538971783722,-0.3517032433068146,0.8959214688671102,-1.1743288738089694,-0.8185918715089691,-1.3073855225072084,0.6058912876584199,-0.699852592103414
-0.09687184947074848,0.4780008603828197,-0.4960400980835765,-1.4653719725856702,0.5062702196902206,0.5798322189898872,1.604946517952716,0.3108842390156577,0.07447532943200195,0.2784075636792936
-0.18107415560063356,-0.031927237771110034,-0.5980584860477068,0.2661909082232825,0.2847512479377292,-0.16414018017225995,-0.9412676389264856,-1.4829517686753253,-0.5331056609658059,-0.6375186622084698
-0.3953394904319231,-0.46033534439744456,1.7156945142484215,-0.389856360237427,-1.3335669698048518,0.0177453331779614,-0.38119760641097167,1.8587718771958384,0.29749453460151,0.8967130740477622
0.02996153140085747,0.19203948697150675,-0.5337270947222598,-0.050045534005340446,-0.9029856974830793,-0.43873098181168163,0.3152646455010903,0.3853345914754186,0.21874707220389886,-0.6111560432584684
2.216537759059348,,0.24285616828791443,,,,,,,
-0.41001240731760874,-1.0769964537640262,2.001005049370835,-0.4488846538140481,-1.3495057676912185,1.1765688462944612,-0.666056081808021,0.7053663034867808,0.6741643648187103,1.0370645916217822
-1.3948969085778011,0.3759713341479478,-1.0860338454497658,0.05894409578560886,0.8580391540367884,-1.7132162309742713,-0.4396638567422658,-0.9461594841685932,0.16143779321700366,-1.11736848099287
0.6828135682647148,-0.24805421717093282,-0.05387432396066133,0.22989052115688666,-2.7928133300452185,-1.068148128852942,1.458734871937871,-1.2309306806666025,-1.0548686301790973,-0.360183226395332
0.7807177720265929,-1.3864622262781379,-0.26432586859860463,1.2211141687145568,0.31752432647857276,-0.9906380790416136,1.034677256625777,-0.3327290783075131,0.4584166202759224,-0.7819393376619418
0.9886638168968606,,,-1.8269669343397246,,,,,,
-0.20793972224341123,0.18531480201895686,0.8889109780937063,-0.08904885774769505,-1.061156491049869,1.0726109753022048,-0.17334346803501924,0.6419121125456837,0.9551184505294144,-0.5563560279034839
-0.24813604055655195,0.653042097716391,0.9666557161346923,-0.606910438642502,-0.029437204493753137,-1.3834458751778729,-0.4018213842469819,1.486107060891477,-1.8266872383564152,1.819141715175242
1.844656953211061,,,0.019862612857342952,,,0.780869565516614,,-1.31258838096407,-0.2625468294867529
2.5521772930019404,0.23954480586368837,,,1.7541477544306163,,,0.9920319927992092,,0.11038155599368489
-1.4488155181326576,-0.35860628961820007,2.513588103878071,1.8189274401105813,-0.06202869661284159,-0.8273485724210755,1.2626770112363312,0.3172523274202278,0.5045633265710989,-0.2738271197877037
1.5233966110988533,,0.6545750903189351,,,,0.4705070118705493,,,0.33192192497913436
0.14320516316747928,-1.8568057435292247,-0.7147368700902333,0.25328491560466493,-1.0271543739577418,-0.25745163372988183,-0.74480135438717,-1.579499526154427,-2.117961494725693,-1.1801375793084912
1.9863167145404523,,-0.1753657146614356,-0.06862180193155136,,,,,-0.1324219401707485,-0.43739529464694465
0.5386926243135184,-2.1316639647540843,-0.3149294672412408,-0.5950575025852107,0.8588205380525042,-2.148761364798167,-0.2513313212514422,-0.20840658076550006,-0.4703630533852991,-0.6352520425843705
-0.18449647507457542,1.0465460664923536,0.5973459389826627,-0.7729134491258164,-0.7802787966685586,-1.1498572446078954,0.947816676589685,-0.661478195361181,-1.295684801608925,0.017009135683268815
0.2014915030085151,-0.3618448219194731,0.029604256612516953,-0.2553881161384811,0.42082111273168593,0.18402686664854587,-0.7280623998423921,0.5602099946189045,-0.942185842044538,-1.1618759292276786
0.07999585482671866,0.2893460808399837,0.7704391430194487,1.7643386379219737,-1.9194887402565133,-0.6723939047329599,0.03904661675889045,1.604972722246195,-0.4812646941069261,-1.72659759542989
-1.1799092798160944,-0.28733936482526656,0.30473898931281934,2.1159864559159063,-0.7416550336275736,0.44648070932119027,0.9516010277281096,-0.6632080605655484,1.5781583551982563,-0.6751459707815715
-1.1307825573808226,1.4456861331110349,-0.14178112628223385,-1.218587348650567,-0.5362556974520303,-0.8159780615460698,-0.6552826392107193,0.07790277154793104,-0.4467623829963647,1.9591321806675515
-0.4606687568601155,-0.2538021859081415,1.3784210639439831,1.1429945257180008,0.6501143317931768,-0.5020605804325703,1.340120552497525,-0.4891744112600203,-1.166112409167047,-0.6989901331860449
0.6971254663402456,-0.364738449665749,0.09884928449692423,-1.08321933824368,0.7214003178358329,-0.8406889019934671,-0.9854246014145943,-0.3137231489796776,-1.405510968521623,-1.024432070377026
-0.9723129457821968,0.12921172077194498,-0.8134161272234858,0.1981582968698465,-0.2622311368802005,-0.5733885076960686,1.1335953319233156,-1.7476909999327603,0.5138853080021056,-1.2364175364678265
-0.9167601649359903,-0.5337793913323787,-0.33121536600557233,-0.1563577783095773,0.0016826147960875032,-0.6153787726137669,-2.4870487173562723,-0.8389304264094354,0.7220599529632703,0.4484629324332083
0.4789692959371981,-0.36278801818756984,0.36594634970772655,-0.5861067767457081,-0.48903900410036977,-0.7047245654390943,0.8420030422232917,-2.704895515043447,-0.004405702238962931,-0.004965986220864816
0.07708612371062172,-0.21013470397115874,1.1074604281329443,-0.08735031864715362,-0.34072383505719805,0.5229437254583148,-1.7179471021979364,-0.8558573266783605,0.9275279468084848,0.15022614345567703
-1.5265085160141874,2.495371826455173,-0.2907548183369612,-0.8912490903241599,-1.5574732923929864,1.228551772824528,-1.0615191534637984,-0.5126131002087143,0.20470060869011603,-2.1317230066264057
0.695952010048363,-1.02187286927147,0.9546733605709006,0.16111174108947257,1.0205555372751935,0.0831333981478746,0.9053504069410218,0.33572877703423776,-0.178718735484518,0.22157993503957638
-3.088816267235764,-0.6621761692116551,1.0637097046152857,-1.396371960093401,-0.7012386122861894,-1.6357877166969745,-1.8902931004842192,-0.5087103489088499,0.28840237965177656,-0.40793868482823753
-1.3910818658569866,-1.3169290159087084,-1.1052040888624097,-0.4389110194239771,-1.0949392990740432,0.9547349498808498,-0.8586277576371326,-0.6320252092416058,0.3850211641679467,-2.178364869811683
1.3709454830702423,,,,-1.0072814589471775,-0.7539271054112966,,,,1.1622957358896147
-0.35459317974144444,0.9360054870489741,0.24543596137896387,0.5004579098738352,0.8148056711939285,-0.25873528792454625,-1.0880137446127969,-1.0435024168436444,0.8250331764396793,1.4051661125398567
-0.865428743660943,0.9784389617804985,0.8315248621235126,-1.6437554944367023,0.7954025658304726,-0.7294392027230677,1.3843686165245148,0.12072439712393437,2.3818989357173,-0.13902103426617984
-0.7230027864854313,0.43484688240656766,0.6786071810075258,0.480892237071875,-0.4658368092908961,0.6918620709691152,-1.2601438195215384,-2.3545493241190107,0.27910966063587345,2.149911831139766
0.5351404022080543,-0.8537646518454499,-0.4023902876243651,-0.07704525273393391,-0.9853186357275988,-1.0686008472618191,0.2975716077526764,0.35283710347554237,-1.010772009831528,-1.4556156889856102
-0.30321472397717814,-0.5205012217768651,0.5411582726356892,-0.8508655932885961,0.22106522964568212,0.3044311704619492,0.6839340490673632,-0.18928084068428302,-0.7944161003396139,-0.40850656740123276
-0.29968273327004746,1.8768067116426157,-0.6404132335635282,1.7802383159615605,-0.06305719551252437,-0.5106219924375843,-0.7819803052938937,-1.1924764217350607,-0.2988141430596801,-0.18375125481610458
-0.10496695667908956,2.0916998652859506,1.264091503597118,-0.02925015235136857,-0.5263609738909224,-1.5318013923579963,0.14253139209477464,0.8700419849329034,1.187113150775527,-0.6797618703652756
-1.476690032900833,-0.11277063971755655,0.35986550965834296,-0.45187319852984315,0.3509413526813074,-0.23588792104620748,0.034449411638941815,0.11500992558308322,-0.19394626775797047,-1.403390150710311
1.0897900612432123,,,,,,,,,
-0.48969035043893766,0.7307769698501991,-0.6533379894216663,-0.0035926317284599592,-0.5696046779631788,-0.7748105986541874,-0.32768805649079735,-0.3117379238157945,-0.2810021513004966,0.13646475241797193
-2.047500354609072,-0.5592289035146828,0.41327772976599425,1.2534786543994634,-1.3414539082281072,-1.23744726192009,0.07459086510677405,0.8719067261248205,-0.9057478560263281,-1.9577456649475373
0.09166104684975572,-1.005465213119991,1.4340329134182552,-0.26593656929920967,-1.3172058730323677,-1.0401836234622444,-0.005701492028846098,-0.4868469885763818,-0.05233699132462759,2.769041448310775
-1.2003035023285933,0.599981564240146,1.1709129073567919,1.0393658782312463,-1.1605817941164047,-0.04844664441674582,-1.594479435041958,0.6336229851027583,-0.6165065873762081,0.17664567874889522
1.2170461020807093,,0.06932612515191591,,1.106853579203375,-0.6995030225907797,0.28192699125436466,0.4337116801738478,,0.17702045744210163
-1.1318911444828967,-0.13358335704668373,-1.7930035941474647,-0.37745882164628247,0.5176381960599792,0.8694257440359595,-0.7592989686505469,1.9286822625135478,-1.6612409606946608,0.34753709508085706
0.44631844892032924,0.46401926857758646,0.28673892339230056,-0.026329210481749778,1.5852891082941993,-1.144719233488928,-0.43047398973533724,0.013836373868164721,-0.24386198985442276,-1.0334135599858154
0.5077928358802202,0.15164826429210784,1.5830353316428858,0.7173141305250176,0.9897818093316435,0.9512903010005018,-1.1054362530193507,-0.42002572401820537,-0.39110873092954035,1.0427425657146245
0.10195227565578628,-0.03282609596302665,-0.10088734617742978,1.03766460298427,-1.0253758764470131,0.008541721404888621,1.4625896646900043,0.48494792807744275,-0.3968669890173595,0.2503405493083457
-1.4741834755506742,-0.6925343811912691,-0.3360200668490784,-1.1234045980365635,0.6568379333602938,-1.19781946901477,1.1646417473616348,0.5140345033088295,-0.6752106109557703,-0.5330894001737325
-0.03135271693183566,0.8750592764175534,-0.09006786345098003,0.9762241074649444,-0.03423554760918325,0.6198095658391153,1.4239541010655123,0.19274623302993255,-1.0740858203695742,-0.21287190735080927
1.9142763512651884,,,,-0.25902444449673473,,1.1194433338682612,-0.8350505022950325,1.3050935478899486,
1.0356490807211332,,,,,0.07346315266707285,1.388126562149109,,0.9806308818371146,
-1.6212371316729257,0.29117907326765713,-0.9015670919764412,-0.7220648668846558,0.24402085904650678,-0.3657716675431977,0.866377482046445,0.9925021464756204,-1.01957346213705,0.292693031973973
-0.4843031359889081,0.7323112977602062,-0.20649180570721695,0.9428524516635844,-0.0674835559994321,1.5787025290468568,0.2687660603335139,-1.5264752160168438,0.5665947477037764,-0.2997154312791911
-2.0229895021551507,-0.32499599097297915,0.5525501274000343,0.7768274186838431,0.6671609305475902,-0.019197546458067337,-0.3699201372822241,-0.9053361928133765,0.8408266035744131,0.7025395802345491
-0.5900213002209649,1.475136548622206,0.9081417470406445,0.9211076557089359,-0.020715832780515017,2.010647951615449,-0.8088149045495402,-2.128044481642264,0.9112781885622773,0.9662012987437294
0.8549364564770332,1.2461527555796013,1.1615134420081703,1.2139020192204444,0.4002922747476534,0.4009739292246261,0.1550061593398515,1.0898537135440571,-0.6808645691126154,-0.12464065309444278
-1.04379443455717,0.6602506317906988,1.6521635369765373,-0.8044844295323993,-1.6323615411641625,-0.053744982316949526,0.31836143052211474,-0.15286241999357655,-1.1951044302975118,1.1063780825881646
0.340123910171986,1.8064811883937082,0.9765629086904645,-0.8391126077894906,0.4834369172301139,0.5975732273961409,1.6356716859461848,-0.5718269225233068,-1.2457973740798844,0.03595546077791882
-0.1944840904014077,-0.22105057683907742,0.3364939564661462,-2.8058143731561107,-1.1291736452749936,0.12578943726182065,-0.08181077320932917,2.003813667176946,0.011841111280858012,-1.3549829265690907
-0.6938289524400676,0.9926836367234724,-0.2528382968779993,-2.033281479495089,0.6666966271126786,1.1464745781736216,-0.10680721504621578,-0.5480393032256569,0.8512302715876758,-1.9927056743855138
0.7573495439869647,0.04086101756794647,0.884050107930223,-1.1311242677035234,-0.05794011779644424,0.9734119116027614,0.5492803986191296,-2.494078091275637,0.8536782109129555,1.0662343467579305
0.42267353433026233,0.07126062208741478,1.0060108017212723,0.12468162225698674,-1.777435565403343,-0.7342141565446219,1.548139883132156,-0.23564395061644358,0.23271287206868096,-1.6694766441427098
0.541701508120001,0.6037824404684617,2.2861906599516835,0.8068593168527333,0.967422746933197,-1.8190302852551026,-0.557988873093176,2.1172229374620293,0.9050997377052412,0.483821543477877
1.8301554602582262,,,0.49352885874899755,-0.12791521057570293,,,,,
-0.7196523102897547,-0.3300162114840405,-0.22646381110748193,1.1219389077259314,0.38692987883614055,-0.9878160006445477,-1.5011432151811672,0.9395918529372426,1.0457831864481917,-0.3047476347701723
-0.6275924768513613,0.05451262901288701,0.05940520967583017,0.28112657103873645,1.0700437447734923,0.9892709340354802,0.8681418155580997,-1.0153405769046435,0.5275207203549789,0.33616232261741924
-1.2792195562906994,-0.37335532966533774,0.49709122864367417,-1.4154899823425708,-0.5934294822790577,0.09382950069948631,-0.42079586125795765,1.0813978996730396,0.7394963618824948,-1.306624473474338
-0.8616279996174324,1.1418227018914981,0.5703596000784288,-2.8836218781358216,1.425791985794342,0.015025168872472135,-0.03723975900630238,-0.8850330190124001,1.2629929499921646,0.5201605524065586
-0.1353611290974173,-2.7408895706673997,-0.48782723387886096,-1.088875742648899,-0.3913625348901256,-0.8855081175708516,0.80005109489039,1.5485827773594028,-0.0735440385286393,-1.1573554394377157
-0.3569395749966285,-0.44109760014844035,1.57482658230084,0.042241707568897134,1.45061355422748,-1.4161496953428905,0.003057838699917467,-1.0401502533204001,-0.1257125022101265,0.5024184988546859
-1.506143185311639,-0.5462759817204158,-0.191101434520569,0.18532240300102423,-1.5504997692983464,0.409540121519193,0.4446479511184272,0.9945216588181489,-1.5930155665185115,-0.32063709645497807
-0.019155178300754878,0.1877860144275053,0.0682019612228844,-0.5582490132099343,0.09822317226868084,2.8604835478249933,0.5669677068049567,-1.547806331044009,1.5194912194559025,1.6561403730121078
0.827524398697426,1.2944489468100204,2.336865412001755,0.2856977447897561,1.058960260670034,1.522074298006237,-0.7686023261779035,1.507471986000242,0.20106487170472306,0.9676541673163246
0.9203963926058762,-0.6735572718554521,,-0.43335518843172977,,0.8327284965453805,,,-1.281493385728579,
0.7232146856666087,0.536637506023341,-0.19735242302155512,-0.23096492010522401,-0.3098491063824401,-1.090607690840438,0.9161680530422119,-1.1058611082800296,0.12396571224771787,1.2729599850085316
-0.03614409230324764,1.583252533810595,-1.0680690001866293,-1.327957087627752,-2.3020271217855686,0.7553301970939059,-1.9713972161574678,1.5897972728667547,1.7336489631314513,0.2667525786169189
-0.8090684121694205,-1.8564947269150702,0.39885595255058554,-0.01665507630278139,0.23315486790456644,0.5357950932839268,-1.0943206706545099,-0.2180239881667921,0.1510196076800991,2.279244651166539
0.7844295447128193,0.14955890989781523,-1.0129153905538564,1.2792757883522285,1.6921652417709292,-1.5063305259389845,-1.8469530113108454,0.06120578843751282,-0.19161033488387766,1.4184499502089782
-1.1294207782363228,-0.9444424584182739,-1.5282963818192221,-1.0015271181097476,0.16290917455476994,-1.5219868561022163,3.2374084794561613,-2.5199173569376363,-0.5463460582825891,0.2307731034019398
1.2809794276139759,-1.0171106127832066,-1.8461957326014085,,,,,0.2851085519058578,,1.1991849004141883
-0.7465675536433433,0.9775701199109232,0.1577151559936714,-1.3152018897796338,-0.0935133127789807,-0.04352766267388822,-2.451068403408118,-0.980945193412887,0.4868256068607481,0.14607634113027404
1.0508520530525123,1.2864275708465522,-0.8929229121895548,,-1.5748795266648563,0.5098694807885009,,,1.0370858035470845,
-0.44055882070855246,1.0924831544768268,-0.0024436743906837348,0.24001605152397754,-1.9349970083785355,0.3789347371150921,0.04311662182414015,-0.11555282160046094,-0.586914250647399,-1.544727232508756
-0.06014535752752095,-2.167939930791464,-0.2338867793196367,-0.5680345935750627,1.3095180779539874,1.8693825783462328,-1.524420588457092,0.78174784257081,-0.6695583468210242,-0.47886585758209466
-0.496564655018718,1.295751199278447,-0.11895145825936268,0.4184793534541612,-1.6748897099928826,-1.14952552957519,-0.5583918198853602,-0.002205928936990398,0.6683384797804547,-0.5890792339363399
1.3981521806528245,,,,,,,,,-0.8852940387836673
-0.4365158044569901,-1.7235068900861983,0.2869788453707716,-0.6441916531748013,-0.32254735562701126,0.9733018004579145,0.4407468995308064,-0.019731906029315092,1.951662800860442,-1.1870283978074883
0.04985401671406655,1.2536145955748799,1.5079220416100203,-1.4968462684474795,-0.7510745347447395,1.121514460824715,-0.48283681674984863,0.0417241036583141,-0.5007432028429207,-0.0275503659420281
-3.4742136718390797,-0.3968591756655851,-0.07256617564379186,-0.4597518943130602,0.10744234124653888,-1.3310097248747237,0.269873533246399,1.6485586638723881,1.2917104219996116,0.70361509027268
0.2617519503888414,-0.7128258502240803,-0.49564064535190605,0.863962198810871,-0.14511491122120973,2.1132053991696393,-1.7475020919606623,-0.209333066444809,-0.561433359785194,0.7752293506505398
0.9890582366004905,,,-0.7736942404285692,,,,,0.15834352142877858,-0.05875133056525008
0.5886026587262551,0.22726349256729075,0.08089453853649425,1.1663548802744872,1.5285031560317874,-0.4099893744383993,-0.06372341822612183,0.6720169102685538,-0.18851499035490382,0.6961669669029054
0.1293414909994916,0.7762654437212863,0.6711173607209212,-0.08401983647545636,0.8967463836896343,0.7120817869982534,2.3186823760270725,-1.8363977715067876,0.6660745055401501,1.0429767796201581
2.2273686244218034,-0.5148651110906891,,,1.777454901078504,,,,,
-0.10221005664655651,-0.23079681517328435,0.6103648854672595,0.7689101480947065,-0.6867460909780587,0.06264214178961029,-0.11656461212044789,0.0034121238887461535,1.494332718315224,0.41250434100365385
1.0361663827091585,,-1.1371500732893711,,0.7307755289338229,-0.4749644784352072,,,,
-1.0942096772793115,1.9104020200511393,-0.00792688621102494,1.1496036729071277,-2.449640175190978,-1.234869879815492,1.1030946140774167,-0.18587597834641387,1.0539789357149185,-0.5905936504341891
-0.13233206773014386,-0.7602387451932168,0.9782032150758524,-0.3321216235989471,0.831144162081211,1.5080927519766976,-0.20152485670003736,-0.09287591502877354,-0.5160202257257761,1.9852317349371833
-0.10759549729689388,-0.2351778260888589,-1.112613624065414,-0.5553096897476826,-0.4409845793911231,1.095708903416949,-0.29896004172773855,-0.35936448956265754,0.7650837781666956,0.02864222631823912
-1.0860274106101087,1.5522071785307725,-0.5517690700629193,0.28398108324161164,0.44856722804592,-2.2030120161981674,-0.32644311761549627,-0.5894432935296381,-1.187569631494712,-0.1210069273503597
0.11573066188056312,0.5387247277470714,0.11037390466432066,-0.04845373846593829,1.600590425798259,-0.35057618106971744,-1.6792946840883545,-0.813920367409282,1.1246780232243159,-0.20222020405009394
-0.8775461154804356,0.7209959869136715,1.5585363332273459,-0.18552545454019598,0.6504593934827749,1.4771661802637945,2.085472237695989,0.5688027730731091,-0.04531179214232491,-0.05783912091223403
-2.1725560764775884,-1.2717653994303577,0.5080538836979994,2.627414396778328,-0.5604544282362226,-0.21565572410874398,0.42476783914632005,1.5770724138172751,-0.8225408338348366,-0.43728021787217536
0.03393212025737794,0.16361940198817423,0.2232765078342857,0.410803142462664,0.6128029429792026,0.3713858731929359,0.03722147008644525,-1.3380197408943224,-1.2609758986009874,-0.7030552417951339
1.1765272973266048,,,,,,,,-0.9587246188841736,
0.49537051949612854,0.009439739156771548,-0.06641341372220444,-0.22985708180545544,1.0443589114366845,-0.9496066298807112,0.5788053462723527,2.445755724856976,0.5907737688615271,0.55503234598848
-0.6117049285270384,2.086818161003273,-0.7499528120503934,-0.039097525326770445,-2.139454043124964,-0.6131413858035029,0.7952901525335674,-0.09761749824099504,1.0860305231410696,0.24089347784221082
0.525983941392226,1.031483847499325,-1.5503314759637226,0.8737208322656342,-0.34164889478774274,-0.4532636140206876,-1.0493770713589623,0.4790095902238121,0.15956228545245865,0.8700343931848957
-1.5184731466170973,1.0774776867329643,0.533202596270255,-0.8620322606839451,1.0259029698391597,0.4101033915233446,-1.260382971413794,0.18596406684510622,-2.514059795427371,0.6922574706948648
-0.6572144388517988,-1.6563069517441107,-2.359014101057505,0.3068750794838096,-0.1305637526427705,-0.3299797605448331,0.25001870303676904,0.011617756303696419,0.7386961993784993,-0.012388342321356044
-0.474205970958204,-0.4566433706913167,0.21498294576637306,0.46195658550697943,-0.5934281714819302,-0.4810151072215958,0.2651981434357083,0.32480539704657946,-0.9353292845953224,-1.273512628449138
0.053021691130993656,0.47690872424724395,0.27339530763588904,-1.3959046157872501,0.33347371247663776,0.8631016276444374,-0.4301993982494409,-0.6569238765732487,1.1771676910790898,1.066922904048075
-0.9374257776642975,0.19827065468995966,-1.0909079058179612,0.43309250446814546,-0.4825998031273553,-0.989936065308765,-1.4263033970609793,1.2452124555423159,-0.4671254965656177,3.1698919238147796
1.4228981715253814,1.3003569525510255,,,,,,,,0.4697856643448578
0.03823308699549287,-0.02668263742036905,0.7874106079161871,0.4884303837680262,0.871893454872782,0.542655105334888,0.37055301718670625,-0.7439508695731055,-0.30889351978559615,-1.0399105860999105
-0.29877740787999985,0.4461647011621027,-1.4299590026266131,0.7933928957629609,-0.26266020673067336,-0.14101576589992698,-0.018960250688800712,0.1758833178642191,-2.4447909441243207,-0.09999998730742643
-0.698190469703898,-0.2619659125114965,0.763408925815931,-0.49717248512889095,-0.772326547944045,0.3123676247209341,-1.1801053885660204,1.1936991439427789,1.9437290716227196,-1.3822915756799863
0.6239124753163722,1.4963450904655455,-0.47233361499430393,-0.5880171612479523,-0.6032165011792139,1.2360818526206658,1.3289274156784507,-0.25956820667675995,1.5197552002121661,-1.2047064898490736
0.5104757307750505,-0.865587741785913,0.16535015198452163,-0.35174543542572034,-1.0477290247685223,0.3337530000622996,-1.2131382868493275,0.7195416109165527,0.7340416233553675,0.11370755648011614
-0.3034763263630614,0.7255275001134618,0.814976094625178,-0.486204384627479,0.17632069663730318,-0.40447820068954743,0.4599321214462644,-0.7380903375301066,0.20654076558793705,-0.10439150811376677
0.8905631648091762,-0.5442465457594335,,-0.4231309732130116,-1.5297334072673505,,,,,0.9825334808564992
1.272375239359699,-0.9262472187697806,0.13420022015568123,1.0642748224851424,1.3025256576704045,0.21183242504762403,1.1118656737272516,1.3043697755556543,0.5721308001240031,
0.3719380464356483,-0.6710103181355296,-0.6168119803657166,-1.5382662607836366,0.8782804215491875,1.0591482187452754,-1.8874132301640032,-0.4742323758013541,-0.6075364437405937,0.513864415626819
-0.010110423896758144,0.6470065156677074,0.025691653314895688,0.26750498955104174,0.04454635541852809,1.1710073492500925,-0.9851686054470473,-0.7531023702998796,-0.8703566686119643,0.44150604905624713
-1.631441277468028,-1.9338224422291623,0.6840490227493554,-1.3818362962325625,-0.898759653126533,-1.3643179427508039,-0.7189887950544479,2.927978588485153,-0.3375354365706711,-0.023498020190069933
-1.0172237458285582,-0.11829891945949646,0.9737564379817505,0.10240616390638686,2.0045864514293914,-0.7719337065218184,-2.1478779954650062,0.4022910991470386,0.4190551318648948,0.06714932852414404
-1.3666082674558206,-0.5482451906638556,0.19833651425425317,0.24909367955180745,0.6709643934745384,-0.9913860943763164,-1.8961817661060467,-0.1805526520804866,0.6232888645951352,-1.321970857457144
1.587209571298524,,,1.7723875869821046,,,1.8109873190829402,-0.4517092429930766,,
-0.3299767883935979,-0.03641655496357819,-1.5764593574697978,-0.6811605197384125,0.6662638122917753,-0.2742177569836068,0.3462561855649586,1.1552401136846946,1.1174435683187713,0.3935102391306884
-0.5554328600768036,0.17983728257472942,0.23694915875405,-0.6393049126989323,0.3767070009059684,-0.8079822624882035,-0.016859203708715444,-0.5936483974995935,-0.4713198123898545,0.917886845702523
0.9110334628663778,,1.2632129310548845,0.74368760576665,0.5953006303615961,,0.6681642103007971,,0.22948590720822748,1.2432370648101694
0.9252549607377637,,,,,,,,,
-0.48481440132058795,0.8471238799865005,-0.6931753064804049,-0.351969951196318,0.010362848423570173,-0.11697650764077674,0.9768109702556153,2.434143266191082,0.00673537983023233,0.038078461924471195
1.713392898665342,,,,-1.3305893529979869,,-1.6188089548500135,,,
-0.6280092794682005,0.47838752178566313,-1.569343482312321,0.33534090120804855,-2.4962187780574614,-0.2593381724406931,-1.5577131380331222,-0.7276667559983799,-0.11375499171839157,-0.10700964692626325
-0.19027944282663042,2.25208134811862,0.7315505462702815,-1.6714340887705257,-1.3828549954080966,1.3478801016222661,0.012429097731951793,1.2751510786779914,1.0420943909108638,-0.2694448665948961
0.16805188039356378,-0.5783121104470212,0.9615480008618027,0.14113742901451018,1.233682515384016,-0.6685274891508199,-0.2616490114252789,-0.538106718274984,1.5147320801842434,-0.03142180144838655
-0.10305107223569655,-0.18792409702138851,1.1770849909864167,2.9838196840412228,2.511779362820352,0.7143540971677947,-0.9503871058730635,-0.5847476505068371,0.300112911973376,-2.3222361441038415
-0.6484825698313031,0.8736433250570595,-1.6022774514093063,0.5308267262565105,-0.5523425733166716,-0.6409592105443148,0.5835982318235683,1.5779173268071627,-0.07098309776283904,1.3726814097420117
0.33250590087094395,-1.1333567014035586,1.1011459833290156,1.3102029182344723,0.3962154905206457,-1.277222994710841,-1.4792910289052918,0.47194491747816913,0.4698888715005651,0.7071816592373656
-2.1852439240087507,-0.8659273571857661,-0.5732120901676014,1.0738087262836742,0.022052084479797247,1.1370140174151135,-0.9859389913289408,-1.8480897408976569,0.8445876895408956,-0.2194826919025491
0.05266979976609608,-1.2415615490198857,0.13955357862935988,0.21196744969052553,0.02239362144492414,0.6702288167324828,0.7889824110121817,1.2633827956350756,0.07381808537979542,1.6940750106810787
-1.2789873669434646,0.9392483758758279,0.047580405947731476,-0.10324724454091182,-0.4413100554921586,0.5520213207438521,1.8604853113955315,1.3242640251236082,0.9088465381661641,-0.132301164945662
1.6431490600216656,,,,,1.1319786197091315,1.270096285275982,,,
-0.8314435586850455,-1.467307766405576,2.3296862139600765,-0.5550299178619069,-0.5544781697456104,-0.5619761868004743,-1.7444857754879892,-1.822688246893646,1.6189911194235058,1.791100444167753
1.1938884536217211,,-1.2085474422646099,1.2937587362585823,0.013282556588427617,0.5437268701181847,0.3028169917372973,,0.9814691898707391,
1.0517135491471457,-0.2860732658265726,1.0209122737751293,,,,,,,
-0.252875140978667,0.6659720667138924,-0.3692610985843642,-1.1590490076863895,-1.5293384370986223,-1.6538934555149525,-0.8712425577863846,-0.7385160062559055,1.4242995794204703,0.17854115289180594
-1.0122584330889495,0.8470828074096041,0.8098631676390657,-0.4269699099686359,1.2879868605041813,1.0460175612192018,-0.30151972345341926,-0.03741432904084974,-0.3401438429235115,0.5542825515062901
-2.2884527389644806,0.9573963361822434,-1.4215504641440115,-0.6378619310164069,2.110576900870236,-0.3094388790349102,0.3800914253011022,0.45402551276915104,0.39644662918714474,-0.3875871496507475
0.4861180631263885,-0.02934721668553284,-1.7014094309796204,-1.1220989167173583,-0.12400861618233766,0.5609716154640905,0.5762492528362128,0.22342910285494808,0.039232568794191645,-0.09400464998521307
0.36229249074263625,-0.9363287214152529,0.07138625095644525,0.9226087288494137,0.13406061622335733,-0.9616353245048743,-0.9772142748060814,1.3074232431207748,-0.11987372741721108,-1.4288201194179493
-0.9962829814422904,-1.6676671982873983,-1.635044084633698,0.29654939347693116,-0.5815555843044604,-1.2264218637659257,1.2382133421652823,-0.2880723487839075,0.025563603282496905,0.7391682127491996
-1.502344993399685,-1.2893479952837876,0.021425966327098717,-3.3337358018758785,2.0324117059355626,0.37964481514214105,-0.11927121664466561,0.4722483076772822,0.6527822613222876,0.3275681986219752
0.817277301782333,1.1637725327409483,1.7380437267125821,-0.8395014864182271,-1.2511044068392267,-1.253232595896071,0.20570938447305326,-1.8382617243235055,-1.4058462500386633,0.5245017518323924
-0.48945981512742115,-0.1482767195022443,1.5951432820646478,1.00556588301784,0.23295045737856168,-1.05804502008885,-0.20225157082994763,-0.8867964385388641,-0.28418440352549085,-0.9455798984248909
0.0576105328031916,-0.34120134226243265,-0.957166824171746,-1.2897536368740417,1.5865763009816196,-0.7518246011284905,1.0150322500931588,-0.16367200750433153,0.0527566093757963,0.06742683515732865
-0.3396414887404978,-0.05399744989685412,0.5048961478259406,-1.323131259578037,-0.23492573884676599,-0.018125500123989658,0.6099960402717969,-0.46255311648908515,-0.25275429448556835,0.7329162606836868
-1.66730115201835,1.0744016082186116,-0.8994532194816335,1.0078667731494577,1.2082045154066208,-0.39837581937959826,0.9536777200437341,-0.40946312327717627,-0.7678992797034542,0.34371586131796455
0.8333669301285226,-1.0057699331927403,-1.7812851560472063,0.1638346589795107,1.6056484054440483,-0.05948864719581425,1.2581242757433737,1.0658375439672074,0.8603791935772941,-0.1919274572638115
-0.6819283798710168,0.11252905131891403,-1.1821594081364377,0.8125718449204684,-0.42148154527531745,-0.17826622778713022,-0.21396445493219207,-0.8010491792078612,-0.5654785766935908,0.3559137892096404
-1.1618205243776576,-1.1215476569801655,-0.8881905546152223,0.04083174768937367,-1.6367156394822642,-0.7425608273114086,-2.347196078169018,-1.6333875601652905,-0.44322345098625004,0.28827507647803174
0.07077322369790175,-0.04056473707759037,-0.5893410929396209,1.1655122356156074,-0.49281755494898327,-1.4801207588830847,1.3651042488356215,-0.9061762553306442,-0.30371897485855653,0.9598352721530806
-0.6720583192172003,1.0984769440473336,0.10688235116438627,0.497000063800231,0.22332306515333364,-0.26599576201822456,1.549636567361689,0.7485646611554853,-1.7571757834162496,-0.46704606170800045
0.7726780636183296,-2.381737596075209,-0.8372269672163407,1.0595854801716522,0.3084515043278422,-0.5357330320662229,0.7063233413251708,2.1687489666389723,-0.9415969559718825,-1.2319333697305792
1.7193662868818307,,-0.28927482218729295,,0.8455107432254861,,0.9143198118367889,,-0.2655597644492562,
0.6527660736750945,1.6705368412150603,0.19694198291189408,-0.5086805656791822,-0.9488060062804609,-0.4141219732384468,1.2234109627651322,0.10717864991852294,-1.4527537388379048,-0.9798304642849818
2.3393358368193136,,,,,-2.375330237558374,,-0.9499842593396003,,1.4265734505127843
0.7996235358652084,1.2403726670597728,-0.896827746971911,-0.23734823180601392,1.02386978691056,-1.7679204105099577,1.8420890311735214,1.1534318103239185,0.41734337186951154,-0.6223724721885546
-1.3262211807230626,0.6715881805612566,1.522242991242966,0.3705473174189288,0.642692001465389,0.6696656683620816,0.1781587346225298,0.5030448017721443,1.5332267228459382,0.5734888191750747
0.1396027273150323,-0.797442090483371,0.8296644758724004,0.08727927744701866,0.10338042833698438,0.5605065444168644,0.027796445449983026,0.3870298110505272,0.19587965986296973,-0.34936214797126586
0.8880509011152973,,0.5889878264146375,-1.0192548016132394,1.150513351547647,-1.832372551336635,,,-0.13807857524658576,
1.0977550850222193,-1.317002319339649,,-0.6279337675839484,,-0.5776170570185926,,,-0.06368656079151484,
0.04124691386779397,-0.0595021094640568,-0.698063574561347,0.23416271847534784,-1.1778988844700318,0.3744366823728884,-0.01550986540658152,-2.239374565536412,0.19308519316842704,1.6982503366884965
-0.09829263642332021,0.17990092905670407,-0.7145873483317495,2.373373271994259,2.2441931157632893,1.7343007017405774,2.0991828146970253,-0.8812619864252115,-1.2692922509099789,2.837047395577965
-0.16091412918270787,-0.8283982577060783,0.4636661586410409,-1.1179423337501786,0.26442322190079187,-0.8260835756577568,0.9056119470506296,-0.8731539219049664,-1.1851767190843556,-0.9397973230350152
0.33619809178331056,-0.6175468783399105,0.8794048831753573,-0.032087798905048044,0.6140701371293069,-0.9442564619129454,-0.16407497411167865,-0.02911616091835119,-0.8094460387844096,-0.4976705478333974
0.4000415638072485,-1.6962602951805505,-0.4483025858929748,-0.12506123535352517,-1.2965248182220832,-2.0677016146588865,-0.07975242046361417,-1.0003524701876318,-1.7156195194280996,-0.8385003809571546
0.24843515711596573,0.3918825076216608,-0.2435725004117109,1.1297695168277773,0.6685123027899822,-1.2202651242983138,-0.6004337443139269,-2.1335563649587908,1.3481949823678603,-0.486596731677315
2.1739068193714464,,,0.5664944078504224,,,,-0.08912497744509207,,
0.6682825017012975,-0.624363378334061,0.9383406874575742,0.6656044605626039,-0.6922277792098506,-0.5277500174477809,-1.175776386077084,1.1447988198404564,-0.5481669569569223,-1.2191681839987012
1.4674799015289193,0.31472197488217857,-2.1609217168989394,,,-0.827657466935707,,0.40673641589716375,,-1.3429940510689642
1.7859398788131162,1.481183639717446,-0.3048920960159355,,-0.7505548217631424,,,0.7374273611431389,,0.37862296426699066
1.5226978544359149,,-1.0321018632584342,,-1.1387119312781109,,,0.4599066944388814,,
0.09608989206007512,-1.1249604359802523,0.5562664133472676,0.4672067074792538,0.03145789869078581,-0.8293322070855581,0.7622132990355842,-1.4748048199063497,1.100398047145657,-0.28362796506294236
-0.14419808616041643,0.3225100017365001,1.2477961142175078,0.2598023929136578,-0.49963739481829667,0.5427728892117842,1.0931869406939185,0.9850179141167915,0.17470189297897493,0.2018154446253385
0.3622598675150672,0.8194410321294505,-0.1615492288691352,0.14797455129041343,0.11909971082395725,-1.427447800688001,-0.6403016658877362,0.9855304239398865,1.9527925387620855,0.06181513403490538
-0.1298137114191255,-0.5600094143294694,-2.4237515255760296,1.5497068926448818,-0.794092361359338,-1.6691175067297779,0.29511027801516804,-0.00802544783873752,2.132208056347444,0.4847306928638268
1.585644279737134,,,,,,,,0.23785902121666255,
2.1129514917748744,1.2420741079216402,0.0011278062386728897,0.2331637479941381,,0.14778113313229319,,0.4207373875717072,,-0.6588183059394404
0.9126592127027743,1.0271502636384098,,0.09187132167351895,,,,,,-1.2726372610396595
-0.544513318054155,1.223642061132914,-0.9921658238868778,-1.5964860695947876,-1.3326381083567755,0.2678146003291878,0.7146828419345229,0.02231571174658963,-2.0888048909002745,-0.7118717973189457
1.6364614461025722,0.0956621330565595,,,-2.0854536289952312,,,,,
0.220522329845143,-0.35404511355580665,0.7746496423583329,0.7821532115895911,0.4117462858587014,2.7420192439159434,-0.7485843017514392,1.2651571362345417,1.1672198808230647,-1.4538187906158013
0.5481688125042301,-0.960727235033812,0.07951228414477832,1.2432113541532146,0.14246456956786038,-2.1897734267093223,0.7926356534700432,-1.5698378620252103,-0.47355953196657347,1.2355809312465669
-1.1682987543450687,0.4971966163760267,-0.7260498743830812,-2.2602427376648646,-0.7313356433473216,-0.6678234479633021,-1.2914127092746992,0.021009215631353766,0.07487976425112468,-0.43209261271907234
-0.4034780781285629,0.6780103906103375,-1.3814930015621723,1.2145977647878863,-0.6369069732953618,-0.3602033903706129,-0.939555628225266,-1.1894675245473088,1.0211224752362549,-0.838876013454142
0.520861984415492,0.4104764625778768,-0.2526410656391819,1.1272491425521967,0.10071706370356373,-2.1986696548659235,-0.6466807280245865,2.793512653385922,0.04722841405037345,-0.08235964097417801
1.0253187988270536,1.4618747452976117,-0.9495841383393934,0.018736794553380186,-0.0014179287675921937,,-0.21206003967814985,0.22106262946500083,,
0.787970335268352,0.3464718532714157,0.03135597715679787,0.7686549828315831,-0.23553492380645938,-1.576151391755585,-1.2472256469347263,0.25541896364121336,1.2970166797924938,-0.44078204693533113
0.9219205042167002,,,,-1.168136065955622,1.8022788399721714,,,,0.42941579869907687
1.449248566285733,,,,,-1.4576228497755206,-0.2197706699411563,,,
0.044828233797100554,0.37536933510576737,-1.219429905787688,-0.13356155063958972,0.06714887624561604,-0.2473748508347605,0.41001499504137856,-0.6729144742520906,0.12399841428697775,0.4820399055365014
1.407024595762492,,,,,,-0.7363584301473494,,-2.058273399567388,
-0.4570089452911013,0.5821574851413298,-0.8946184552943716,-0.45022309485851153,-0.047506971631835565,-0.7221296922779569,-1.0101064000470747,-0.6761659776962985,-2.1465006044349355,-1.0181209034460994
0.5847040591552671,-1.5627250355342148,-1.1087796102908745,-0.3072382632034702,0.6804758605938481,-1.2965409042184457,-0.6877112974042545,1.3318608111977224,0.13585916736634615,0.6447578961245758
-1.0916754404515534,-0.6715359470531975,0.9938628451404894,0.3275014111013833,0.5645642257260344,0.6735832137631702,0.831590833269709,-0.4082483089014692,-1.1104353836566538,-0.7184863779779042
-0.43907403300234954,-2.275247189615914,0.4582751932946723,0.8580660639670529,0.08849403414423598,-0.6869728162312674,0.07683401789845905,-1.7227787994603925,-1.814948323781911,1.675161931554844
-2.06473861486209,0.7977549690739908,1.3604376781724685,-0.05316920271846372,-0.102407009236302,0.13908027225893366,-2.186092921160953,-0.6652390604695849,1.3883568826328683,0.08414402950111732
-0.1920688444124533,0.03751517100494265,-0.7360278478365417,-1.2696467494162127,0.9007667706960311,-0.9722123930512483,2.193792702362722,-0.3363617088938545,0.32931162277326353,1.637903253492025
0.43742691065350164,-1.4179568868043044,-0.6256319527415406,-1.7523339613041442,-0.24347605451666088,-1.0754515016318933,-0.26772801812031777,1.3393967911292748,1.6616539621031603,-1.8040251952712145
-1.8208489122569727,0.02920169968621194,-0.2512322925916716,-1.404200942111975,-0.28729558457263576,-0.08524448540984139,-0.3978120887013828,1.1756335071336168,1.0063011783885525,-0.20372011530933357
1.1942448307304767,,,,-1.5057807192944794,,,-1.4193737550937822,,
0.39252471634234615,0.43718988792677804,0.6676721243569361,0.3314714744495467,0.00399093039616256,-0.2099151973170199,0.8585715300084916,0.8215983670869339,-1.4654585644274092,-0.10289079352235332
0.4289464857087885,-1.5569071883841892,0.569767750819123,-0.24617941606350005,1.9046370350364186,0.6772754125206053,0.04562985739595831,0.396870200985411,0.06748636833329387,-1.610403835744253
-0.11107571297321556,-1.7093943512486052,-0.3681060742660019,0.09422209686438203,-1.287557741647748,-0.13052763225863176,1.4349607705591765,-0.5970440672411336,-1.0036783319167766,1.053121102382961
0.17139549285720962,-0.07971610554118604,0.4880248916824415,0.11724441347000213,-0.8167158547528262,-1.1969733877531379,1.7484384288422696,0.42575281485202576,1.5205694220533719,-0.2868808258279951
1.1959559658194558,-0.8301259760649716,-1.6214758588788112,0.42781298507974086,0.8939405077681828,1.0089494474458334,,,,0.3283009481178707
-0.11475429769000997,-0.4947560096480303,-1.1717522231537734,0.16246166942901016,0.1972458741256959,-1.510247139179056,1.9032516798423853,-1.4761562003344095,-0.7171421650570252,0.20608453318382194
0.33941541531617103,-0.8664206271793115,-0.9871401135709521,-0.15012263712027957,-0.0757748125732025,1.3837632529727326,-1.1241717492634742,0.022418211405921575,-0.20590272873256332,0.3319541020293747
-0.3222271428420928,1.0097015898627493,0.6281520905556274,1.262375453898715,0.07732805280646607,-0.05989931696603949,-0.4448274178553639,-1.5344996611145325,0.3295012792791437,0.3991254734547219
0.5099850316687214,-0.441883235407777,-1.210784495570031,-0.8605968286701924,0.17730060191564317,1.0592867522752627,-1.6280183294609625,1.569420486384172,-2.1574770704318973,1.7911943071999497
-1.0847941000616221,1.415526865245092,-0.4920469733960299,1.3690584918576503,-2.3584937796791854,0.5425030355487556,0.9819179234865402,0.26630535725784615,0.5524907758008645,1.0090861012194332
0.15891605348395577,-0.4836758701296883,-1.3380279098166867,0.9077531808216184,1.0722424103775319,0.6724224711158566,0.7487107926293051,0.23571293168253818,-0.46475499668059295,1.1257580088694659
-0.498104103008551,0.10668025219769028,0.5389251293316812,1.3751848522264924,-2.928909467980901,0.8647267562561664,-0.4558074140579928,0.49679716548019687,-1.891903325919197,-0.7563829639041558
1.1654162367787415,,-0.1997510517706124,1.6954757955922708,,,-0.8380377844652513,-0.46749286024822345,0.40591581944603056,-2.3307715645264753
0.09169253659123604,0.43313127324677453,-0.0028589201096670563,1.4327864399957526,-0.48827503783952425,-0.24419419055609448,-0.4086261698496215,-0.30863820866839853,-0.16833716572337967,-0.5663091226717809
1.116784235008631,1.3880875589954829,,0.7059013557032077,,,,-0.22231340227231922,,-1.5038883541747028
0.5329877913869718,-0.6826275661590957,-0.2720971555147061,-2.763866271601907,-0.05924080946945387,0.8910333066516442,0.9320708074417956,-0.39938478524916377,0.7635861162194049,0.9563132068231008
-0.7743591981054931,0.9629494829325231,-0.33793322293209394,-1.329885167089085,-0.7026877265628861,0.21361240284839586,-1.5118169040193061,-2.064593928786737,0.38567527330776824,0.34542191179993237
-0.2792351868211831,0.08384974435516462,0.6478660468820964,-1.7193599604028957,-2.696498009089983,0.8018828493077911,0.36221504481161326,0.5159658878919651,-0.8463456882330416,0.17704677497740284
1.0462253613460915,,,,1.325678830172765,,,,,
-0.6390755969944032,0.4820411871509182,-0.6247287676866958,-1.6580009141615848,0.43102545223637057,0.19513983486111341,0.07774073461618745,-1.0469394123443645,-0.4299474419419091,0.42622319674735226
0.08434431745957989,0.29933690045352607,1.5091211688184316,0.2447536195011498,0.47772716286256617,-0.9476565156114006,-1.1544551201254682,0.6604579843630438,-0.4878841620184302,-1.7669565027600402
0.4743976905123571,1.0222998093700773,-1.0715174317590064,-1.733436079813652,1.4203308919144546,1.2928958836847324,1.0125294464364423,-0.8349874331612194,-0.2989300107409967,0.3973208238820738
0.8877320954017791,,,,,,,,,
-0.741866522427452,-0.31979855625190073,0.16663103818197778,-0.4451440597222084,-0.024630184563348523,-1.4234258360846617,1.2099888078174252,-1.3817940433069449,0.30709915851126063,-1.0209747407763439
0.3994512510415705,1.5588614409207409,0.8174323207557153,-0.8874264029685384,0.2341941773651242,-0.36109247961112273,-1.3170324378859126,0.9924895753049204,2.330743167654632,1.2939920612870182
-1.2170038533372198,2.0759989689148823,-0.6187447701534398,-0.41058919707402,-0.7441831555623991,0.15956628954791216,-2.0514407479349814,-0.97394442607288,1.1707534571966658,2.592170598237476
-2.2156078194612943,1.0553661982415494,-1.2076306616419443,-0.4611767649670334,-1.2653235955570048,1.0017427096147993,0.5732999391535806,0.12091803303377975,0.7764997395733588,0.6260674935755894
-1.1324683585910302,0.3316694238006009,-0.6334822159072022,-0.7585068970119215,0.5097474684534062,1.3323159356404293,-0.07441468711977732,1.6544223958723914,-0.3256344796794014,-1.690609135482482
-1.346534783390077,-1.5764561258935912,0.41130939856772514,1.9306859000908354,1.1718350760479228,0.9146311242073911,1.642357682449967,0.6861471369997485,1.1477628346608482,0.10852629222383399
-0.8788122905672568,-1.2382118646093732,-0.38918467414931995,-1.7360772477895183,-0.3472015293653016,-0.3226961111439068,0.886208019363854,-0.14745083176730212,1.274982900891607,-0.4533771368532873
-1.0043527614126804,1.8059690715646814,1.1694660869795919,0.1442830299243453,-0.5873780926357133,2.292625497595071,0.0428909969679903,0.887730001740862,1.5165887123813582,0.4591386867413575
-1.145508726355907,-0.1703478621645148,-0.4965523445250797,-0.012418327103549249,0.3387116571062024,-0.3796809266970216,-0.3536856272255367,0.16252810990910324,-1.5000575277532513,-0.3250273259562453
0.2868904881001011,0.18657357829600946,-0.7505949500359402,-0.5011061077477418,-1.5045342709584766,-0.7765262495623962,-1.8699047646721616,-0.24216518846345023,0.4565217560931489,-0.7324510624779882
-2.266003181091437,0.8606573525012979,0.20953934602299057,-0.8744701837389948,-0.9193398670701363,0.8961459688158232,0.4354769333189796,0.7035858863455817,-1.5150455563686744,0.5432744309943766
-1.052151999375282,-1.4175680946946176,-0.031566307000889395,0.48233536133559474,0.033544832881551565,0.07901838546430869,-1.1674242501198246,-1.9741359546219652,0.4488181147059884,0.23967025712894446
-0.49337042804020553,-0.453362573587871,0.09332301890625982,-0.421043032260515,0.7030322034593781,0.746030574793761,-0.08985288835064262,-0.22834947358785182,0.2645609759260776,-2.8827724175274003
-0.06608499845732561,-1.6096005255358192,0.4207190084491074,0.9030512205881762,-2.547375468457423,0.6741937218103623,-0.10565398968718866,0.49656424289900186,0.9951028685540672,0.2208675118342206
0.1394007037350477,-1.1615117333064109,-0.8724263907647904,2.0033029218174607,0.9950818688210752,0.46327539389359645,-0.9578095432755503,0.3555927303098474,-0.43437039582796727,2.227248134883192
1.384895877094257,,,,1.2901080561133877,,-2.1795091098216237,,1.163290646541132,
0.552401249020619,1.8978446972103828,1.39498688951301,0.48979453061889267,0.3401113780169891,-0.035655077511064816,0.5603547793237881,-0.19549762069932436,1.05426403323004,-1.0258722438907104
-0.6133429768318596,-0.4004406128690596,1.231792962918905,0.801664088079327,0.30613004123531323,0.3543934033332014,-1.992015863875331,0.6535046031579398,-1.105821292658789,-0.681762035868805
3.1047498092934505,,,-0.2459557415292409,1.2240986378824328,,-0.587458019375892,,,
-0.6306338417706111,0.5596609771354235,-0.5599560196923805,-1.6374206725363276,0.9630381779392894,-0.929539276756766,-1.296763959517838,-1.020576439552051,0.026870784822056144,-0.7769914917639152
1.8232707429690047,1.082190591841838,,-0.9541437757357216,,0.29096676638723495,,0.2193775040888264,0.19387521916741213,
-1.414143915584607,1.1870585507518125,0.7081253762279636,-0.15165427354021327,0.5129811361046909,0.8790554076803824,-0.4251488374705428,-0.33707417011658103,1.7357375685740903,-0.6636792729826172
1.8716605210299886,,0.2629329569025313,,,,,1.3031499231123262,,
0.39848046842754276,0.4315882078081694,-0.9403057427454362,0.9296778481401401,-1.0077965810411391,0.39362048529557014,0.5053541679661628,-0.9990071767728971,-1.077723933604228,-0.35408710122951653
1.1151852483801343,,,1.1239646230885183,,,,0.6840424939072536,2.3444673929654587,-0.7415109909210602
-0.03844449805160294,1.7777228520134656,0.5307454319852318,0.4717130120893485,-0.4167963571533112,0.2835742868469966,0.19929951948262384,0.4117623111050065,-1.1476430703431328,2.4137912614832695
0.017265366374961084,-1.0028060997959662,-0.703959832233486,-1.1068288064444494,-0.25403661031876945,-0.321809524977608,0.9843635510051498,-1.2768839542222274,-1.3859257138043724,-2.0148947373423765
0.3625010567529747,0.6784174093315223,-3.408594116148478,0.4177835752538773,-0.7141138681911179,1.0370044388146644,1.9215118874086128,-1.7135851935452482,-0.578672972640098,1.0302443702275716
1.0366595005411912,,0.9255131092169896,0.472457736843662,0.9828562505356329,,,,,
-0.7425001058404457,0.446371994033718,0.4244282248135006,0.9488966057689426,-0.11194105063655199,-0.9410763785380222,-0.07573168682995815,-1.4487995906957705,-0.4203205504745922,-1.572377531668407
0.07756551663376131,1.0974217158554818,0.9431088053967233,-1.6958228293189568,0.25046605694943663,2.509089765393128,-0.5583388441562842,0.47028065819391535,1.2136611671361304,-1.4937793572310105
0.3697449653012009,0.9568428295375764,-0.3295690044709464,-1.4646776540409767,1.2629412433226312,-1.7723270964494602,-2.263639003688132,-1.428968448273977,-0.417695346467816,-1.5777720071905847
-1.2060227100150622,-0.7076543419752389,1.3275716440091494,0.45868021940891957,0.22981159469122805,1.6573705717391547,1.7149881860406457,-0.9499871197942893,-1.0126913297724125,-0.6474308225222563
0.2574956439558875,1.4129522114430693,-1.0836105442036104,-0.08128974584393531,-0.1352801190451209,1.4708542747774758,0.9083798297058361,-1.0643673355803729,0.8355491933945083,-0.2963084306196184
0.27900648750870954,-1.29526602237152,-2.0572521466673783,-0.30541431190016166,-1.00602981116936,-0.19752848648446802,-0.6819777882917721,0.047912324530891434,0.24957653697886173,0.740818794613273
0.7307315281262572,1.3356106831551366,0.10039607204979653,-1.2616817208790088,1.0165854655612256,0.2833409646135134,0.7958143438238934,0.8391072685593125,-0.276121747780112,-0.29070021162910753
2.0472426010078726,,,,,,,,0.179799319001763,-1.5781686479979553
0.12288526704601369,0.41969619042500683,-1.0395872857930355,1.551903132165659,0.5575211552724744,-0.9933098650340796,0.577328052418913,0.5577455857766418,-0.6263953604525359,-1.2844770080271517
-0.2907633220192329,-0.6428725491875897,0.2699982662115925,-0.28273408571075326,0.5070469310422914,0.23991200490470146,0.7751499193702214,0.6068057886328773,1.0281143725879538,-0.8878451723620804
1.0823742686958833,,,,,,1.0434029947855916,-0.8194867301820398,-1.478432565795751,
-0.4868243594519398,-0.8496910815573193,-1.5972968255280382,-1.7659737633266719,0.0006239707237349802,0.9268314447299634,0.3040183502723385,-0.14295724153718462,1.3655451166512544,1.5060653537289408
-0.9369281012227269,0.19280082321755837,0.12784265014790322,-0.31289864293112546,0.4678763774273306,1.4909351956587185,-2.0200924858276488,0.23436258878728058,0.14920638210271955,-0.24462332152925154
0.7682942267368722,-0.26707753630557624,-0.7282659347859083,0.7966595872735739,-1.2664471440614398,-0.6996798477977649,-0.8435651725629476,1.697697146923564,0.1474545581567344,-1.3835555777740227
0.2537795370891103,-1.1269289087814154,0.28454982257526146,-1.339184498006789,-1.5318964634284744,0.7135145583969401,-0.6286082594752258,1.2581566053095845,-2.20705657784119,0.5779157603152981
-0.49202768697740124,0.7341199933799732,-0.4212045009411953,0.6110941508740187,-0.277408747925723,0.09754826139016959,1.3114586477125496,0.0576820291948052,-0.625911615141946,-0.9555532815255429
0.48834214427063555,1.1232945692030094,0.6688300221941558,1.7425792475285407,0.29508395494316564,-0.5613870140261107,1.3643171396794866,-1.3467255578612676,-0.8060203435577106,0.0779985177262268
-1.0237818499861462,0.540163376572206,-0.43191123679050986,1.0578177110403928,0.4887399742553564,1.8946340633962033,-1.76487181657207,0.4723894094629379,0.13223993601282627,0.12205342167621236
-0.4171545830992943,0.3266055472409506,-1.9709476919311233,-2.0042877479399954,-0.8314876875421027,-2.01167193295642,0.38324462151256317,-1.0014962650615025,-0.08042277219520033,0.2786048497418724
-0.1753197770529479,0.6430019812632203,-0.4947618491617907,-0.08725185999850808,-0.5344751900435443,0.9100612195210849,-1.3635779601795721,0.34863380850897185,1.5091062017326315,0.4469563502664166
-0.6254179313109236,0.30797476420532105,-0.6823006945461418,1.0612366328311407,0.4286603585132361,0.13768365998310525,1.3836477963615363,0.044373009284534304,-1.4872582720999554,0.034076238098185656
-0.3060260859680238,-0.055384080929391635,0.46876344814980214,0.6708278456791554,-1.1127897594152911,-0.009150904708782001,-0.22580054554599913,0.1845685689455933,0.38948043898937135,-0.09610095446390139
-1.246571034231805,-0.12043346071188607,1.1380450291339805,-1.141690967995078,1.3336961242742,-1.7173976129863024,0.17110213889317138,-0.6445632306865644,-0.0511701821791368,0.6978369761941331
0.9066726983306197,1.248523267982063,-1.5826095585865783,,,,,,,-1.1294596503063632
-0.20498411786452408,-0.047963766386543524,1.5415017060085632,-1.2726629865636347,-0.5862383319663184,1.261748682255784,-0.558463681787252,0.6821895321911897,-0.5156811390722288,-0.31036741556392194
0.5213887905377047,-0.3221132234774941,-0.7917606366908139,0.6526797306521238,-0.9519061665096761,0.7047770393983285,-0.40187368774321824,-0.9651136487828763,0.7936514120635361,-0.4915921536108025
-0.24725354334267297,-2.0327355758727323,-1.2239154161771062,1.1055152551955034,0.13847059579948828,1.0974514806080349,-0.14571994275982963,0.027851767214110867,1.6155294391502424,0.37789213616400463
1.5982345527323223,,,,,,,,,
0.21852273852648565,-0.7990938047087368,0.18284467859591913,0.3662945590316212,0.5110349880410523,1.728078486929711,-0.08621890240859155,-0.3143111509172683,-0.22469984881969415,-1.4862375245060855
0.9276509777780918,-1.010468280169148,,-0.9132944446954778,,,0.8498487026339283,,,
-1.2028580944207692,-0.4855404913787906,0.8845329513219444,-0.30291588980301476,-1.5005915343571503,-0.9170033305736945,0.16888464587272678,1.1833542360166909,0.6093640337233727,-0.8719802635001465
-0.05363443600552126,0.9927493594996882,-0.0733854255697129,-1.6317074568109475,-0.7073949359559083,-3.2607045718689096,0.28550924015367823,1.2947601471855388,1.4588809458324823,-0.08232444638710228
-0.9034375439995878,-0.23317771344954916,0.12968050691139035,1.2275738444549698,0.35007618529340795,-1.6922376993136434,0.7899572848197831,-1.924378733340629,0.17939696516628345,1.6674256036297723
-1.6399386897358819,-0.13448726387404614,-0.07781078874351123,-0.006949921080466508,0.8114592615107572,-0.6871877519739269,0.6644108956359503,-0.27731875372335146,0.11859319350244167,-1.4102645734365307
1.0644832081308815,,,,-0.28843562560424596,,,0.17236622836380966,,
-0.8323514427533159,0.8845562172094904,-1.4372221301581414,-0.6112889585304712,-0.6729898406832225,0.8885446629615597,0.22748452625337984,-0.5897023138986545,-0.5119165709664287,0.17076988710259894
0.20041709438720126,0.14894190164799148,-0.6687842026959324,1.0760379221395544,1.5965895695682473,1.4156308906284527,1.2223842400621157,2.3783164595318973,-0.6985992604238964,-0.6360496763403437
-1.3904314293017042,-0.23614624162741465,-1.2383470985427976,1.3244589702034093,0.22352504536424014,-0.3255109459376279,-1.0852893547394746,-1.2745812830956302,-0.5177555848164261,1.6263021472105232
1.150653589865006,,-2.170855341577628,,,-0.6937972779908612,0.05852567220189922,,,
-0.635430090577694,-3.29658474366791,0.07719146720831045,0.628489887115973,-0.8012132692579478,1.1213324300461058,-0.867652244391607,-1.2195246548186645,1.0522568582562548,-0.5265664680955042
0.23503400956071194,-1.461560786750189,-0.1575406324790758,-0.32130571508124195,-0.37875470723823285,-0.36013626734979015,0.1862727824502484,0.11694868071258906,0.5171448731360251,-1.9842488072472588
1.5000980556602892,,-0.5203560941778025,,-0.18174561984189583,0.11665604845074636,,,,0.23903505331173086
-0.5095407830273284,-1.817901020157017,1.1045620515906038,-0.37665972560889494,1.0135934534980622,0.72695654185311,-0.7395499293730314,1.165707476220331,-0.23420962559633585,-0.6715325515102686
-0.9920144725963298,-0.8009485179329684,0.3703883933521311,-0.7366643447611108,0.42834460418946896,-0.5125071776028545,0.9506968038732567,-0.38471785374438744,-0.18747670319177692,-0.1378651229788782
0.1834661813416921,0.03678898121813226,-0.9570180003074273,1.9039727871680916,0.6538620597570387,0.9259499162788398,1.1770095316174527,-0.21264139270771729,0.8261461830314748,1.3501927077444122
1.4259547067822778,0.9362273642987161,,,-1.2780515935681909,-0.6400581384651364,-2.308161849141141,-0.2464793777971224,,
-0.2183817301930029,-1.0972219207960112,0.6253321372972915,-0.22241545764268464,-0.3257445917597459,-1.340657032806593,-1.020907454020745,-0.9374926089775842,0.47355902985942244,2.7613838757999227
0.2403628965030155,0.7825728746531945,0.8559875058579158,-1.6273470628914453,1.1502399506456096,0.2521345855125657,1.07027578181964,-1.0265656263218923,0.27338358623006137,0.6935441026921377
-0.08886187135311578,-1.1535373809598701,-1.7449481350808753,0.7060732386071314,0.5767028166046113,-0.6936099909755512,0.8117790916264144,-0.5606405555519421,-0.9900507122161526,0.4200842198094492
-1.7429744667396603,0.20194139973545733,-1.6981071001623476,-1.17273497223972,-0.3901410638940153,0.6970883334513543,-2.050910932750051,0.7256418882689514,1.1797620054710796,0.23806038004929747
-0.1815620496264315,-0.030153674738723393,-1.4408551607119502,-0.05633290047671115,0.30465727162913736,3.667378459020638,1.2804861203814346,-0.16976048781458136,-1.0052257182860753,0.33580718125484693
-0.061733501915912876,0.3605495383864721,-1.0442464973751029,-1.6691276324585798,0.3834272259244468,-0.49295567758537384,-0.022051768651888626,-1.0879031393179317,1.0894261839982704,-1.2896686422432315
0.8364411716978118,-0.06965088566841399,-0.24269287547519516,0.16147666703240615,-0.2213015430930449,-0.316789524033547,-0.039557661258488884,-0.505244286599229,0.30149684680967953,1.284790386940511
2.5251680041081714,0.9989434287152735,,,-0.15570744237051629,,,1.0286412753237824,-1.6588837765683742,-0.8230587754654226
-1.7493737155551512,-0.1409523467185373,1.1367576739036194,-1.22379773841821,-0.5325194370956584,0.8010154977772828,1.2579140506919237,0.01627348018708617,-1.240089125442601,-0.320456385537411
-0.42659144076830485,-0.6068272064177067,-1.3213885856003698,0.7165302641990414,-0.3473570332598588,-1.8234886378815136,0.5742713720992488,1.6719279645282614,0.2762598586399302,-1.0260236505539204
2.111705550816016,,0.7694511756941566,-0.3920536820110444,-0.6540622272692062,0.7286451437796849,,-0.43592127330443897,-0.1205723134639257,
-1.408871155787718,1.0604110542441374,0.7720949230399512,0.5854512217192502,0.6978219799047973,-1.1308019548994417,-1.404786569863642,-1.8178029083759413,-0.39295772807905666,0.3015110552538552
-0.9923444497653091,0.5677761397557565,-0.17400868556854895,-0.008604650076553741,0.6027906446371557,-0.0012685363527028383,-1.1971784771841354,1.5486027673028353,0.5327999404509858,-1.1267916393212878
-0.22604685249583262,0.1593075611324209,-1.2062040834223648,0.7691395390172197,-1.1302703805202925,1.6892338334024244,0.9255234584929928,-0.6904729210241755,-1.0760261385515326,0.13194446114132008
-1.4081081808015166,-0.18312296131902384,-0.03071441089819608,0.3656556483726935,0.9712084433644058,0.8366688620034927,0.9551945735076888,0.3675453227640515,0.14987132331388195,-0.670031861444156
-1.981342178891842,0.13294092093357843,-1.225012250238406,0.10704989719996065,-2.2656715154562894,-1.2236831653986537,-0.7684067325186839,3.1557944707844148,-0.7534151762017215,-0.44579314745726534
0.05038032768704302,0.7804740190578842,-0.7348979740965567,-1.9636000326990086,-1.5656146178444763,-0.34520922478019256,1.5142277328223286,-1.0174988197047878,0.7663081226793814,-0.515491831590999
-0.203978923993557,-1.1636279252385222,0.372073449688893,0.566171460974399,-1.6919305897265233,-0.8412671391967897,-0.12817784359391823,0.5121331106504441,2.3691700243272407,-0.667409633646802
-2.69052996975279,-0.5914215871525715,0.3419694493966221,0.47391503508391924,-0.212100249736962,-1.083921984447346,0.36363111463567205,0.09095921239994252,0.23532879892656233,-0.7387749182897723
0.8434628228177903,0.18722294888694385,-0.10775093439024361,1.0369331547878093,-0.3569927239163822,0.8839837118241339,-0.5790802052021389,-1.1441740225414376,-0.020577839598297735,-2.0576935894274957
0.3429158033067844,1.0287972148834355,2.413923620294749,1.021505277280136,1.8036677960803462,0.29845842809481754,1.3965171433091073,0.18894838922056723,1.4181164331610907,-2.160926033837932
-1.1145999026652222,-0.3723987389239124,0.8820173478223404,0.7235532547481397,-0.9407425841309801,-1.41756532634716,-0.1321265084796411,-0.4710091392794228,-0.4058943634523384,-0.2772046261057196
-0.23283361170842193,0.967286778282478,0.8969142834491602,-0.43971808489105924,-0.38800861976982,0.7955793578806496,0.272644845860995,0.929444617961625,0.5016114634278851,-0.030856689645636787
0.20365653809103235,-1.894432195321707,-0.6275147732234573,1.4731646543958292,1.0417975802339654,-0.2538678683548282,-1.1106132670108957,0.6579514066750529,-1.9351072418708692,0.47911798800196526
0.04982222619173165,-0.27332511554792344,1.0569276372082714,0.903973256569226,0.7715452960182265,1.5576431119998977,-0.5543999062901313,-0.5349792029539975,0.06654590240068019,1.804811446597502
-1.644268478718913,-0.5293021167058276,-0.6181097458150471,0.49580953019036433,-1.1442827673153815,0.06695083563977436,1.7122456451111452,-1.2359655533459044,-0.8625366241976425,0.12669247658409022
0.9164431477976542,,,,,-0.14169511601077375,,,,-0.5899384265128008
-0.3155277239834134,-0.7031278992982979,1.4903947876980779,0.6433638328306797,-0.29677158914044044,-1.3725783867534642,-0.28013128498680234,-1.0627308954365917,-0.10424785881768561,0.14437776692802018
-0.8605143463679206,-0.39010883986504374,0.9833414845209789,-0.6321075377213754,1.583668228385264,0.5216218887570159,0.34932084136749847,0.4767558213716323,-2.22587751835947,0.9396629463130491
1.1730432262685322,,,,,,,-0.3651039213154402,0.2529118491528916,0.30694897892876477
1.2815397259425998,0.48966716218917744,-0.96609142366335,-1.757109410529429,,-1.3103132760751293,-1.1523419978670382,-0.45419284961009254,,
0.06660516438035541,-1.242247547914372,0.39632326372536236,0.49315255591948864,1.1043438220213402,0.45922218138807946,0.6500071734632551,-1.4760574965039828,-0.8224473135496796,-0.1524732796653221
0.8594235936270344,,-0.27298358191254013,,-1.9167780106501817,,,0.03429844458008785,,
0.39729828864280853,-0.5815949260295871,1.3341757801081506,-1.056978644018464,-0.2389667289774467,0.032153610166886906,0.637306776669341,-0.9320424501436966,-0.0837617087232841,1.0414283185549258
-0.0049800707659044445,0.16498317565400358,-0.3830061065915083,0.002246484221250115,-0.029228875060750243,0.41071337195594115,-1.2328092603044731,-0.1376120988760191,0.13983636329794147,0.8000227441675676
0.668825618105062,1.3958149048785817,0.023021505486333943,-1.3024060702124594,-0.07429235769722768,-1.619997966969688,-1.6273266293178876,-0.6363088214847763,0.23387922149203857,-1.07244047246404
1.3303775214086813,0.22124436504341496,1.2397355019425014,,,-0.48114582742880707,,-0.9469981842500316,0.13730803562953395,
-1.0371027293625108,0.5920995367948452,0.5093091937812477,-0.922388832121322,-0.5590492998813302,-1.4747322699784853,0.0826868978282822,-0.45750415763565117,0.9792991014746372,-0.020393013629201012
-0.7707509481832283,0.006465891534185434,-0.30905654698572066,-0.7773377059365929,-0.16828683414391624,-1.3479570498000566,0.11888173063526264,0.19518108375908952,1.0383125031804077,0.13530544441390696
-1.0202241457461025,-3.099264379602042,-1.130723511175528,0.2957284583474744,1.1963385242604663,0.07296433741384237,-0.8448324582814677,0.2191345129902189,-2.43671676795399,0.02067261869154528
0.5823427569260139,-0.8029571738468138,0.9682036535546739,1.403576881110532,0.5588494912721552,0.3701791624309973,-3.479826158123663,0.2996036071865292,0.9636976914554245,-0.12490121870526542
0.8145525781836829,0.13887088635909503,0.04348192225170468,0.4821373524373673,-0.18821192750522328,-0.7653547989195789,-0.25426584127723345,-0.35339965657564204,0.3804365600462517,-0.8943773133780678
1.1612583179086662,0.3228169955035902,,,,,-0.6487718239115197,,-1.5679993793214428,
0.33771661367758776,-0.22490698802572356,1.402681466191555,-0.02786176906810051,-0.32954143491361443,-0.29669223812942924,0.749606823830894,-1.3634432415292284,-1.8337372651483888,0.21242145619190017
0.21117425262746714,0.5911105122623345,-0.025865865014256438,1.7594257655772916,0.824197686175011,-2.3007579926897685,-1.3719687145454358,-1.8682477413356553,0.07812094985788079,0.19076813536300788
1.7091611255016401,,-0.8978940669838402,0.2530449669005956,-1.0306355742012707,,,,,-1.3056758673635447
0.5578273128652078,0.00946286465208539,2.3683870964585982,0.7195428165244541,0.00785733159145546,1.0286637325582435,0.5827200843713299,0.7612973068584556,0.5122151902570629,-0.3750035588015585
-0.38366456483326133,0.7040619005523874,-0.6193324606266629,0.18143981183004856,0.5114070612032156,-0.5626991845543756,0.45685941513741135,0.03857116125675046,-0.3709294493304,0.7820636065792942
-1.2491091357281088,-1.2548472896365142,0.05610650266891552,-1.1115502374565345,1.299804338717268,-0.3221339575809916,-1.3844389317184296,-0.14857571639555212,1.7910672115080306,-0.8726566411933484
-0.6097978566974142,0.5653696912626376,1.4144364285085655,-0.9885537639620428,-0.7499525465721385,-1.5414020235099752,-0.011446402474965848,0.2528586102571405,0.9173482444622469,0.4331997037214123
0.11052384697656331,0.2657322611372778,0.6029699305414417,-1.1764819285048567,0.26011499089217566,-1.6556798930759093,1.1475692983606798,1.809378751576371,-0.5777636040472421,0.32155273465408435
0.8153515341676593,1.5632676897017321,-0.12473075122940425,-0.6976795179820556,0.47630982844865377,1.3267628128705538,0.08460516109743442,1.357436351465866,1.016763509613744,0.7420681040105731
-0.024055833343892788,-0.23847086113591268,1.7237997434445114,-0.8672886811865264,0.5205146230063327,0.4498003147772463,0.3505062913954062,-1.0801225538137085,0.07986297123506822,-0.5290445501656825
0.9353180247440125,,,1.4397935374207156,,,-0.6127931392738324,,-1.1708732656944647,1.4911149069368719
-0.7022567791300568,-0.33505997248264596,-0.16948806971867494,-0.592904274402162,1.3653058158125133,-1.703217050913923,0.5152834994826552,0.6050118672517493,-1.0450107789816652,-0.44892858957198034
-0.9946890246376862,-0.31956339402132117,0.9092675165434783,-0.3782056567212603,0.2875696660599914,-0.10152779086099525,2.008154875413985,0.13075459772633896,-0.8570718400901047,0.24069527610682875
0.6983645627081854,-0.5396583165230706,1.29013130865142,-1.6185730195027865,-0.42606332257453744,0.02077931268087233,0.9790880203817268,1.4126764283388482,1.3888123593285895,0.1612590288584615
1.1331993260031221,,,-0.4988559645547097,0.23516280941428017,1.2663011049760735,0.0879404695852936,-0.37910817912734657,,
0.5586202183688401,0.3901644958268616,0.9053208914481402,0.8068410452473589,0.6654799007934942,-0.32322164459521785,-0.5145696407628317,0.32530182703591526,0.239061657070294,2.4759900473873255
0.3582568202424898,0.09432884088339907,-0.5616878829923262,-1.0148877242341892,-1.5032577989800344,-1.0683697846316784,-0.2849755403342941,0.9709296313234094,0.4249986444721091,-0.9756864057403639
-0.6020458154483992,-0.10641481335270439,-0.3403366042233113,-0.8503427991466055,-2.458578600269983,-1.0600371963711814,-1.0053118474270197,1.1435298338205173,1.400020765344117,-1.873736185298669
0.755534575902634,1.220446533600052,-0.767607860709669,-1.625012639486897,1.6420284812748887,-0.18701065009292953,1.2764406216330484,0.08553699043926004,1.4743554210098169,0.4634332904868871
-0.35921937544121924,-0.4813311819034826,-0.57909256536609,-0.20099773162843954,-0.06667766199902798,0.3686183459758908,-0.39344645078002066,1.7596414013908201,1.6171958250617202,0.2883682474101906
1.8544061476390865,,,,,1.4551790247051914,,,,
-0.8135196312620033,-0.1684495461131458,-0.4307663986678897,-0.27991733401212116,-0.19796483587506503,0.2885525284364516,-0.6413884195433968,-0.5475562652310398,0.8874862487505729,1.1925718221893642
1.802170306002582,0.05021570811647886,,-0.29591423274165846,0.47578782636267936,,,-0.6114684067156292,,
-1.9224834583228962,0.07724685031806622,-2.4437419783426075,-0.8700545315197842,-0.002324388094034749,-1.6455984569523487,0.25798027875102464,-2.180116836480882,-0.07117533761044663,0.7378512222594917
1.1687531918613772,,-0.8797119784085399,-0.4059274093292574,,,0.20775161698090236,,,
-0.8552131207338871,0.7927323702825394,0.32981292434679166,1.0461493886211826,-0.3588143082821785,0.051575584907160944,1.0962630773978093,-1.1519009962790212,1.2161481091630555,-0.2584941648242771
0.7830878964595579,0.8135986567623233,-0.17747722620604947,0.03361641156796287,-1.3521881841656807,-1.7911304763697784,0.10696221263997462,1.1755238828108943,-0.17822023876196996,-2.078220061940217
-0.4731380633756135,-0.49677039710848325,-0.3537871935946365,-1.0217978629600826,-0.7249462579247277,-1.4962251932711146,2.057510995139231,1.6736161324633572,-0.9589082509906074,0.049344589655933864
-0.5965915607685968,-0.1573637732728442,0.39818560650578555,0.1908793046060322,0.982463502359054,-0.5103837755511796,0.013040267366030912,-2.471898698276992,0.16007079261812115,-2.0867923975422706
-1.2649905618075021,1.2714692236768603,1.2836888831553703,-1.0062797911751804,1.7160476177129385,0.7247140088260726,0.48034053301065327,-1.160892639505101,1.820160499619351,0.729981327240953
-0.7935715936871006,-2.3209518946252885,-1.16395590594951,0.1574324159898174,-0.21364498873583082,1.4963853674405614,-1.0684781612008465,0.30714699717006483,1.0473127918913339,-1.3165098025800983
0.6112918240522129,-0.015686229571125785,-0.5505077339636653,-2.1955774491685958,0.45479348382207857,-0.6743815701726628,-0.3805732343635175,1.4012048718974421,-0.03135274438029019,0.2431468172114302
1.9512794930373343,0.16923733225542187,-0.796722039021625,,,,-0.8972699791536853,-0.28631701312003294,,
0.1676388508115211,-0.8402798773178731,1.4241800402777536,-1.3775745682428018,-0.9807103427439918,-0.6597681836313064,-1.3610925230137727,0.5262362315572382,0.6814494705332561,0.6457310863510265
0.6882168242852165,-1.487561754375982,0.25740732205647227,1.3776793440043025,-0.3400317008882148,1.0776171645036852,-0.15873349831302747,-0.12431224074687593,-1.2082787651867024,-0.47703284416506936
1.2835361050816683,-0.6374511487061688,,,1.3491626865224273,,-2.3136538223488494,-0.7263805209383676,-0.7220006763227907,
-1.2552475292922434,-0.9870766194915501,0.6098498031051486,2.627020815429865,0.20421888787123532,-0.3494465415740727,-2.4716548863035093,1.9795826888131238,1.0655498678056152,-0.45682600375216065
0.3103704442352461,-0.472185552768513,-1.1763977996274444,-0.39702390921920006,0.8582286241027703,0.365062102243929,-0.2174938452285797,0.6516761156681098,-0.32237481846189403,1.2435136734553092
-1.0491932290758768,-0.3599214939284836,0.7939942604204687,0.7191624318466897,-0.6740793910692283,-0.8745487503545238,0.5126805449618245,1.4332198922453923,0.9017193803830531,-1.1821733055836552
-0.6731202936200488,-1.086064886109012,1.4165333313053836,-0.06136446597238281,-0.3067250618744182,0.27407617060669254,0.4730321954790917,-0.39321610070412566,0.2820125453042146,0.10077964254334652
1.6411119172565172,0.035222566692012874,0.4034871746840283,,-0.6174133495995064,,,,,
-1.9561237031896814,1.4439294722535145,-1.649557239600497,1.7923250021931658,0.07666315762276951,0.514119013188591,-0.04439419439689918,0.08080685482288566,-0.9530278666969061,0.6232414029607002
0.4450151535068012,0.4249295455296886,1.4968374948247103,-1.4006785710360692,0.08199140462271677,-1.4880562052399924,1.1682804827390403,0.7320734300827357,-0.23583099496527918,0.8888075316628999
0.5000655451025207,-1.4849671216606226,0.6569408367924071,-0.8551315754053317,0.15811999862389273,0.9405748921465351,0.04882247152794604,-0.06520308058432563,1.4215672441262655,0.1769942145803434
-0.2577296541096473,-1.5821654987047435,0.02477328093186414,0.6991654709522117,1.49464461434769,-1.5634046591244033,0.4489944885107561,0.6891538563594459,-0.4228802953342857,1.6596787731479965
-0.8385117125459187,1.8320712265928059,0.13895961880955063,0.7706031283864788,-0.40662927533047644,-1.5341894193440442,-0.10305099946634087,0.6473242501539763,-0.5415597686855347,-0.28042194231113227
0.08295406093006848,-1.5186415456459148,-0.2841154290315011,0.21005176352336974,-0.529629608717384,1.240579532361377,0.22640489930370333,-2.1324701054579194,-0.5114625401511845,-0.6939097050663374
-0.8565510494807018,1.536914662808618,0.6242957289404047,-0.38082097984696905,-0.4702707974574928,-0.31801952075615847,-0.5844490563043582,-0.6975981944164108,0.5056241392488652,-2.063945031202239
0.5189460094430676,-1.525013723382778,0.5114191947803448,1.0659986566950712,-1.04156823669187,-0.730818349636436,0.9749936847042583,-0.31335047138062877,-0.7815864596706079,-0.7240910393698884
2.416506504765444,,0.5066182860729295,,1.5643413733327276,,,,0.14037603747890773,-1.0273643119294735
0.978753058506046,,1.294465179956357,-0.3810894897620612,,0.742032692629553,-1.2078566288177666,,,
0.6624066965978224,-0.2336721409107809,-0.8682420300509047,0.34637859867866594,-2.074042314217738,-1.3281150437681852,-1.0367320064575816,-2.39635787094668,0.3629689996753881,-0.8545814483751987
0.23541805610706992,0.7462594988417747,1.2674682998325932,0.7980367530065126,-1.6021458780095255,-0.9026698373358144,-1.7380418849796626,-0.9175320511911035,1.4656759759206255,0.29807698612298844
0.9948229761059812,-1.3359358308541422,,,,,,,,
0.10979086711310379,-1.1167861495774105,1.8789206826384337,-1.2870013104018394,1.2956200846463268,-1.9255951638775775,-0.273078696937093,0.37708430156284517,-0.7301922514698419,-1.50388069896337
-0.8253733283567029,-0.25080877252195594,0.16588153918051915,-0.12238643696030665,0.12388890573161693,0.3322526139598658,0.669657870911072,-0.46255792994457734,0.3391184290210133,-1.1766586693033911
-1.6106028862314474,-0.46631397750673237,3.105106906327978,-0.01353812771195213,0.8401643912892759,1.1863555560212482,-0.3115777436693815,1.485739452460415,0.4950216863141034,1.0915800858065765
0.1968166470355147,0.2526348806193268,1.425319684498872,-0.48745212722077585,0.3323272563113301,0.09627034806661097,0.13970664061870464,0.7014749882093979,0.33929199527483733,-0.05802001417142038
1.698342033475726,0.40408125861977895,-0.6202180763624306,0.027687357045999613,,-0.5342681212237236,,,0.5177853496006695,
0.5830345680511361,-0.192940713684684,-1.0739532200111894,0.530339451363851,0.3233159978910439,0.5860669173346243,1.1209530913026795,1.8463529052683032,0.09693463428102508,-0.25612345159270766
-0.10425129954110693,-0.33626752794412434,-0.5293897703715882,0.035338798676565635,-1.509084681842745,0.8563656943139867,0.37520488220776377,1.5363458535793184,-0.8407355588691484,1.4569348923425158
0.9683560755906239,-0.9292597302265021,-1.0727631845304977,,0.6032118611566103,0.8089749204903313,-0.60764351551502,2.419915827881388,,1.1891743876415
-1.716010563232349,-0.7616834254946169,0.9062698215307501,1.7695418640054938,1.1422666329420075,-0.14073492447794625,-1.1313749004248346,1.2949345648012651,-0.15470803172833933,1.47174633791504
1.1689532039023438,,-0.7866270219350798,-0.7261333915473911,0.628289175559524,,,0.6500565920473733,,1.5928588327981963
-0.5934112237275191,0.5677775098219895,-0.8068877310332732,0.9457245938547847,1.6322672614850504,0.24272548729507112,-1.6348193447969421,1.0656099651793063,1.565520959479899,-0.6886414889433639
-0.6132623056748365,1.0351166605067914,-0.8679300392180668,-1.059066737000672,-0.8438967356589064,-0.39166170968701886,0.8037130708960171,0.21551634510228596,1.0119701566456003,0.6306855935989943
1.4086467743613542,,,,1.3367737418933852,,,,0.9264844110936501,
1.1906583866425853,,,,,0.8159253567909774,-1.3344091223002346,0.09234904011557357,0.01108675831896444,-1.6758438702398404
-1.746720479564087,1.2115649896314682,-0.027102457309195735,0.16317668232358803,-0.2875947014944329,1.2672055712996653,-1.4967140935886278,0.846788334626163,1.979375958667549,-0.802066959575006
-0.9662811179094987,0.38843928849477893,0.6520451135376725,-1.2811552318292334,-0.35621205306382636,1.5195107501661091,1.9150780232015225,-0.16207661384579888,0.1328424257249502,0.32053537011718547
-2.782427884737159,-0.752132315313782,-0.04937932086286953,2.3451207479862357,0.42495466137852184,1.459833632632065,-0.18901507860257866,0.44999477014190975,-0.9602497261509331,-1.4803556087435892
-1.1334187049149147,-0.4478607069282612,-0.10385278084531235,-0.6488675298145378,-2.3690948851947136,0.6466591553964008,-0.9093448006419005,-0.049502747428400044,-0.8258114390135918,0.9105036495194869
-1.8508460717234227,0.8027238354107517,-0.5627767679467293,-0.4513435510656942,-0.08586955232046596,-0.19940860731096513,1.2654567178372313,0.5175933214204145,1.200685235526076,0.36435399523187934
-0.27048999454822564,-0.25383509382894914,-1.7344955062000103,1.7625632873955803,-0.26869722387227357,-1.9175963374028504,-1.1673633966993209,-1.711670583851202,-0.8628977623984763,0.41482480507105335
-2.205507938932358,1.1772832044743167,-0.771656784995846,-0.3585791783287107,-0.21695426895617564,-1.2414479840151527,0.573531750033303,-1.5516774472883488,1.397721839162713,-1.2039273402258914
-0.18068569694943926,-0.8287092938357037,0.9501567016568389,-1.2793144768070914,1.2608296019107184,2.0063625288085283,-1.5311281971620612,-2.0327420663105684,-0.41386944951670335,0.005988646072577692
-0.3638312523905838,-0.4184539506626894,0.5513709281549928,0.2201289892551028,-1.7327868660229682,-0.8612450448696378,1.197364202560216,0.03130498960691341,-0.1670179851140413,-1.3923712702499087
0.6242665559315929,-0.125154164152909,-0.12615749240225177,0.870363077343393,-1.1606283827865425,1.0665118365664963,0.1958145839328302,1.0510788311312913,-0.3904922560481646,1.1768685021248395
-2.9296368305604727,-1.483284318395321,-1.0298622070550227,-0.8637654930461695,0.9938245800692275,-2.0518705404756443,0.7875776353892991,-0.12425439889828567,-1.2335028885999573,1.6478213935761419
-1.4583697460069263,0.7936727552104536,1.2107712554684427,-1.9773998375860757,-1.1491990980373916,1.2453592386817833,0.06925851226119831,0.5638827223576511,-0.028038762731115597,0.678604957588435
-1.3072472116803349,0.645992421975224,-0.2630957664511992,-0.3069854922808735,-1.456455509812121,-1.6493555710728813,-0.2377168975257692,1.1322966597083288,0.10472857330471413,-1.0695646703043153
-0.27067155416368255,-0.37245588574836835,-0.9192458949162935,0.32290816585652493,-1.0623718750821263,-0.7780778285147217,-1.1876051524561069,-0.8508174507179457,1.4426753332392246,-0.7971928204912974
-0.5702123083156978,0.7097923789378578,0.9508057048083718,-0.5939873954549655,1.168017361450884,-1.0697694666831359,0.5939917081959536,-0.15922733428885574,0.34798266885101403,0.5199457403855677
-0.15059971445760145,0.44079044110621346,0.7013541658002382,-1.7022620328699287,-0.9568607017376911,0.8330323976261043,-2.001475344675541,-1.2119862713456238,1.4649586674090451,-0.44972223276381124
0.12284165870763977,0.3330856756468349,0.3786797844613638,-0.5839144118499747,-0.4256809858538769,2.0783807895428144,-1.395641909358601,-0.763908683722427,-1.233735183133319,-0.2700238457721117
-0.9978866871939371,1.1961935233915602,1.5144148568600804,-0.1104798584291263,-1.0936056774092853,1.749146356620199,-0.8346470458599697,0.14492145456264235,0.291412224027506,-1.0591809441615696
-0.49805558486577006,1.7750271439863055,0.19582599557526043,0.4141880439795436,0.7369257574189212,0.35036933046167695,0.9313818365485256,0.4657716473120731,-0.20965321464451403,3.0843174792195645
-0.6629791409295467,-0.45623073172332085,1.317394482800135,0.7219793103364888,-0.47400109057083845,-0.549366807821781,-0.061494140665311316,0.2555547149403861,-0.05447561528465741,-0.5738317508878
0.6240780019740375,0.011979616525875005,0.8309587593710276,0.10065259304368943,-1.5597303750367,0.4463612530386934,0.9359585212956268,0.3577677879519116,-1.6199791543022681,0.25563652241978874
-0.49972014710358353,0.03137344610729959,0.4685525496362154,-0.26939554383597325,0.6072904561490987,0.4566523812638057,0.3307727925554658,-0.38136361873138,0.9752291435884295,1.45092262766948
-0.030741217334960907,-0.4954447671648142,-0.41565976785330316,0.7834100142267756,0.09234873570646959,-0.24487546946110308,-0.7450404842017527,0.3863136182550613,0.6083483552607504,-0.07862702260780315
0.2689119785618701,0.49208147162414767,0.9161673112037326,-0.8822116324027982,-0.7194964392201012,-0.4081047260880791,0.02317755243423968,-0.47019211088028,-0.2874830465299662,0.7129948189131489
-1.453956841914312,-0.7978844011051454,-0.6906464729114346,1.2420619262230759,0.06983325190890269,0.21795242438117218,-0.8447091428611655,-0.5003512481564192,-2.581113842502157,0.04412676768005222
-0.6858090252130423,-1.632049126256876,0.2861393148603816,-0.9501935908341367,0.07861691325799985,0.265578187345798,2.754848130519736,-0.4114870899418899,0.17051195933145685,-0.06877125054360482
-0.7846788250993543,0.18204363301908308,0.7492823913416611,0.5235516700493538,0.6706804386618334,-0.8154307649483147,0.05362869192812518,-1.6128079206899884,-1.7469506450679018,1.6783987802736935
0.09199861514174919,0.609703579126177,0.6132426564181003,-0.050026184175079993,1.312900676209505,-0.15880916187732544,-2.1760895043484325,0.15497073993697222,0.9164989304102722,-1.4307853242245754
-0.30234813427460466,1.0898786634616304,0.8675298345788712,-0.15145467073459398,-0.7913420367960173,-0.028233957204202912,0.22116877104164184,0.7192966350799761,-0.16606115257273135,1.53165669485615
0.20970549992206636,-0.375457917047594,-0.5776149600666921,-0.8798413336506744,0.9985287933392262,-0.22415556495981695,-2.88014782455513,-0.41366639623825024,1.2058981168049387,-0.4853243362383216
-1.3730380222448915,-0.5011142168331209,0.5631392821648256,-0.2713656539542135,-0.9630197629187192,0.5542686638491473,1.1223898855690886,1.4312411622697123,0.1731102094678657,-0.20675218739473095
0.4037539893243594,1.2264117617871082,1.0091072454864314,-0.1021206955938326,-0.97855601003412,0.2169654853918718,-0.038890000983748965,0.42886899983426585,-1.1184459655395027,-0.6823258470327322
0.8543055324544716,0.16237648699111285,-1.2009535354194951,1.2845321701740708,-0.3181061159768998,0.3565943162217256,-0.5097439522632299,0.24934887797677066,1.2863613494962298,1.2917271659340877
1.5235804414814598,-0.49964573191491984,,-1.693629508112704,,1.8284169778983874,,-0.8539050991069607,,-0.26339181065350953
0.8055475780067826,0.7387801460334255,-2.0511920469195677,-1.0614727054551254,-0.1699133748620301,-0.5874496926413812,0.3490454659019167,0.39606828857984494,-2.2587208511341923,-0.3233011154667751
-0.8618078057822899,0.10802563364674764,0.6610260673534427,-0.21696952802816075,-1.286062401028008,1.3159231727869414,-0.7896270353882003,-0.5274878760205167,-1.9052247271405618,0.5314485426290446
0.015539488317873017,0.49133591369589646,-0.8080852958449067,0.6496790556074196,1.4156384711024053,-2.288914595453393,0.4443186113565794,-1.4634826199606543,0.45137752919150076,1.070955735327507
-1.0347394640968526,-0.8105516771991127,0.1361891697209089,-0.01546576309726024,-1.3678188411437844,-0.568245162008026,-0.7714815859639745,-0.22849105747172208,1.754451131558669,0.1572847141199573
-1.0749518514141314,0.27182574796491243,-0.2573906101162148,1.4382676982797975,-0.4459605991638109,-0.30315777561435164,1.1121641156436897,-0.8476108256045237,-1.191651867918911,0.2715042098127226
0.1694395091687887,-1.3290986022428066,-1.9899153275173929,0.3211225828775017,0.31487141036500205,0.5412128508455296,1.0075981312451718,0.09996902795070844,-0.1545086430428578,0.7176497667172593
0.10208328026912664,-1.4960613798318492,0.2334398929865087,0.6513889657406853,-0.910597963783168,1.7118937734768858,-0.31667159636656805,1.0737737960478202,-0.9827753994421947,0.8263081117788621
1.3748049115414334,,0.2910995270797934,,-1.025656739056686,0.11245094666295562,-0.3236078835301393,-0.2631743263487179,,0.8561684665484057
-0.4195205466209184,-0.2959164237791127,-1.0451904602386268,1.0788326288462642,-1.3101619660535282,-1.604942220885871,0.14003767604915615,-0.4964192363173558,0.6271827005009811,1.550890273779979
1.2839107067584816,,,1.045724203937661,-0.45424396866986533,-1.1406440443123966,0.5430122151153118,-0.4319707911308295,,0.6745342365662637
0.7789067558556912,-0.3058828728945064,0.1363616913920242,0.9226202353654335,-0.723803029883565,-1.5863046489277186,-0.49093792426046123,-0.32552140238774246,-0.13174227217417445,2.2626252535978972
-0.7268611967533624,-0.1655382274755826,-0.8625750669574723,0.23559544322100331,0.5223784158028817,0.7470022775859723,0.2520304760000026,0.094374525230147,-2.4248885522118173,0.7160483120524036
1.3755517338282663,-0.7825874459091169,-0.8664018612395178,,,-1.128972137945478,-0.1252106445105514,,,
0.2133549046946696,-0.8554356735305717,-0.7127707686345998,-0.5730119226360159,-0.850360150848431,-0.8999219203891367,-1.2796582438855175,0.4716813697830113,0.30055930947036125,-0.4222255035764956
0.754544683081612,1.477698924461516,-0.7082084432337932,0.20986827035270542,0.21074151857335668,-0.6412442054144406,-1.3012419885983595,2.4497128994112076,0.3432804657638195,0.030598160310202283
0.326319596526569,2.425321631843182,-0.2175108729005476,0.04859473090506107,0.05971799384746169,1.0908852402755285,0.2701716470695898,-1.5519475515980015,-1.765241721079476,1.0348097755482724
0.24755091532052695,-0.33275765653972034,-0.7919071259382328,1.7469551804978567,0.23072212484686536,0.5212724378234525,0.8166750454587309,0.42892602296917487,-0.445299445055747,-0.20108594046863026
0.6464840831428299,0.8875585270659241,1.0575456956830016,-0.797345021799784,0.18267421944130682,-0.8059579898056614,-0.12037635582812745,-0.2554357744564398,-0.00832551345276946,0.9231214651252483
-0.8504299920896456,1.961765169823476,1.2490923801267046,-1.6133157954975372,0.3077875057755944,-1.165166909476315,0.3459829794585762,-1.436437104311913,1.1475598747196503,1.1936210754322412
-0.4823015030538769,0.16087821578264627,-1.287952118484881,-0.5700760970270247,-0.1787180295798832,-1.587931383819879,1.6123059369339503,0.11519383998115208,1.2230306214685318,-0.20372450393731037
-0.7217995138509948,0.07593179163868678,0.9280187139473072,-0.6999297857298199,0.2327179286662431,-0.6141579259826736,-2.1597751407128265,-0.3856284658241863,0.10377623642241914,-0.022971266255574146
-0.3108535459059587,0.06692816010811932,-0.6722733186216167,0.46946119544609666,-0.4742261870865326,0.7903641674598243,-1.4162958464834678,0.055734686061294454,0.45891235136591113,1.2159532486723792
-0.567013024544557,1.136470028701213,0.40189556244087915,1.6920939116307947,-1.5068202560271915,0.19856450934000183,-0.07506504531884677,0.12353530157179644,0.8319001446346898,1.3537852986381418
0.2887765762765959,-1.6462377435581088,-0.41929489782923124,3.1151498843699983,-0.9951741604774467,0.13884603016712435,0.6871382539311177,0.9558948123228832,-0.6450852937169461,1.402037775948734
1.1797144412680858,,,,-0.707378988817284,,1.3301549831596982,,0.573592161510868,0.10942086003137581
1.476359719486081,-1.611600287266067,-3.823946149741148,-0.09906617485410475,,,-0.7508517471306598,,,-0.4293354261426683
0.17389265385165806,0.6300393872801547,1.1121229018801704,0.7643973372655394,-0.08161122982545017,0.3981133154647277,-1.2290090683102168,-0.8937244951593295,1.6535910218776797,0.989261911351652
-1.515495387482679,-0.7492546027031632,1.800582373614786,-0.8191599392688751,-1.8962683668021312,-0.5597074565200936,-0.5336591856017638,1.1029986549116624,0.8261937537765286,-0.5010737523334144
-0.07888695743898116,0.2821036098827828,0.7177800998698478,-0.37698613611230625,0.28958963061163595,1.4281985748784194,-0.14679574872916867,0.13882493697672346,0.6092910716819233,-0.5710592828632411
-0.8844712156823785,0.3941445153998717,0.581896834652987,-0.08159517537193114,-0.6365794852915445,-0.4655828327902685,0.2603877654750636,-1.176560881777189,1.0467837266662183,1.5650182121931075
-1.5007792668140634,0.5559158574745762,0.7931343032817268,0.8729923322796032,-1.6521731639925594,-0.32388356708867855,-0.5684582713401461,-0.24364046548327878,-1.2347805023719034,1.725462133306493
0.43630623838046495,-1.0165608408737261,-0.5513806282767566,1.4016448776983443,-0.10036091804983074,1.2789712068557637,0.6757470422229513,-1.3574932312634884,-0.9894339870797065,-1.173262138568208
0.4664305976073452,1.9064021535865232,0.17313035963007772,-0.10738108294103024,0.5369474125368101,-0.0755287758948446,-0.33719186920639116,0.19315612392830758,0.7593932270003427,-0.5093799366574318
-0.9990819189814685,0.9475472656715708,-2.219017344941898,-1.3234073235075072,0.009111287639612612,0.8878338582993313,0.2020782139124801,-0.5731948732712043,0.8073066162190702,-0.7854518431399782
0.6648713622746238,-0.4520939865783595,-1.192322630392656,0.7111283020418536,1.5779596806258973,-0.40038987718231867,0.993709185175684,-1.9829746846329783,-1.369788509418031,-0.9887662284167028
-0.17779563041644453,0.46260668863194615,-1.2407956713733561,-0.9561665540007115,0.7880672615762777,-0.8760069243567354,1.3507511264896626,-0.7621936009565321,1.1265872954960716,0.7785672780331115
0.0469480009234862,0.1842878299183534,0.0931128586139329,1.0970122091675565,-2.2152167328568564,-0.3728241970810096,0.15577217320479828,1.1731397707715343,-0.6052856401432262,-2.121166257676247
-2.550615922144128,0.038798631747453585,-1.3470511354325072,-0.26719757152189266,-1.3102025224898133,-0.3926133994157906,1.9212087975980447,1.2371948907055392,-0.04935425526884341,-0.3093322922618746
-0.9253100078361066,0.5253800999253829,-0.39167987907012586,1.3135866244504262,0.08190250099466467,0.12346137074427113,-1.7065550692707887,-0.6068858742407782,1.8315573791583182,-1.575582020280852
-0.2875113993409263,-0.2653415098234642,0.2164601857517011,0.3473201686843972,-0.5877630562927233,0.8218398715266111,-0.6706497711780905,0.5266905144821339,-1.6023859293229497,-0.8229624768225191
-1.5716133574799689,0.2128196045123999,0.25410432778027775,-0.46116036770368574,0.20794893077398258,-1.244804705716512,1.176731974866013,0.8367708006791951,-0.9990095558362972,-1.2559228854047415
-0.5499438182828856,0.17136030790702889,0.06074935378278223,-1.1176951335337892,-0.4822367391123803,0.2736481695263518,-0.459968168572776,0.046613476234427964,0.9363452134451429,-0.6782835982963914
0.8451865503590039,-0.09123623440591815,-0.1718277376906329,-1.3967866488703788,0.7395629109285812,1.92875352084312,-1.0667733720016392,-0.9584310767670349,1.5314773910162864,0.629970721854699
-0.6900830193755536,1.6753412201960358,-0.46010052829371395,0.02732901048385497,0.3373179530206091,0.7605333127136976,0.44106198659476714,2.0639022552168216,1.37288066216316,1.5703602708204722
-0.6617671150788306,0.3236880820198915,1.6844808493570438,-0.3969241899264988,-0.3890200900517345,0.9223020900809833,0.468240227951704,-0.01882493846229915,0.2731246989429738,-1.8213377616190072
-0.3348610268196576,-0.8494013221850405,1.6039759105123537,-0.17813215067144714,0.08454838003872092,1.1015217755781015,1.5521564271445907,0.266798523824056,-0.8515112065892269,-0.5486990274501273
0.2940915609563397,0.32308119162803417,-0.809264176046789,-2.0609574637111994,-1.6215632253154653,-1.1860724579205535,-0.21934161546882627,-0.31799678931142045,-1.6632000398510043,-0.24424250794162222
1.6665586559723538,0.35613902516643503,,0.004859852111322593,-0.025815222046737602,,,,,0.42751838819590154
-0.8578931357926354,-1.3416344101802355,-0.44693486151442474,1.531227058678301,1.7862034553531922,-1.6091226518151789,1.349540319508912,1.8270590970919312,1.248579694508315,-0.4531948858184291
0.8212284040023482,-1.5418563434771373,-1.401960095085173,2.501290563007224,-0.45395621499508076,-1.137947319101425,-0.35388502257630655,1.8679260886168667,1.1666714872823907,-0.6618282236631255
-0.06228355173128234,0.5030700756313001,0.6842869342674063,0.5185791979517538,-0.9363841976587757,-0.2174225407795399,-1.093106714722178,0.9695599366921219,-0.08002935960620712,0.3515921542990888
-0.649843768377132,0.6562335600205882,0.6904627817613413,-1.4086741964536695,0.8105052929639314,-1.1395512566079211,-0.6642036202606053,0.9370397372612941,-0.6321245435113698,0.13757835234722918
-0.07262040605835524,-1.418451765708757,1.4342110190540547,1.4472388797576363,0.4850829853740308,-0.27787263160260234,0.11848279947218544,1.3613461523895545,-0.4952523398456618,-0.4037616380529905
-0.19716238959254395,-2.15681980488757,0.7249810548059049,0.22195098015821205,0.8591208553105851,-0.4412694814770174,-1.4176888380214492,0.16783849713284926,-1.131849794047687,0.6033914588120571
0.6886594455281455,2.171988885795067,1.4383278857225898,0.3068415627990608,-0.2213006409479296,0.917060911808786,0.3380242622140948,-0.4357534306913162,-2.03050682412495,2.3333265736846696
1.1027146554376819,0.678600208997468,0.09430990665748913,1.9337820150462348,,-1.3585831776270347,-0.22219491828594196,,1.2407005880935313,
1.5609847231881173,,,-0.1838538265111815,,,,,0.1751813005468624,-1.5007658672579447
0.06991795807736546,1.6981072243119255,2.056808465916533,0.5122168429468866,0.3230202106934354,-0.1405302376193918,0.010770196556567727,1.4869655198353144,-0.8343008218107006,-0.23855704549317108
0.045745254783153014,-0.6825356104870615,0.5291537568822056,1.5724376355666865,0.6513821358167811,-0.6832877544540161,-0.7344009753770218,-1.2586878769800531,-0.1006952114089559,-0.8247416655213636
0.24938300728431073,-0.6955151934034637,-1.402445275989167,-1.9356925512434957,0.6287520595888889,-1.3894329006578123,0.49647576825787454,-0.6508822364964745,0.2616313188007948,-0.04829112029061411
0.1478797813076043,0.9544378198558466,-0.708552478790203,1.487421935501327,0.763378525906705,-0.3379330493057566,-0.23312793204592078,0.11346284089967694,-0.4286061479003291,-1.7414816773526083
-0.982437428622806,-0.9857194083881543,-0.19943911489563776,-1.2202500440913713,0.8274717675212813,0.12645560061829167,-0.41777056364220017,-0.8215497571694637,0.01737219992834557,0.9364774254281433
-1.8838960407004621,-1.5039312068333777,-1.0343041304751168,-1.315707278214807,-1.4524645684642374,0.005387004511775168,-0.04172042752411162,-0.38200294377183774,0.1969477792953146,-0.08299304111925929
-0.7626548084835497,-0.43589190994268706,0.21221357062541288,-1.2189023633273262,0.29308154720856494,-3.2145897301528112,-0.0349191958707176,0.3158487417408566,-0.9683055416390723,1.062825513685008
1.1434551294799615,,,-0.8017144403393126,0.879760190693828,,,0.07678669004702439,,0.8350822008324746
1.6665657558303504,,,-0.5115312938074416,2.492326663077102,-0.9085894837041846,,,,
1.985994634178621,0.6164043474810114,,0.7311829957302827,1.045330456584447,,-1.0089805915702583,-0.8228699806430001,,
1.342017143318153,,-1.18665589048524,-1.1476898699085578,,,,,,
0.8755420633802319,,0.433717662489291,,-1.559672573467415,1.368093118624865,,,,
-1.4461026049869552,-1.1236045351880077,-0.9377505055370454,-0.555303950186254,1.3221056109397964,0.5964724862034309,-0.919344351447589,-1.5937796072996349,-0.917425851150059,1.4454730401697469
0.6638461504548481,-0.18039225270697556,-0.01701449914431493,1.1451771410244214,-0.02226920464188803,2.2656416792494154,0.08203710570705229,-0.9316804140174301,-2.020438456701169,0.4417981805328007
-0.2096605135833065,-0.9373159803209066,0.6917324065101634,0.2700810560615877,-0.45950640216179645,0.30583610629115277,-0.13732240726908498,0.9242425566932114,0.0905090311149559,-0.3822811905377566
1.2457546371268222,,,-0.5982941623696229,-1.7846899823362454,,,0.05965372278621118,,0.5036019623691221
-0.46767564974814524,-1.89818481905231,0.7467876703666912,-0.0829345561512809,0.6971532444564831,0.6255233470845201,1.082321406311217,-0.8862342870728831,-1.1880010401134118,-0.09016243814185679
-0.14961012703794344,1.247909750833623,0.5112654344231665,0.14811139171326343,-1.2144518730257459,-0.7055675813913668,-1.6149820082740083,-0.8176441487927868,0.1833391798299861,0.4513283427797522
0.6419594605867507,0.7651346611166094,0.5696936373636534,-0.6006905018236579,-0.7634749798523345,1.300149364776558,-0.38977474985942734,-0.3449152017794441,-0.11689557542292271,-1.49110669857807
-0.182948071094862,-1.5634357079199612,0.6291337323454028,-0.4420813741415645,-0.5824105443263338,-1.9180706658171163,0.32092096427917016,2.393521026511732,-0.5716994097507161,-0.04826270725375635
1.57902099271973,2.3699422488121544,-1.2089483762290918,1.211091483069458,,,,,-1.9970759566812455,1.3100545108898485
0.04188378732501262,0.6192523204157301,-0.3465116396608962,-0.592541177474618,-0.08390026854873239,1.948008752372769,0.19957857301371518,0.16183548632416808,-1.0524185161925743,-1.003387725624914
-0.6776946068150428,0.6153269129756196,0.32566403709594755,-1.9761777190961758,0.44775659282799163,0.7194028377649476,0.5895244123832142,0.5701689010091288,0.5955090760564384,0.3670632470834672
-1.3349628963373896,0.967753433359603,1.7220249559583813,1.266100720740467,0.2742040338298742,-0.07383169370886024,-0.6274853305666214,-1.8741154554661188,0.9668889467320495,-1.4825370259946056
-0.3587807926235166,-0.38035512708751573,1.2563231096278118,0.6643807686089659,-0.6145391181988537,-0.11337730373792863,-0.20800679179740192,0.6238660367446508,-1.0106123291510627,0.29440837800545067
-0.20298793894275818,2.450352430397718,-0.7895004270532565,1.2241783133664002,-0.42307850696552063,-0.09030097689881687,1.3566542689777783,0.5499615639996791,-0.10916355906230141,-0.3514359371437836
1.3932134723890637,-0.3549519178310885,,-0.6778662421027679,,-1.255345482884416,,,-1.19710757976721,
-0.37136129102865,-0.6032009710589967,0.1066881056200118,0.31377462656331473,-0.28694309693017783,2.0081692928424086,-0.6570625355527936,0.26039481725048214,0.12239865266648393,0.6101722975019575
0.21305154526811507,-0.8358455044599797,0.6526858159130914,0.021838616616778512,0.9826111422469382,0.7863227113080489,0.6043350509910502,0.935518983540356,-0.5625726105064032,0.09550412618727805
1.1144478083180638,0.23825600448951223,-0.7667098652038651,,,-0.5505328504783045,-0.05000121902677684,1.4108931775967857,,
-1.0000356278993183,1.1993724936400008,0.17175818581087177,-1.7075809596865419,-1.2169776869435627,-0.8590254514789264,0.13393070027248077,1.1259369864683406,0.38937777337446455,-0.8607061902256281
1.445854755725466,-0.061402200802041416,,,0.010084744008992171,,,,-0.8292427814207325,
0.39612942164549614,0.787352583243783,0.7644655044958233,-0.6605494726400319,-0.11540976869212971,-2.2482016654976804,0.13569195770403866,0.2401855950642254,-0.20221792834060978,-0.958804428355111
1.05657287566658,,,-1.5196270200611477,,,-0.7566457187719642,,0.3144069060397477,-0.2412101187245611
-0.5034585524663501,2.360224319696417,-0.0827378275489705,2.8342285444728144,1.5332025738515096,-0.6692909037524243,-0.48605055529576807,1.6172472992052538,-1.3911636864417802,1.4015758185036165
-0.11299946418162587,-2.48229215461684,-1.1328746924857156,-0.2394188315502858,-0.5158635344234102,-0.7193511250739829,-1.4815404359058042,-0.03532354856652379,1.5265827195960389,1.5028545034574041
1.207274609443665,,,,,1.592694182364602,,,,-0.6512086538112462
-1.0804537264041651,-0.329506595421665,-0.10079453630537857,-0.2307353340365647,-0.9033799723100769,1.1064764016490947,-0.18339511953990584,-1.426050510132864,-0.44762687109656507,-0.5609733123307983
-1.8235201527148688,-0.3847660846138881,1.2826264464132566,-0.2542901246451737,-0.1869937169383892,0.548556048559668,-0.5971202325764781,-1.0925045027112665,0.7005178715507002,-0.02120994149624741
-1.714925393347464,0.40843591930069606,0.31597675298694833,-1.7503459942200101,-2.392610186993531,-0.6684412181706861,2.541427903773717,2.374572728201281,1.5129923858131786,-0.7557019096606599
-0.8310421836132403,-1.2993717533742615,-1.236661675620524,0.6195963303445564,1.7351086043600232,-0.25227876514724756,-0.547944581312219,-0.9244604511457775,-0.21709169247154642,-0.8620946834256377
-1.409415183240796,0.18035964322282033,-0.8048818178229132,-0.5256109609650369,0.01438832019995768,-2.070458124763283,-1.532205893609,0.13105394825722433,-1.1637277833640736,0.04822623783629798
-0.7340837432316539,0.279187225995796,-1.6008642424650494,-0.8298371581420929,1.6039273970643315,0.3685857329866922,0.9270897652137925,0.008670358462051532,-1.2714481811025349,-0.739855121921855
-0.6551033984905643,-0.6517352407644362,1.308844314072984,-0.22772174808604126,-1.3924733743050177,-0.681820064221962,0.40477600753885823,-1.516524296617979,1.0878385629316945,1.453607310054829
-0.8450945301353235,0.5255712548502796,0.9447963857546989,-1.022844380146046,-0.42208661270558234,-0.27666441886703197,0.3698280329336341,1.4563698592299625,-0.2685822172418761,-1.5334112460717815
-1.7791789925442745,-0.7812951508937224,-0.3002624560114553,1.1801470484755558,-1.7556934526710184,-0.201590840611354,1.4610123533246615,0.3761904309427321,-1.2602178702858648,0.1484326669588398
-0.07983100536298325,1.2135179334758859,0.6902246882486034,0.23460574271147058,0.5134857334483129,-0.008175695635546017,-0.8172018230057543,0.6696821658828362,-0.7265376972943833,0.3065512934651891
0.6451732169684855,-1.3080009252147182,-0.27995081478317824,1.4997630632113002,1.2775978806300619,0.3731367350578813,-0.23878213014797584,-0.33135776823821733,-0.7298348682253738,-0.13124485096397012
1.2303864765998187,,,0.9156301883012951,,-1.0499100042013454,,,,0.4234607373598078
0.28688288895139274,0.3794729204433783,0.05799048820960923,-1.8605404580414993,0.0006475283439889011,-1.3741457736865792,-0.8048606626504645,-0.7899533267381195,0.4867752501682536,-1.873352494932239
-0.28444332602887346,-0.181039619216294,0.6885361494467888,0.012442454481428979,0.4588743835255341,0.02810439076167041,1.623591029860994,-0.5199883128442813,2.2457019132923546,-0.6399624607195397
0.6966111260550405,1.4437577269891975,-0.2668880939889395,-0.15189013654337327,-1.423029325156401,3.3132124636900264,-0.28214393252700465,1.3562548320403391,-0.7690129017805319,-1.4567845015832595
-0.687309995637734,0.13303611932154244,0.07408585527173125,-0.6996456039005435,-0.4935314411257305,0.10409317813034831,-0.8242890249182534,-0.5063225978314603,-1.1186868384882003,0.7565439112239658
-1.347122039334796,-0.3346794973934492,0.5087138100738134,0.5853458753394777,-1.1593138594519936,0.7642200087955064,0.45387721744204634,0.6529936514876222,-0.12372419909818916,0.43952185417681977
0.5937399409114295,2.475697038295386,-1.7235780086540715,0.40901569151254374,0.7252715282782751,0.29552194729096287,1.0111700317175722,0.9584638486277252,0.3580320026778788,-0.1000876949419831
-2.0579587905969903,2.1723029880243447,-2.303382950230527,0.6667542458183322,0.3962038655280914,-1.2712687145134198,2.3183129489947727,0.9620159855708951,0.3656771223829473,-1.2363549069568904
1.6055933325154175,1.6739624135147224,0.22974479891693603,,0.28635113854881666,0.46145904049320624,0.005528255806333335,,,-0.4787648568492286
-1.0962120321947175,-0.15948786728845094,0.7647187573759615,-0.14284084712056522,-0.9045974655085582,-0.0470166457250833,-1.1501235945978598,-0.530947066521179,-1.7971639694335484,0.14199640983615297
0.8047908993949361,0.05068331296926713,0.4158529202826117,0.1746829792143385,0.4909431932157394,0.6117671767138678,0.6328065128569875,1.162717402089884,-1.6060248322574702,0.7858476122852894
-0.21857973462381167,-0.4753840448435147,-1.9336156797216384,-1.5858876116103293,-0.502372623743675,-0.8309297131094763,0.9956917762234819,0.7367673710021371,1.5031765856526325,-0.1532660355462342
0.6545907384733584,-1.5745996024600089,2.3908807520490116,1.7963085764241749,-0.8286711548718407,1.6013904532089156,-1.1501272859362588,-0.6737194456775556,0.00959791651737136,-0.8765094726527376
0.6054680795419131,1.1374307959261993,-1.4193717216123518,0.11852618193557757,-0.9902588238565982,0.27476478522215686,0.2981777412352506,-0.6371336765987775,-0.16422711166951767,0.10322954403433011
-0.6842283552138243,-1.6744420845809038,0.7757503959236604,0.768396773038688,0.7221369240616334,-0.9928426846998112,-0.23263290809128132,-1.6306236576249542,2.0860283773111266,-1.3286135815866176
1.2517487721466616,-0.7761345597000407,0.3027421759087273,-0.2568675503132936,-0.38550289856197456,,,-1.6134484468991928,,
0.016496781003332833,-0.9401074175561993,2.765185758775335,0.008300944986246226,-0.8504120578573333,2.1482501113101744,-1.7320919365098888,-0.9322266972563232,1.0215855803710294,-0.9487177607177525
0.7306848211950769,0.8583047079479117,2.068542642811681,1.0628461103582032,-0.4580787543169702,-0.7364575383093672,-1.0559677737251263,-1.1164692570928814,0.394087180327213,-1.777314629407386
0.16121754126934407,-1.9290485324162903,0.2572028976114814,-0.5474969055374964,0.6329218032034112,-2.7013266351712795,0.9467313891821654,0.01061074852077335,-0.4683509978430474,0.5231434790969143
0.4453522581104189,-1.3774139773986092,0.15707101744699767,0.7321763655199134,-1.5930439941203762,0.2040840426769259,1.2041134032197098,0.17085928313217813,-0.4702177948731399,-1.369229288386475
-1.099843475361795,-0.4050387759748987,0.7766465152331605,0.5927958430586712,-0.40030650882675534,-0.826893107339194,-0.6111529574995177,1.155047211720255,-1.5272957935963714,0.015942828905526566
-0.5454503570324937,0.6361245059979549,-0.24760981858598588,-1.2987018449328411,1.5373932070906977,0.1732281831978178,0.11534505504164973,-1.4444810823508374,-0.37527945421163084,-0.7835898575245495
-0.14029386216611983,-1.9293247520415093,0.07648148207112346,0.780007929437023,-0.6006618970113318,0.22080142279260923,-1.089138029282259,1.6320796059103522,-1.0714055405778342,-0.23924943872001186
-0.8538853213595902,-0.9838326655436871,1.5391327013755036,1.4308843104468516,-0.5359276428531629,3.388897506143284,1.0776809341133007,0.9927515933178139,-0.013990323764820211,1.1706321487595717
0.10523071439624702,-1.005514322846777,-0.03970497051613931,-0.46202252259198673,-1.251111352212987,0.9952871643734221,0.1596450098651924,-0.08310421986481602,1.7393632406865898,0.15879319040476428
1.2294808107903263,,-0.7922835884877932,-0.0013919026358777116,,,1.0018773620539263,,,-0.6125739079424162
0.40001313318889625,1.9520879299878755,-0.22710715521227795,-0.022476931219723283,-0.41196087550497523,0.5277482406216284,-0.03142774765716924,0.8149457467977455,1.222500932422004,-0.383246411002703
0.952755759272674,,,,,,,,,
1.622898917689963,-1.6819698010594628,,1.8760556350757727,2.1855774284635587,0.47840464066415206,,-0.062421450222728846,-0.21938905570563016,
0.8273637828967415,-0.9426375476568584,0.6530398005932604,0.034408325208993125,1.0949594832996057,-0.6856374965551055,-1.2762854250450097,-1.011500289869155,-0.02154310096746615,-0.15535836921227203
-1.2823376820459897,-0.5331637594124989,0.07860497346471039,0.7068121755804029,-0.022811160820951575,0.7015863562127341,0.04221975834696034,0.0481066157807447,0.5003075660982982,-1.1921325068917998
1.886828849408883,0.07750752819590591,-0.08800382616094787,,,0.4159085905735633,,,,-2.5957446736412773
0.8295202683407525,1.0090610359349055,-1.1981052529791847,-1.3169421665122436,-1.1707167507025824,-0.6411955255921093,-0.9545520618135618,0.07616671482973757,0.10936998200485075,-0.011295491294430582
-0.5891759071182686,-0.9784284578985376,-1.5516086377388252,-0.6499546630058675,0.553564699420983,-1.702031982304899,-0.15104781462888509,-1.139922395999646,-1.382893194047785,0.8851259836024947
1.1518798296140864,0.4204227625792568,-1.267698194972337,,,1.9227644782426971,,,,
-1.9046259808533559,-0.01289403822619874,-0.811798310598947,0.4514294662998416,0.5776557217595437,-0.04961972136892429,-1.6161573494028114,-1.050510294896955,0.17193381096589827,0.2725195717496744
0.2867130418224769,0.8033677524745749,-0.30415491791635557,0.14663619009781156,0.495119801630547,0.9049386418725999,-0.07624323006430342,-0.111138783461019,0.2450944554632346,-0.015985141142127374
-0.33529244472050457,-0.6974221022962692,-1.7805904841781968,0.4718805119103949,0.40181014881682614,0.201315173115822,0.34757695245041265,-0.22829147209818756,1.8085026709863388,0.8236578718957404
1.8815933455186615,,-0.11692474523510518,,1.3908885035820269,-2.1256738516308085,0.5570521430658852,,1.0449081190399447,-0.5592530184784499
-1.7366485567021464,1.8934498667441206,-0.011260519822255927,0.9556870376406438,-0.30748643998580805,1.138813003814457,0.7746423931832097,1.2230376273950596,-0.32781068882800163,1.355008484730461
0.530379493624524,-1.8115683246729692,1.3667387520688432,0.5817609310148584,-0.2935016030307713,-0.12747888877139218,-1.0024086179850935,0.15256507883978568,0.5582690806960983,0.11875509824523739
0.23535038519291315,-0.5420453170420925,-0.9166045508638379,0.03728379276009884,0.26287444394059817,-0.40694245362377013,0.47685240149169245,0.8679370451507995,0.9779568392426797,-0.4839162096259486
-1.6579342188939432,0.43567449257625324,-0.2844298608634347,0.02668283685220799,-0.4801236524431336,1.636933614738137,-0.41392291864235586,1.875014357326273,0.7815294832830636,1.0541830750960872
-0.12831494871964336,-0.8301804988458936,0.7028152156571164,0.3456714188488347,-0.501894198760162,0.7128166524697298,0.5896493800961637,-1.7204403323499304,0.620993583830915,0.9663957971407078
-1.520701894415939,1.955574299844585,1.403156166276264,-1.7174087675874519,-0.3576007590588195,-0.8926130577850793,-1.1857200287992733,0.3145641680925569,0.14966786395080334,-0.9093042041020906
-0.7939326134946011,0.012077808795430996,0.4117515727345489,-0.8252160467858619,0.06993717491204426,0.5529645021727652,0.9168871574234186,0.2951535731000438,0.1604766891671103,-0.23864539288325456
-0.40777642687138604,0.17906558275047815,0.09572020599106071,0.4136238345048476,-0.7641690201569775,0.6413462137171071,-1.5188099498881715,0.6827368653537711,-0.21174869579897573,-1.1305342483710437
-1.124394297577131,0.5495160552226905,0.12490250035737123,0.20654683434766954,-0.1900801018297762,-0.4063770215135165,0.12014114282327794,-0.03442143312359865,-0.7631380766906241,-1.6782504355715273
-0.701527263080391,0.15315339495246033,0.8269437170209359,-1.9990169529125363,-0.5033950999322561,0.21061834773922256,0.11959443277074154,0.050635947094256895,-0.5279139971356571,-0.7810463414793529
0.44481690412818947,0.2262495547413579,-0.07809717462194453,1.997311172210767,1.213734891330524,0.49014109745819495,0.9231921751461436,0.6461807560947029,-0.27480036623627857,-1.1136178162405006
0.9636220232294337,-0.014797081803143148,0.8999775567901707,0.8183443402054548,,,1.7336073912866243,,0.347818872341776,1.0407875938638538
-1.4628285298082766,-2.0348368551790306,-0.15414825400223903,-1.5652415944773113,1.3469203561460217,0.8618491537873951,1.3020964883842931,-0.04369617997250279,1.122462572372144,0.09359591131666581
0.40139466746886765,2.1436716571330825,-1.2541801740995204,1.7376116242476474,-1.8767315783606735,-0.01485668541314801,0.560669893081793,-0.49214817574351527,0.28748769478723063,0.36961054486029427
0.620875620933397,-0.19876413929691564,-0.6784788911481098,0.1891433417414242,-0.3209497650675118,0.029291513499807974,-0.3091095671020348,0.2006785378008956,-0.6053110310108811,-0.4775144932011053
-1.1087326793557453,0.15713318769651696,-0.8994492550128377,0.3095768545177643,1.0192467516642172,1.5672851045553267,-0.10957706406097044,2.7727644234959588,0.6167800247918455,0.1277708949211375
1.9418119739625954,,,-0.29735795793218517,,,,0.6679431961489055,,
1.194887194771187,,,,0.3657103477734301,,,,0.2906916163685291,
-0.47687551784766224,1.252821450893587,1.2524494228612546,1.9043662557901744,0.05379100296289825,-0.07695596267842059,0.10888670401116328,-0.6461035094665988,-1.1950968927510728,-0.4992418670158526
-0.6939536638638034,0.6036260175901754,0.8256526662801652,-1.9123057792452867,-0.7492884571400538,0.4361506064934474,0.18959665492328204,-0.16176713057187636,-0.19087903052604926,0.3855835316581169
0.44443911931717883,-1.2599612053464524,-1.7434169164322288,-0.04130412573635238,0.7733322876983523,-0.39980255775788826,2.219111616313964,0.8685010387784003,-0.4259853728830258,-1.6888051449047998
0.7730074789240247,-0.7970241716028696,-0.5348241463536442,-0.7293403461777839,-1.2356284407770621,-0.49399806626604514,-0.5059269346961685,-0.8134239163253156,-0.6075675300489606,1.80972309233993
0.7389736420730785,-0.13072523591839122,-1.701274478447365,0.5428489276746279,1.83447181938981,1.730431027666868,-0.13435998627710247,0.3465582175713916,-1.1065876927196088,0.26497977706459447
0.6865264662948694,0.5059814303371344,1.175564400114128,0.6594812011454664,-1.6329115130210832,-0.38236182746699243,0.995365135923791,-1.6315963422662432,0.06858478201562943,-0.42512237333595854
-1.2379577656888798,0.9407381902125863,-0.7847561593589677,2.118011863093315,-0.2143217574283718,1.0748819154632894,1.6778401267687761,0.32913494860731124,0.08418077178085945,0.7682121801159014
1.6558913641119248,,-0.7000311148699003,,0.3450068706818592,-1.0075910340556165,0.9257347969593674,1.2621184336492888,0.5832384756062086,
0.6174614028832854,0.028297847489156383,-0.26107030244492996,-0.4371282767977093,0.11674870633632542,0.01890074328403774,1.2449385765483874,0.5744978451974179,-1.3224866221156077,0.5014415129949303
0.09738841949475724,0.28695427780891963,-0.2438641480181682,0.04038091073176947,1.6510749406171605,-0.36166623245971063,-0.632232690064819,-0.6958700242864907,-1.0630595096793392,0.6057359558205827
1.1788294112108209,,0.5338896175161538,,0.22894052895632247,,,,-0.23556624668780923,
-0.511371795029166,0.3254994454001661,1.090195056058536,0.48384159723161424,-0.6360814380732447,-1.094978330221259,0.07145470291756534,1.388521261150658,0.7917204203511297,1.978071911504457
2.7409024824892025,,,,-0.5433576377809196,0.44242607434280107,0.25515913823651737,,-0.3512199757969883,0.13656150554418203
-0.36592118764171294,-0.13664083205107452,-1.102923476116966,-0.8102197531748218,-0.536962685350093,0.20106545108135018,0.08113463994094121,-0.5902798272351372,-0.500050749753024,0.20968692212086065
-0.477029618566674,-0.9535591586676299,0.6825596919977214,-1.3619731357570297,-1.039353921278266,1.1216359198780739,-1.1563662552444567,1.4950065733428382,-1.1580516678378208,-0.9640645599047949
-1.051074244046633,-1.3093548909067168,1.3980132741051792,1.2015930840154267,-1.3911955328551173,1.575272418198132,-1.2230695384138093,2.964607281875418,-0.14500759761476092,-0.5981580442130072
0.5012736801236909,-0.8770178110430834,-1.4110357109679135,-0.43368180987965516,0.08385014071772187,-2.1598618942272605,-0.8939892866170607,1.9549250215677776,-0.006640480681026838,-2.3953509617341466
0.0034605079485621935,0.35964362008371725,-0.01583770633562848,0.7867091709068994,-0.2875348394477145,1.017803380141921,-0.01163088678392545,0.11732777267426757,0.34766530537823614,0.6968673847318236
0.3570071417427569,-0.7430190916408368,1.6027753359629604,-0.7825883197310293,-0.8675495870486148,-1.9446335885921378,-0.2544916132262147,-0.4979736207945785,0.06791694333044163,-0.8291814956878463
1.6501737453020038,-0.5868161332247418,,,0.3744842685974878,,0.5254636858548071,,,
-0.6165581086342351,-2.218342567954005,-0.3133080748341658,0.6398770987956772,-0.25953362927563556,0.43265717461600767,1.8995840744545662,0.106231658837463,0.574294279618012,0.1165172646917041
-0.8176813610210092,-0.21334814994835608,-1.0893406821625555,0.8483465843254423,0.9291861851348545,-0.09261629934036228,1.7696578453539467,-0.2261000368604915,0.8727935132660606,-0.24741845945040064
0.44686577008505335,-1.3938482167476154,-0.49498155350009404,0.0662948321522841,0.8502761306250115,0.04722370933329613,1.3664878854760705,-0.36209520093146264,-0.9256756312999957,1.8701789995679263
-1.5168293234431798,-0.7347219436028273,-0.008307059783176226,-0.2936139932599422,0.12635482482777782,0.0983346708319825,2.1962970355185556,-0.2388178408261063,0.36004240277375765,0.05228826810427691
-2.4302971364806605,-1.2004553446560582,-2.2126887488609017,-1.1193925170774295,-0.1997607802751294,0.8321429010353468,1.3117198072871508,2.485993901114905,0.056092281038543426,-0.0001467126396464653
-1.480129029370544,-1.034378220222896,0.7751845002342143,1.8984770627213448,1.3627871023003482,-0.647881465713934,-1.18941697026156,-1.8496746525613759,-0.11467124707498491,1.919093918821539
-0.547665748264239,-0.6697527646898819,-0.28922670529640787,-0.31416602784420444,0.042944490172731324,-2.5572056692558554,-1.0265032786202348,-0.42901677120376414,0.2316416855326459,-0.6087722775644789
0.17258723807315113,-0.6663615143037269,0.8027493456908374,0.2832060203600344,0.1532651517436414,0.776139284815314,0.5482665545850841,-0.600301756119187,-0.8375899443880731,1.3202306673925603
1.9236004437032388,,1.127147625809387,-1.0390904294484349,,-0.30316628765289805,-0.3383078767102811,-0.8147790793926349,0.33590849467890277,
-0.9193782656651281,-0.7457263419054062,0.1932935555024707,-0.037477192357842505,-0.6076952782911,-0.208049635071074,-1.3175916342352416,0.6615652378226881,-0.39958611662422194,-0.4340097390155497
0.4742709582322197,1.044767441317411,0.0016034889236113577,-0.6279089317563086,0.39913350331949565,0.057715140372760196,0.3117328291534851,0.8084603329880682,-0.17706771188689874,1.0214445345486707
-0.5785147500400811,-0.6864066099509326,0.8951824776311232,0.44098303276027656,-0.1593676992667514,-0.015979895692257936,-0.29870680024297713,-0.200870810889159,-1.232181992490044,-0.7748048295727651
-0.15441113921601787,-1.568500143447409,-2.1591518921140778,-1.6138744408493537,1.1766466975662189,1.9171062462825734,0.27683727469730407,-0.177359743189993,1.1462121479533267,-1.0983107952092293
0.304497321039298,0.31082825218732485,-0.25614247592081774,-1.8575004196328369,1.109381108488926,-0.5740263220085302,-0.7040279883323551,-1.511865735022058,0.5904440680607161,0.36680372045739396
0.5404074233006012,-0.4592671965505525,-0.30491054684084923,-0.7007110139125801,0.23533640806200706,-0.015832437333059484,-0.320904185125141,-1.2416433770424495,-0.32432313405463836,-1.4859317554105074
-0.6347235978752709,-0.8295428324758413,-0.24216701433393217,0.26208151736499125,-0.16651894360759203,-0.6040065075382516,-0.2709367962098225,0.14691441558102988,0.4208104513521955,1.3412615553317822
2.375930590966233,,-0.008537154526395417,,-0.3693213556226475,0.19958014647038508,-0.42318900616109245,,,
0.31790733661754733,-0.22560076876124965,-2.0085065853971016,-2.010216100535,0.37760978213272023,-0.09063414623818987,0.139807104958216,0.27562007894387225,0.21644197219125652,-0.05185306990512845
1.2775373643491055,,0.23845553753933224,,-1.1577208613272474,2.1681235337086164,,,,
-0.5083428964371709,0.7008827504287748,1.4937943189644924,-0.07981078252304999,1.5488947966372708,-0.2651264804482544,-1.7811261862152563,0.8217792360709517,-0.10109347720074308,0.827672768412077
-1.1207075466280485,-0.48597938293236437,1.3432212760506097,0.29519862894434346,1.4970474705348327,-0.6272890034656629,2.361642593631252,2.2767685053362805,0.7543508572807026,0.15345720926387268
0.4338191840989701,1.0445460141241563,0.25219004823046465,-0.3465292864956143,-1.0266518975142132,-2.171352460338847,-0.2948442868917509,-2.0594381382496105,-0.1521244170452631,1.561649086151802
-0.0708112076518074,-0.9433317764190384,-0.5121625813795204,-0.8146079143298034,1.7013798987253639,-0.6566670922513639,-1.787477138233028,2.5477617315060375,-0.19048197539819275,-0.8797730452059975
0.008943676853198707,-0.236646564041804,0.4693358520442466,-0.16276414138039125,-2.1418715385768317,-0.17939556104086904,0.8861461269626769,-0.537661575054465,0.7278748950754803,0.944187770882258
1.1792131199116092,,,,,-1.080185853277807,,,,0.5097769365966544
-1.621224778783066,2.6905971528646644,-1.01967337064573,-1.0838099575492581,-1.4197735590828218,-0.037950001771978395,-0.22027223545414237,0.36816984194913055,-0.2695150949875209,0.9010575300875665
-0.25317684468148144,-0.3958902018138372,0.20636290560458748,-1.9821760713481644,-1.1437504605963982,1.6806029583987232,-1.8044027497551682,0.8598480898632358,-2.4144635529371987,-1.6357176666309963
-0.8111939949063273,0.39836509910887336,-0.1783741751416404,0.36181325761420136,-0.5683890428507464,-0.19702692362233604,-0.0006594659709501552,0.9142512860482942,1.697727203446272,-1.1086436786853546
-0.19388888103618052,-0.43576970883647786,0.2788514089531906,1.3766929432259558,0.07024583413663794,-0.5905024380378993,1.00838343547778,-0.2634930674360781,-0.16926544681166147,0.5857451181807026
-1.3367599610280765,-1.4005933413534357,-1.0158335140192616,-0.2956848532830447,1.0257232013740643,-0.6791330986782342,-0.5250322815490208,0.17049668216796915,-0.9397255519921198,-0.47898728032566956
-0.04218245307084545,0.5657988232881567,0.9419166164580297,-0.16081961012150148,-0.2978843278768452,-0.21449968129808586,0.20403949868398302,1.468041352140692,2.1747903069007326,1.848989590809207
1.0659911700964393,,,,,,1.3286419593121672,0.8470608909023492,,
1.487317426551613,,0.19823604826916078,2.0307641341685834,-0.7834293766923122,,,-0.45684189706524025,,1.2582105859777466
-0.784685624945833,-0.6074794358110992,-0.44098130440428707,0.047461498586528345,0.00563729860546332,0.36615122544529227,-0.9420042144767664,-1.0711358895799383,-0.8672813168219575,0.04412685418075092
-1.219506012266254,-0.9008962683971848,0.5128307194784926,1.4698930189595953,0.3887719587716568,-1.0873941326032153,0.6923435603765423,-0.5724734086969828,1.4032553730586925,0.4309310421197004
-0.8490129479567635,0.12056075668091715,-1.4009677124366358,0.17388910279379227,-0.2656709205669459,2.10136849878857,0.2096799601810579,0.06001733027206061,-2.3868503307743474,0.6325101146787228
1.1688279480596382,1.1758476190454594,-0.12377853792662542,-0.6156415883036155,1.242723081733558,,-0.03615712981065396,,,-0.8210263381200384
0.09819509285914522,0.5996216842935073,-0.030950783236544,0.5388939014397714,-1.7128902192038462,-0.9545750226457815,2.3025651309647537,0.7068660000108761,1.354293418531215,-0.27168415952728114
1.0310709167253609,0.9920491313746979,,,,,,-2.60735866559685,0.4130778830558179,0.562244599120201
1.4814658531019653,,-1.1102009292237984,0.11608195736304196,,0.020325292253231677,,,,
-0.673318320089984,0.3015515444942412,0.5698197274759798,1.9036472783436946,0.23344136169853785,0.5896756040718037,-0.46194540135464973,0.5516191667224017,-1.0652205246033561,-0.6489949922512311
1.2746167564690647,,,2.269654616553043,,,,,0.02636714106394697,
0.8768385520539481,,-0.5546121317537969,,,,0.869627071661925,0.21111718729257611,-1.0173529782946598,
0.7180354217226315,-0.6246849940274182,-1.6382019291936498,0.4710253856736888,0.31866293780543004,-0.4824713228540629,2.3474060363450557,-0.8179398604088226,1.3949510716642213,0.6751155242419403
0.3699867034564922,2.330601304065486,1.165884677324593,-0.6577919465039465,-0.5602586667013745,-0.7554456765673496,0.3209084199162588,-0.6950844219609255,-2.0957679917077323,-0.4694864995940595
0.937286774449108,1.377781445770742,,-0.10591946604878673,,1.9738529682829833,,,,-0.6132783046932098
0.7910029526462713,-3.05979672048975,-0.35314288036467817,-2.211217356614061,0.7879295649199938,-0.7684483268365565,0.6871533912735545,-0.5513783272302191,-0.46752357209215695,-0.6437209346292841
0.5871250299045865,0.3686980449015038,-0.8619692433547091,-0.05747936283242837,-0.6578990301816852,-0.4444776414488092,-0.45003448941956004,-0.5301357596561795,0.7215888344507068,0.7088859924305227
-1.5423579140407484,-0.20289979604236905,2.6385363066450966,1.327555889007926,2.21405592173963,-0.9582618869777959,-0.334393639767316,-0.8110548799087246,0.06445414311061036,0.30397683129223557
0.553369925956741,-0.4138803673726805,-0.6198593865650693,-0.8537040921751285,-0.1218496193788955,0.6489885260721829,0.7839876512356495,1.313332852154254,0.39887460503618827,0.8274272782389958
-1.3865055221298968,1.059771359649221,1.17403242739579,1.8145408340705897,2.1522611326377445,-1.107888498002511,0.9686995719338288,-0.3090792060574172,-0.43014764644145187,-0.3144906479017443
-0.4328853806998682,-0.09925318744302175,-0.37357294774580185,0.5248330577218433,0.7504590156941963,1.2413028540765325,0.5954397508501759,-0.02821931124228241,0.7580316006380122,1.0770291341149205
0.6588294039340931,0.599773889807253,2.8000729553829453,-0.5294617883700854,0.975931485302727,0.22298744405036905,-1.597012242679415,-1.6510852968665979,-1.8211335984351649,0.095166004190922
-1.548609212291158,-0.034851765853182025,0.21441546774951145,-0.42439487489720884,-0.19565547961126195,0.9793815708973321,-0.8220457854608858,0.1219101199342856,-2.183078855736643,0.31301879076244216
1.3651178606912329,,,,,,0.12595624079595977,0.7141581884500755,,-0.0906396391210213
-0.6776567797759424,0.9427537988340189,-0.8908617929936629,-0.4542007083764453,0.456967877892888,-2.5286092497626833,-0.7607069473952477,-0.8910582971982259,0.20068622592014906,0.1851701229524929
1.99178335006801,-0.9229728477774034,-1.5103272632694054,,-0.644018868979498,0.13055989953104605,,0.6112422126297518,,-0.3750022370161537
0.020209126583634354,-0.48924519985722287,0.05223175796755721,-0.45389437450795184,1.4614091419161805,-0.27870166456066897,-0.45907739575265505,-1.8011074348426017,-1.0866353722236908,0.5946571468412362
-0.16392731574426303,-0.3322242187582343,0.7351304266168188,1.3077468119828268,-0.8491222868965631,-0.23436949973466026,-2.091456701225985,0.9542879059351583,2.8473082009717294,-0.3527247214335185
-0.3779414204557599,-0.08185877621168529,0.2384301319719949,0.2811936412538234,0.27876398434354316,-1.3909804652245594,-0.055435528706965345,0.6400909205736871,-1.193190068866831,-1.3608824815279505
-0.5565406000580266,0.17316804274808825,0.6220184038309371,0.7807012377101779,-0.8643465585004859,-1.8810987916214346,1.5716231463558836,1.2371989914274175,-0.4464054837131232,0.7635506889557221
0.2820490228083336,-0.1798940931372191,1.7992718700773216,-0.6512293190030294,-1.4043175236854688,0.1482978072382629,-0.5808424372867688,0.17703457022416172,-0.29347094370311777,-0.7061958131097662
-0.21891786363642404,-1.5255051353467326,-1.533226376546488,-0.25412471302265305,0.3920808281517627,-1.6782673324242343,0.45345405784972337,-0.4845597970441574,0.39077262017868014,0.2352454948074095
0.975921350665437,,,2.0362088718283413,0.0997869213981728,0.15192480541134226,,,-1.2232745473472901,-1.382152475830842
-0.6987352024065274,0.3923886544651791,-0.722838668530994,-0.7639116840497818,-1.1144219450428552,0.8555910827415134,0.3575831389063515,0.7954921424580336,-0.5396690196814438,-0.07336273918806288
0.7519297000474049,-0.8098969991533229,1.0036630825146082,0.4313991730291424,1.2901982762990911,0.9382482261091315,-1.6368899970117783,-0.5728966796327202,-2.3384600010462546,-1.953111123039811
-0.9873275044926365,1.3351640885593652,-0.021581886643462476,0.44117931494478374,-0.5050907966981032,-0.329949550169645,0.6649662237140143,-0.17716586413110788,-0.22023423560852562,0.5142959821025598
-1.0776542603919501,0.1787840596570706,0.22729742346971435,-1.7768189212769085,-1.1104169557956014,-0.6600978857933155,-0.4936133928254979,0.4850892602018793,-0.9250759545448991,-0.9422819620117063
0.6290297753729779,0.9486561760962915,0.9829963234310625,-1.1301886631824796,-0.9257530647761014,-1.7148689717838426,-2.607372320382259,-1.2537866715114212,-0.6638939971114443,0.19633963300336602
0.8273652935101615,-0.11368446127244339,1.422027564457721,-0.9132400100189974,1.354868972591796,-0.8448317068961345,0.4773484075471768,0.21007017727160923,1.1763651188825712,1.4731441492341515
-1.0171571854994588,-2.310202989393882,-0.21335179502986204,0.3877641696332539,-0.013677353054921666,2.9073490187395516,0.5428482107600909,0.5396080517978958,-1.3011333388330817,-0.550417802929681
0.4746529653076296,0.3118988539036597,0.0671191995730274,1.258854454728233,-0.6782554647829195,0.4217632474906557,-0.6519905290379563,2.842281296486742,-0.7604446593095453,2.083453518116882
-0.2408738961271502,-0.6437211380228995,-0.03387392095711633,-1.1383851409423975,-0.9148227386953809,1.6389134236702343,0.45941176678087664,0.9282766897992556,-0.4622164160614076,0.6993775126979305
0.14447646520189356,-0.7060675872426743,3.1814394200048692,-1.3892300311622223,0.08714826478338314,0.5624917298707149,0.31241195491528817,-0.4426930055786114,-0.6421415149955829,0.3515554972528315
-0.7303813553443632,1.161576972834871,0.24007495376474794,-0.1690327720048914,0.12600977143451408,0.5339845241675644,1.328186844573122,0.4092755740510049,0.21141184776636937,0.9191216469911113
-1.4174805806250954,-0.5361634900527912,-0.14637054764204374,-0.8688445608126062,0.7334379891109556,0.033904901470574685,-1.1242593057079597,-1.2359812689291212,-0.0029353441835369017,0.6634556432521637
0.0943975196393271,2.6047881170538547,-0.18808736950183558,-0.5801971919274209,1.3129458181423768,0.32997028609459067,1.3423667665066696,1.4320654892780216,-0.3479815812013392,-0.5873509969433637
0.7330840204848716,-0.8080785489728093,-0.46826570251242483,-1.9319362728882123,-0.1465827518422362,1.4796396322909637,0.03480046633528627,-1.648989032122502,2.069744271123206,-0.6458051758798019
0.049491694122978214,0.336550067084208,0.8687430633811175,0.4747656046461439,-0.1383487919138485,-0.01125870621524125,-0.6970580994883347,-1.0385833225229422,-0.3041819367165769,1.5507464019893415
-1.0621466386795675,-1.3216768815277307,0.17961834930189677,1.023747302460847,-0.6731408069207839,-0.9737651696201568,0.3669487268162304,0.1685853804425703,1.5186061236789212,1.2051641022581205
-1.2642519169960222,-1.032763172397287,-2.7906677703602183,0.19403519933014743,-0.7662475404492,1.9833767006837937,-0.5012024415188733,-0.3317524917726328,-0.7024405246813273,0.08935058028114398
1.349841474513426,,,,,-1.0844632590211916,,-1.387922575505402,,
0.5330520839349608,0.6577414192275108,-0.27811251842037765,0.6539599261375457,0.07189633353517955,-0.48088166724175374,0.9146460455765405,1.4743661277373206,1.2565941710841788,-1.7025557431941938
0.06270725953461326,1.303217872714935,-1.2275265128165334,-0.09535315611800942,-0.750980329322087,0.26857548344848103,2.9209948396223995,-0.009050308470367528,-0.1679223626230711,2.2246651170273526
0.1978273177386646,-0.6279950598438093,-1.65118528601768,1.0851288576565818,-1.18881923657744,-0.19913945411631662,0.4292504920189975,0.6340600508967651,-1.6444012484091728,-1.0812399196354285
0.21867849786902502,-1.587105895421127,0.6799287795183474,-1.3344442020081013,-0.29651606860702945,-0.5115598367827968,0.7878940004549788,-0.5275273872518058,0.7054476584664082,1.1456526253048414
-0.04549891647852102,0.23903865405818941,-0.7017208041074062,-1.1124501789749783,-1.2918822720096674,0.09632208981338797,-0.5784316390763611,0.41829894701932085,-0.29883369887442374,-0.5067404968700105
-0.19901467210318796,-2.132951935911699,0.9132344059851134,-0.36420281660445686,-0.3976736058857474,1.587635392974828,-0.3235888517126459,0.5829456555880774,-1.9731157770074728,-0.6400923463518744
1.1473160799732811,,0.6692162109879343,,,-0.39295456840116716,,0.8819208100941606,0.1936708021778382,1.0479630823885346
1.1089344669068066,-1.1862949560771372,-1.9383936510539725,,,1.4103439147076446,,,,
-0.3995306688096932,-0.5243214337788811,-1.7810277065894204,0.6280586667439046,-0.829526733680491,-0.2746410732492762,-0.0418315091752893,-0.5548655447282557,0.17880174601681792,-2.450058904029006
0.022201336922561595,0.6591706881888546,-1.7817981477040234,-0.7094154444375994,1.3980241745298316,-0.10034333707046163,-0.726418603568221,0.7641418993412693,-1.153193286238028,-1.0630993180922808
-0.9695424338661854,1.4034454870934037,-1.0577621200006975,-0.08034752252486861,1.16881666402463,-1.0389904307745177,-1.806951246020246,2.163584414798507,0.13202916231434028,-0.6646011198392078
-0.16659350433199313,0.763535154782366,-1.6003656854125552,-0.4873685222539803,0.8190366069259555,1.5062901521169396,1.4961828751073263,0.1103023531915062,1.544193293208917,-1.7467660729479515
0.14804982916024234,-2.694191057487661,1.4583046795337031,0.4491728264420637,1.8091829955325562,-0.6197052751809982,-1.37878930503541,0.8093713615924095,-0.16736182007037378,1.1123193733717824
0.7939405383204875,-0.31128580334583555,-0.032281715290110126,-0.2391053577933991,0.0270173044044851,-0.5142573188428611,0.611671962048342,-1.7422696048928197,-1.9421516650858126,-0.45256293675605236
-0.6336203536917434,-0.5297396807492578,1.2388686202439885,0.1273298200567171,0.7735375135170659,0.517344546095472,1.507351946081864,-0.6433001107323748,0.5723693141172481,-0.21895984987329697
-1.1127542289149956,-1.2208436606784518,-0.2236410234536338,1.0528289286353134,-0.5860605347733585,-0.5086429212243861,-0.696970305024032,-1.2032701271728865,-0.48802812198617396,1.1287454996110806
0.2609658329988948,-0.5732429958771663,-0.38158039605530264,0.33211536010700676,-0.6062261337455941,0.8864145082786433,1.2380095120886425,-1.1568542158381223,-0.3048717898231928,0.3990694996089603
1.3009459414750146,,,,,0.0008019586959467802,1.0259349086503988,,,0.3572695476610179
0.07989982551138174,-0.5272950665531324,0.873445249376761,1.1074077660248334,0.3211947209959366,1.3818890517988254,1.4738119711044266,-0.5976877319335033,0.013644739101671003,0.3709767275302032
-1.6026137417063475,0.09915800589020504,-0.13683711481092128,-0.74859443871801,0.2400489962673793,-0.9504523345780486,-1.5610613986483455,-2.396930334881985,-1.7299197921533056,-1.2232203728528976
0.01628813491826541,0.31366454100719093,-0.6179334791623488,0.5908541552209926,0.2994855328988573,-0.9173922146472354,-0.9788231810170469,1.2102545411330456,-0.5417950101893697,1.7209220397889362
-1.288938489656279,-0.27567419358026657,-1.545334885205142,-2.016411325572095,-0.7119700910302968,0.689502338010789,-0.6727747019400978,0.5506914950839461,-0.9152713152078181,1.3174340235543438
-0.8612136769886237,1.4371370141148603,0.015677144942365266,-1.0719396742874587,-0.8962070577877388,0.3483758634194955,-1.1752610015610911,0.23932178447143054,-0.7649106447832178,-1.12754840746231
-0.890113620297175,-1.610088093176368,0.07937420022720762,0.14984116416768045,-0.8153773156034317,-0.8489054228459074,-1.5584222587092478,-0.7032010420868212,0.3846427128105777,-0.7691667094330618
0.17473062699782768,0.5135316583291694,-1.2648754818364571,2.120413090621279,0.8428018839688488,-0.42848699205488744,-1.8273847066855815,-1.096404465496981,1.8825862929475483,0.3832014392184211
-0.6141754373266326,-0.5148611989903609,1.3380346676661243,0.3656680925854024,-0.45838699077103695,-1.705773095131797,-0.2530009925783622,0.53540332137828,0.4406476848375459,-1.0759695440378942
-0.0731168887611876,0.5077818227122147,1.3772392109542564,-0.4157943058948508,1.7438526657733742,0.4563820057342537,-0.627385249450603,-1.0583092719872829,-2.2298016585915965,-1.0483340641942152
1.4597987498452194,,,,-0.000705092717567714,,,,-0.6394414852529021,
-1.1796373523622228,0.12771732811931383,-1.0411791028772233,-0.2339355715255092,0.26847580699100443,-0.4149095476242389,-0.07466857119667457,0.6402638479078547,-0.7728126293544291,1.631452767400058
-1.3137288965665521,1.1789632947812616,0.3790339178355478,0.4177981340415109,0.9610767536349583,-0.028790308419471517,0.15394668066622136,0.039792476637755425,0.8199894210348704,0.9994524357849421
-0.029901572289503957,-0.3812283098601368,-1.0696088922456304,0.17118285554029125,-0.5080662033904978,-1.8041130489797705,-0.15600908503430974,0.025206669686153954,0.7715270011776487,-0.05331966522201586
-1.062285223222206,0.9883356350653222,-2.1130212480086192,-1.5737728686092975,-0.3028143813496052,-0.35755204329491186,-0.29610313177510655,-0.8904268412145255,0.8854453039108453,-0.2677554178033222
-1.4446909542938535,0.2956821068131699,-0.8641316266709014,-1.0338585332758412,-0.17277278132607604,1.5208474799426537,-2.258723216765307,-1.7379881328287787,-1.0106992754000663,1.5591922313406426
-1.2253069040150097,0.921262424932741,0.748326955882339,0.9994554530690898,-1.0328744699831622,-0.028551928057998856,0.5803753519568344,0.27287183071788557,2.718861637258379,1.7952907615928468
1.0612231726010528,,,1.0058525780506766,,-0.861429802258795,,,0.996766124254532,0.036426486733356966
-0.49400271585738875,-0.4769111396177549,0.07799478830518072,0.4902425903781127,-0.4515043139286199,-1.4943625502713898,0.636138533361164,-0.1444319225490736,-2.1093015801097064,-1.631326728674409
0.2570985801427325,0.628325928817523,1.088772212319653,-0.5418948104700471,-0.6651438468441145,0.5275529740858853,-0.880168829790247,-0.8473648112004801,0.16781813401007964,0.2478180483667433
0.5226613892345074,0.08763042554017647,-1.0261545376395989,-0.3828936795636964,0.05442515569419588,1.2416614717529768,0.6636888749524977,0.14356252478332912,0.6242178531418324,1.2671921863652764
-1.3148759007581785,0.012179046313327946,-1.6450218645751697,-0.004688866921563784,-0.49791842385379353,1.3355238174556787,1.1418345547343052,2.034476270004484,-0.2850575806464057,0.24624653839392627
-0.055884759668092664,1.3159262963586131,-0.028069176633994254,-0.9561587873021339,-1.7000561701948056,1.2604612227708452,0.32992350132367304,0.19440427166255592,1.541515328925374,0.14968466268597982
-1.4811219574938002,-1.250305901125579,0.6066228652895173,0.7163653798849566,2.2368155769644,0.08336707890502716,1.9108468598228188,-1.0836319375035444,-0.6922080466035495,-1.0448591675479895
0.2726037336156983,1.2632628589052985,-0.11346340583454077,-0.8823012013875402,0.6940386385582122,-0.06299833274421761,0.7120619210285472,-0.023591558892490996,-0.028188457164778326,2.093182165866876
-0.9857195523866651,0.4821227247621521,0.7847331120599939,1.1203435088565603,-1.0309645680130322,0.45693013718682196,-0.4143247072862514,-0.013989275824220236,-0.37884621260023493,-0.4680644798058576
1.6064133121624868,,,,,1.4060611027872356,,,,
-1.922370754848866,0.2754013309172792,-0.7329520479261793,0.2413228953447185,-1.5993191344313615,-1.1333921741113806,-0.4234578415195807,-1.484836416016592,-0.30080717523295214,-0.3152882997964101
-0.40256998646863856,-1.3734939937380641,1.1722187996720212,-1.2133571445415943,-0.18154488914562736,-0.17569657962749158,0.026688441593473118,-1.3896634731779782,0.26677963908535707,-0.7059827664976335
0.5245572099330744,0.897973320539085,0.04220648159343328,-0.5773827631829415,1.5971446209401436,0.40753276011889983,-0.786408037218929,-1.1463026588624063,0.37257673860593815,-0.3381680524753689
-1.1085766409657416,0.07758278448427423,-1.2588927393893068,0.07759399422105517,0.2628464199100932,-0.8564219076335383,0.3305078948352646,-0.7692387608612187,-0.04440764157334247,-1.5688656580964502
0.07357165991923643,1.0507603245183499,-1.5147731310810828,0.7173030243689497,-0.5795010222750493,0.8801579867868398,1.7220139259789782,0.0774289229236322,0.5332274635357912,0.35991706414111996
0.9536661701728004,,,,1.11493313949934,-1.0670280247740145,,,,0.76119850906125
0.5287971988509753,-0.5348796464441401,1.4577867891395557,1.1638260412648946,0.26382393425810846,-0.6127547251401656,-1.3548179358108083,0.6967233250031781,-0.3141664202030444,0.9534803908631284
1.026866027853939,,,-0.03072423862035457,1.444978663206264,,,,1.544608614142049,-0.6649709452273982
-1.0431498248444528,-1.8826253214861748,0.1636668918662102,0.23671898295482222,-0.21826213279027248,0.9063772430207793,1.5190867921165239,-0.7772502332020901,-0.22947177410869957,-1.6931409699599933
0.05824040079505156,-0.6387032071034964,-0.43151528590100285,-0.15504352564659735,0.4792707134796011,-0.2754575273272973,1.9621967948669363,-0.11871984832499255,-1.4420222053115253,-0.771955537405959
0.5795880014857814,0.6236935979782311,-0.054548655402668365,-0.05077172064822291,0.13901560323910597,0.6154744514003408,-0.08586428549142074,-1.3061179434052392,-0.7633546029116923,-0.6439331612745992
-1.2328147435419992,-1.279906747309494,0.2657299184167332,-0.11586751595700355,0.6141958084421186,1.6699375427305567,0.6910126947470965,0.598810779372476,-1.5512948518739544,0.5034026084966854
-0.1096071974770203,1.0989426938932665,-1.3224436927316465,0.8020394062467578,-0.652912328397659,-1.0726804369190353,1.9609802026855396,0.008045686940981647,-0.17748090917140497,-0.6015375609643828
-0.3817447027212417,-0.4664356003998267,-0.31059697146099563,-0.2120261073679843,-0.32199672928433204,-1.1394158128574794,-0.0529013065246715,0.19896684204471463,0.7063666743909695,1.0171363706136527
-0.3925322325636689,0.27174726409899713,0.6739994022070108,-0.6254605503619629,0.1457397584660627,0.2636259995465608,-1.8659791672324424,-0.07403991838088016,0.07041636173426331,-0.7546510424048807
0.8671488265143441,1.6747607554763926,0.29219331412288096,-1.2208647427924924,,-0.9526425894852426,,,,1.050880631113892
-0.8816295100909102,-0.7655687402532069,1.1814991965856985,1.1499908081119854,-1.0013773142871591,-1.0467812597199495,0.5366134446842162,0.5283267098519655,-0.6027300820864614,0.2427036300267224
-1.140531523118962,0.4789011634946044,0.21217565900188745,-1.6827825590719192,-0.3986256012436681,-0.3506263786241715,0.5953257955815754,-1.0623152983224713,1.075346733766452,0.021140891678827666
1.0153164459472717,-1.401882787695609,0.24395225924146424,,,0.3179400221046058,0.24533039091111272,,,-0.6578938974584908
-0.5970538540697353,0.056502308716643856,0.47310669411328343,-1.3230362309879784,-1.4978825568916745,1.4727156822129925,-0.348885662789396,0.2961153109789512,-1.0189742266057198,1.6099104664993686
0.8318722287788237,-0.5607320808325658,1.5324427318421585,0.6656756906968057,0.8113266496032578,0.8848111306910368,-0.37248954331197165,1.803479524654576,1.7535635252092436,1.7919359578716003
-2.31138392974373,0.038134778014632505,0.36368663641045895,-0.3153084357957181,0.01221591542990205,-0.028378736151878435,1.3479479348373102,1.2106420577856718,0.35118538692265255,0.4453983257495729
0.0328208957323371,2.013668276544414,0.3835378414956169,1.7513113914679053,0.9785227175804374,0.5973036349316669,-1.5119761619629146,1.239062267594154,-1.718965611122917,-0.18367454920765303
-1.3591768504743675,0.9854174319801925,-0.4012761768231183,0.6628406115001901,-2.0907168049145914,0.904318925667823,0.8442602603388522,-1.0179410775085245,-0.5377220294626779,1.3475225240000814
0.2848320800308001,0.8596871197170506,-1.7595444682933374,-0.1562533450508088,1.0376993888928967,-0.719997336558524,-0.6394133567280029,-0.00024192289200068506,-0.7570944368990102,1.4350752124797108
0.7339262996259422,0.007573325878805701,2.1188629191872668,-0.10322070767234776,0.5176665275172612,-0.8985958169981736,-0.020496176219957397,0.7140022350932612,0.6803796488042565,-0.8856256940620285
-1.2822916238742912,0.09760272652578221,0.41235515334631484,-1.9529698895223244,2.1763993528838905,0.3291938933669851,-2.0102288961250068,0.4372645076197302,-1.5959137619637616,-1.0118267293138814
0.47813320060518083,-1.245388838296489,-0.9378139985302031,0.8653779324384446,-0.09868951898671266,-0.4407579858369549,-0.15948802462217507,1.712848686087703,0.8543740042946926,-1.3735268120416007
1.5117038552924555,-0.41552075113756703,,-0.9631085155874687,,,0.07869694514205615,1.7338281624334,,-0.1441271463957812
-2.088666659920782,-0.5691407993055899,1.042516311370959,1.5103890493165524,1.594383156247903,-0.37888121437199895,-0.3094488258693794,-0.9670049946886872,-0.19349781978805125,1.1806210715217136
0.8333879973933855,-0.5070451151921329,-0.32361370742106926,-0.2871367255162128,-0.5461822763829192,0.23339405735735091,0.740500791444703,2.301776017484073,0.012003374168181402,0.6954483630906493
-1.0101409448294456,0.10667813930404468,-0.15558496188280824,0.6662273944908729,0.49014591270353997,0.6889470516298714,-0.13841600550925076,-0.3429453330538947,-1.2023395513082094,0.20836643521636067
-0.0988516665278309,1.3677633623223253,-0.16253777726772758,-0.539504772510511,0.5693886277800474,-1.3724369405757826,0.28936330721517683,-0.6223546560068398,-1.215061567042232,0.13177041260004052
-2.388431130991805,0.5755810422733263,0.08717777005781363,-0.600988492930676,0.9472269662899755,0.5090755070941783,-1.2716622368185286,0.5924846874056787,0.5095303699413575,-0.44279288370037284
-0.2223837300036622,1.6408628329810486,0.4113885041940616,-1.2312101977874832,0.12814548055115638,-1.5266459401247916,0.5172854975384824,-0.5602699822923991,-0.4630684556905133,-0.921387366109505
-0.3272188389393604,0.238611342118993,-0.6410837257963705,-0.7503150316375757,0.08196934807220678,-0.30589728827127854,-0.23996944924225833,-0.6817693349298789,-0.9474219696772107,-0.12687004224431708
0.7240531100056093,-0.07119218951221468,-0.3017455590036771,-1.4283382627928796,-0.47554784376841996,-0.5362434792284805,0.08571982494612393,0.0462864396412932,2.3269162476946263,-0.36049001985848694
0.8042119985100026,0.833070004149146,0.6275415020379824,0.006943983462244105,2.5307878906079297,-0.8482739732465381,0.4852180180062086,0.725530984415042,-1.644006548814397,-1.4110220227786414
1.235152019211531,0.3008436929657951,-1.1482465338509122,1.2153558450172466,-0.177846438192913,0.9421503429390644,,-0.19297962959627624,,-0.7757096233880366
-2.006813150331785,-0.9078055287176487,1.3806201380258676,-0.7346829824411808,-1.1139724606999153,1.5471837298010302,-0.19935131429197187,0.2228480339056821,-1.0982439220455467,1.2231958302875745
0.03044884509885421,0.7787391609884917,-1.4603976710525033,1.2869651439059377,0.31262705079143416,-0.742199562791416,-0.43420315089289974,-0.5405601346361044,0.24523569971419348,0.1083203580974715
1.5812967790353907,,0.5945800130937003,-1.6300581660726232,,1.486524218396523,-0.052524276722180956,,,
-0.7438883850690114,-0.048214812764490224,-2.67692971768749,1.3044745735597636,1.7001559757875238,-0.26752296174567175,1.4337189482317945,-0.5202578180041888,-0.5731177779397386,0.19458015497446796
0.5131698894837664,-0.8539109416553883,0.3275752669945793,0.27600052480999987,-2.2645310984661458,-0.2855614917916989,-0.23359979881395068,-0.6199503834126672,-0.6167998769043825,0.474328751310409
-1.604845769675587,1.0772846297814362,-0.1345862430510965,1.234829547736532,-0.6359553536264673,0.9656474314101012,0.5451675553668371,-1.789328281502896,-0.18762517362640208,2.532327402669883
0.8458178159973695,-1.1048014869773366,-0.4717003743998277,0.8277543813828373,0.33817192413777414,-1.515569350080086,-1.7600210949120765,0.7106611379335215,-0.2820972394937342,1.0688474123568095
0.3424702907961558,-0.8185830395193738,-0.03989880056119283,-0.4268155547074518,0.2887170041408845,-0.8987932191885034,-1.5186795588895385,-0.16014628127610453,-0.8579759028457827,0.9449260274668633
-0.23906922830402996,0.26122920083860024,-0.3770081359458575,0.16001727119221815,0.6068253739488728,0.23894626541686065,-1.63617100572843,-0.44486807503070386,2.0422376800838005,0.3721197057160797
-0.4481980892422243,-0.5105817884823046,1.4028701125469911,0.5282288839671373,-1.2638646900021009,1.9988038113970574,0.2823596275703276,0.25889343630054784,1.4798443144758173,0.16271216540838263
0.42572605439695976,-1.5201492257954847,-0.08908064288203663,-1.2626655908660591,-0.5187723972020652,0.2496767102352169,-2.2414975778465265,0.32455616854102903,0.8388838080562631,-1.8322327558317102
-0.6793185773832117,-1.5142954684933465,0.5189151461851244,-0.5025780038322132,1.1240768818162938,-1.311777227981995,0.19705604985352237,-0.835589658610979,0.0166115739908926,-0.32793389814923896
0.7029609704497032,0.28811715443947455,1.147811246291246,-0.09652780183648545,-0.9129002008943706,0.6133047278886936,-0.07426184166659129,-0.266177233944953,0.3401977886117723,-0.75854593134497
1.780324169450469,1.050924999672336,,,,-0.519107540063809,0.5058141075271064,,1.641882554456788,1.435276596935877
0.22056381582258136,0.9251174661972184,-1.5045412440080383,0.16606797335368245,-1.7526815157173765,0.1035516920638882,-0.8051753982311773,0.9051310957634495,0.08038340741483353,-0.37333501272710756
-0.3568154185939127,-2.196798996858694,0.8838188863879892,1.3785908728932719,0.7798001883143221,-0.49694102705947546,-0.8686191601822841,-1.6754339986791242,-0.38699321253241603,-2.309475450786258
-2.137458339013143,0.9670288263939106,1.6016107490199705,-0.6221989383216292,0.47122798367804586,-0.49353493118588454,1.1776471226250311,0.22725342505269813,0.6164064418747706,-1.817074701311556
-0.09365118158722555,-0.5266149599550487,1.3705513438386376,-0.545845157313169,-0.2489580378628418,-1.859534734705285,0.15317054895422869,0.10302099808930582,-0.2893978707874297,1.2741158432096706
0.01993452957342178,-0.6291896487167258,-0.8005449308191259,0.7492426132803041,-1.621041834238468,-0.6629829967977133,-0.12674746877070314,-0.41045425709178995,-0.07336376006290339,1.1312950970802866
-0.27049714397391034,-0.9966942568435982,1.5389629420418645,-0.27716211090143555,0.42345770024432733,1.4780187014063415,-0.7198547200314542,1.7837501441794827,1.783361631352554,-0.7307484146131932
-0.5727285383159952,0.7356363186528777,1.4498324927139163,0.8289139889813946,-0.0412615952717619,0.5349819575012533,0.712773333055071,0.31443844738008486,-0.4506031039367066,0.8177712645604712
-0.2617716833150822,-1.8892551575796515,-1.3626913221194308,1.2976841742363927,-1.0665579345738334,0.10887963928702593,1.2812702548326862,0.18091768280094783,2.3055123706446286,-0.09366470657801211
-0.8199669749423707,-1.4397785770002773,-1.848846546283021,1.5471761952325722,-1.112309977411035,-1.6088095327947334,-0.35631635193510186,-0.5821321047042178,-0.6628677445121572,1.296711306002282
0.2270873626224682,0.8749961214416898,2.296084244749577,-0.7914005180274092,0.23349521219733355,-1.3899217805697925,1.5405895878296876,-0.20419608328693825,-3.080806749287882,-1.330967628277032
1.4907801876018112,-1.8243876693256593,,,,2.56028437164028,,-0.9634582939426976,,
-2.455023361504966,0.23440620129895284,1.642901506681031,0.09043666795269119,1.3173557964112612,-2.140823984185651,1.2762033772170525,0.20508833174154914,-0.5397929413057212,-0.5238114412631556
1.7428847281484352,,-0.7809448705174367,,,,,,,
-0.028242368911523937,-0.33405470727587333,-0.16105869193724795,-0.7927202964296122,0.3844031553675367,-0.675025480002876,-0.42943709974180483,0.4546662578987184,1.4032562419247976,1.2224542824331044
-0.6641268178019125,-0.22568308136757842,-1.711269636658436,0.6094823650922282,0.7219405492292161,-0.011316437065143568,1.2487819722862186,-0.6213297357614613,0.06925240812646707,-1.188225335684604
-0.16271266166419304,-0.5064869689844719,0.5762503449090979,-0.40635351339896153,1.1672060160056161,-1.7265377140375637,0.5403568954929345,-2.784886109066164,-0.13833926294583873,1.1583361315914176
-0.13271488803821402,1.193842311181796,-1.0213167366347895,0.1547444901834089,-0.8464774018507133,1.453425114972123,-0.8744471417018126,-1.0039190865989753,1.2421919361824667,-1.2824395512617146
-0.8553983000563089,0.5247526937895812,0.19756110149911554,-0.730053576977456,-0.141998090350805,1.7628227442815576,-1.0407649768682041,-0.02611335080542709,-0.3200746417987922,0.9746265432308924
-1.2587838006177452,-0.7057977182836592,-0.3620466636152242,-0.7147786218173237,0.4022064921548421,0.6689409048873367,0.39160119758740397,-1.798125675179192,-0.36444486017605116,-0.27872775478181855
-1.176948885411447,-0.915669576622165,1.7390982025490445,0.7741242928383045,-1.2443968729906443,0.6187632800903341,0.5482669448138127,-0.815605536612306,0.45820079259709895,-0.4968029661656618
-1.8516482825365117,-0.4789614756565152,-1.1110249450376788,-0.6415450886044552,0.48522799544132167,0.4862522029266013,0.35836507245654947,0.2877935223105857,-1.0800673392953557,-0.806637347001477
1.1498019472926724,,,,2.1193269952627705,,,,-2.1255753503736794,-0.5967293911834476
0.37157744682448324,-1.583453578954979,0.4954194733665056,-1.2981419587268008,-0.62282054749124,-0.20006948928662707,-0.9286538839577849,0.025988019174103132,-0.11782153754276682,0.0658828284935774
1.4680325190503598,-0.8236073863613544,,,0.010123316896394334,0.9598969918270551,,,0.9083115616353861,0.2836974244663637
0.1216175130039786,0.2765577215736369,-0.023722363922425074,-0.8701842997874831,-0.1386303027188467,1.431048368724608,-0.6209417897388009,3.2375679991752224,-0.750834578494231,0.8731607930806036
-1.4580744331018904,0.41738657703476256,-1.6614484275103043,0.8895504383347623,0.03174779406427458,0.9950994312215078,-1.2021571293712643,0.20000332833943407,0.6148587545470893,0.6060681868117749
-0.8880942145292047,0.14792809890781733,-0.5107095511088077,0.20051306914304234,-1.6694079877655585,1.4820110408439267,-0.6051648005921751,0.4859990550763255,-1.1614433149166588,-1.6622466897237491
0.6705404731866667,0.6488384028278066,0.8515669128950415,0.3581317305764888,1.1798129915351854,0.3440472250148229,-0.9218930120592415,2.4044032563342075,-0.8341262440533591,0.8427080439659208
0.49845070614515474,1.0611400488224891,-0.09384611324233096,0.3362849382409435,-0.627108149259484,0.5803833323380159,-1.2836515969426743,1.2699942760134177,2.3511344156975724,1.101351641972816
-2.073221498565332,-0.5319242307761523,0.9821817323310956,-1.1169287013145022,-1.3467210738027462,0.13883349106615847,-0.4780381193647746,-0.5345835777283523,-1.3961377964668027,1.6945232671258181
-0.9772486505833171,-0.4307223758849525,0.4191971613973967,-0.22885658186657046,-0.4792791636590247,0.9383494905281967,0.3668736532706508,0.3232994551629022,-0.42192155371246237,-1.3132216946347952
1.144497615458521,,-1.3665107138793955,,,,,,,
-1.3045763143869427,0.6450996822447769,0.14945643664568972,2.538080986267161,0.058072940367888584,-1.4050414960870414,-1.2698287182566246,-0.3205869406536473,-2.4967922915875835,-1.3520591332973178
0.6227932739110317,2.1629334856762985,-0.10302488641006326,-1.060949649694922,1.0285930239822116,1.3046011980587109,-0.4541152096311348,0.6242193230721269,1.3056112320294049,0.33037345038924243
-0.6906544230318341,-0.5229242471207276,-1.2334097437497553,-0.7847126274526234,0.6226332715254839,-0.2213545392604715,-1.5225011581291952,0.34144103352674693,1.1021576323182996,-0.17787310954700905
-0.08291994826917953,1.4706140776040395,1.1748452701106562,0.5461930178084672,1.4242407630651104,1.1746869458286546,-0.11681604497995039,0.38758957524243015,0.12185105997813228,1.9796549378269763
0.4315017544734564,0.3551889406493371,1.8718864838151246,0.17395906124443736,-0.33389822483594955,-2.1597155787873596,-0.42850322462825957,0.19218751826837854,0.9837792266832881,-0.006171314361999751
-0.8625353585908682,0.39780033202901394,-1.765706426914828,1.2984412915645562,1.433249134424358,-1.7524122305168846,-0.8443155625864683,0.35344778891782686,1.762216186891378,-0.05177060056910417
0.39084905080284105,0.254202042058808,-1.552098810782939,-0.3401683710037163,-0.7583227830051128,0.23542014420120164,-0.6829058600059598,0.03261221224788567,-0.05200123799359365,0.03065012323921699
1.0680377604680684,,-0.2441270195218087,0.49739900587405467,-0.541026650155529,-1.0758205801992957,,-0.6576009500311802,,
0.8791462686164428,-0.18396670053741626,,-0.4645636020984967,,0.05581598484126957,,,,
-2.05111996445476,-0.3263115342719915,0.25411325977092747,-1.4424504968928191,0.3809074703771577,-2.197406508881529,-0.5889656248213437,-0.09898373129199194,-0.02175435724879552,0.23233886878593726
-1.6579602220502108,0.16605586716254844,0.6800818326831729,-0.4472195519553381,-0.24104339659671276,-1.4412711357835095,0.8614983164668154,-1.2696964685134822,1.0783932865770567,2.194569669425513
-0.49963159755698794,-0.773029151535405,-0.18715316352005976,0.9940827266936422,-0.91406238286525,-2.149732342624203,1.1271055362218134,0.01949167621994266,-0.23185815908737828,0.050763179126967574
-0.825410826416864,-0.19806138250906175,0.25582088664190683,0.47978565631736786,0.02572784873686874,-2.421486510023039,-0.3329831829682241,0.039110611506033816,0.1228608898961611,-0.4415042109418505
1.9483876109593548,,0.433493902288518,-0.47687038284685784,,-1.4925720625963141,,,,-0.41643005236415376
-0.7525270415463367,-0.37014960677085074,-0.035323142153897716,-0.5762509573848842,0.7201121531997674,2.2078398104982107,-0.23848082160748538,-2.2444532529630052,-0.3608357303017943,-0.11960239607739961
0.7423058645250799,-0.7233345313455554,-0.7055399398903666,-0.731218510923294,-1.3001525905514655,-1.7959127558088335,0.07077602626075878,-1.4628037499362077,-0.31857728774225164,0.6381727986652449
-0.9307441549765175,1.1296908054081034,-0.7455167227658374,-1.5366404150992263,-0.43116481399288026,0.3278754494619046,0.7869478160209599,0.36619970472312036,1.7515814977475601,0.18328735100971816
-0.5395929035207172,-0.06451659529545162,-1.3096626771035624,0.827721028871234,-1.39379250983581,-1.0441200747487078,-0.14480429696288713,-0.9582691763699349,0.3645429482454728,0.2824636520206606
0.7179103335189466,0.5709381776464284,0.21837442635831217,-0.08689498017069758,0.6970177860088219,-0.0043141961946615804,1.3962133708605207,0.89099976071421,-0.27557348909343665,1.1846223615149285
1.5010515144730525,2.117327834318074,,,-0.9584828382241503,-1.0513167897080151,,2.5401290831163523,0.36521580411882176,0.04232770539016048
0.5024712229917362,0.5688396385416409,1.2656737484085072,-0.5862230201020563,0.4571895194586957,0.8178583785954656,0.25292010812268834,-1.5627169565835557,-1.8833237218086836,-1.3802458777863547
1.1084387673303504,,,,-2.0358189061721,-0.6196944369808658,0.3694113091153582,,-0.6764655420316559,
-0.06982203733513963,-1.3349292522365572,1.0503478862237412,0.19313185279441833,-0.7975902462993626,-0.0643008602164285,1.0993474877554106,-0.8048885290096353,-1.1494715857262934,-1.1064407287459614
2.401684516149577,,,,,0.057554253508326776,-0.5706944076988664,,,
0.8276450482029375,0.17049387013851522,0.5562827248557839,-1.1260360400737583,-0.25103027898744973,1.053658377131298,-1.2747689727901583,1.6905242686485187,0.11354711535000249,0.6475684841196788
-1.9046005062191744,0.7222350833687978,-0.8691046419997353,0.0747458964228663,-1.196796404189743,1.0048424964508895,-1.0552846423313509,0.47277177633691037,0.3630040222992838,0.2722790387181175
-0.17930352849490425,0.5514927316015567,-0.05687379008647845,-0.264473502317764,0.7397826066867684,2.052412587124443,-0.02769526001245882,-1.3289873300931032,-0.2738510050537268,0.6385751881043193
-0.3536402805662285,-1.4379490908395594,0.255031357032463,-0.199792016031576,-0.6277434692400446,0.2771775252062731,0.8996839074793598,-0.4138894754175694,0.813104384148139,0.10853103177070633
-1.0046343610015291,-1.935983188935222,0.22969382626625906,-0.056559899236131604,-0.7137137065493171,-0.5925487001652442,-1.169164553980451,0.26650920608368345,-1.0534646879808147,-0.27418400026494893
-0.4761328027469981,-1.501338345550658,0.6101686913498232,-0.17166449884728663,2.383408236096663,-0.8622509698593873,1.7880879799288516,0.054911159918832234,-0.47439888171313066,-0.9861956214997386
-1.3330260733109873,-0.6431697782631827,-0.7391062176829917,-0.42066474104861773,-0.7329257738117514,0.8930389815123102,-1.0854460393652525,-0.7463721491122312,-0.25905076536208843,-0.8278309708969384
0.9370150656642072,,,,,2.12187039144347,,,,
-0.20943359861575792,-0.3312920743589877,-0.10736719852212077,-0.1660520720815721,0.2651862748372281,0.027921360040741517,-2.1856877608249374,0.21977836027053924,0.4345783414123936,0.42165612618747933
-0.7000284759044062,-1.4289395118644186,1.1062992587273222,-0.37539994113078684,-0.48343442768508327,-0.6287196319386306,0.47501889896247684,0.885207181601748,0.3766367798561032,0.34229008672596467
-0.39364573463911423,-0.46685598497640796,-0.412555963197243,0.36626025191548106,-0.5740639730103858,0.5346260157193594,0.6022145418658765,0.6447495927387985,-0.43046353276572114,-0.8750207994186553
0.00030574215901356714,-0.4874458153377193,-0.6293407329045863,-0.2828144627100462,0.5842700723373442,-0.860826325070088,1.6670690777400048,0.511123846185201,-0.468443072732919,0.7087844391470174
-0.8910102302053177,0.1532792690804874,0.4303811650950815,0.6486567561517061,-0.14504434422574478,-1.0816769740393244,-0.013973166412474161,1.218110646694063,-0.6759949546338971,-0.7089767345820907
-0.2431458470543827,0.5636027365843274,-1.1001544823849891,-0.6169915798895524,-1.0226001674053935,1.3615608726021973,-0.9383254181208405,0.11402407164831911,-0.6711588854431688,0.37977336109312254
0.9449100918416176,,0.7519228068717008,,0.23342122974047053,,,,,
-0.09507432691240422,-2.031131740055174,-0.1544759459805829,-1.5227482585808885,0.15398139635248204,0.37895986987314195,-0.15752496493889154,-0.35527299566920567,-0.7152303502914988,0.08664967007029468
-1.220362725245189,-0.9137364250739822,0.41292136838642496,-0.359721708330311,-0.47718178425929314,0.9443023587036132,-0.054321242396435473,-0.4837250610530267,0.6648213661977883,-0.9081539438487045
-3.199521130335999,1.3591297545874286,-1.1926001575076823,1.6552600855022344,-0.5675152479548949,-1.8926917470842388,-0.9410126195239354,0.3640560198538762,1.5494649170052295,0.8887598245197843
1.0065844527184131,,0.8147530456894116,,,0.4523148965631016,,,0.6295264279634429,
0.6728970919932371,-0.19287678526065602,-0.504707867959767,0.5077018812982707,0.15459060077611453,-1.254671160185906,1.5136839211443303,-0.20909578174083857,0.8589188436636152,-0.11884911641128605
-0.879344191128768,-0.19811235888292386,0.5528746166323703,2.4128286348129295,1.0122721795107141,-0.5446308423620192,-1.5180869389398222,0.027898858722240898,0.05507891119962871,0.9882578608348521
1.3205269795181838,,,,0.8618205119858202,,,,,
1.5252862788134518,0.8150740974533144,,-0.04559579675199095,-0.8773422330234503,,,-2.1065513354508876,,
-0.49921711001895125,0.5575761989609765,-0.99082827156696,-0.8346815760418728,-1.1496523160699705,-0.11358415058109188,-0.0019888296463912267,-1.2107967955846288,-1.0319657419931219,-0.430460989910204
-0.3459977988835989,-0.7738290822037112,0.5961154933832746,-0.4243125136005216,0.1526496736364735,0.40818133406409945,-0.8991483399770966,0.5235073955455498,0.15500083883776408,0.08233266961298234
-0.8437916356078352,0.9024357126768303,-1.6457966110029132,-0.1450329360812368,-0.8544995787869053,-0.4299990865786337,-1.4197185536003636,-0.7229951824336045,-1.1214822650189658,-1.5104785692678782
0.5147327399761329,-0.7315772025172729,-0.22333343328442326,0.34339196333190164,0.2658742532340897,-0.16373410869173372,-0.7052651605098863,-0.41097015499770934,0.17113683076026304,1.0341841714918518
-2.3420477637267227,0.37619840917918723,-1.2055935652342604,-0.5336814316556505,-0.23266145194931048,-0.12878550117223325,-0.6485093653136945,1.1311229579853703,0.5481986424485864,-0.4752828580208989
1.5589471876076615,,,0.08153181948769103,,0.3739041412738105,-0.32156845558362057,,-0.9212306284994671,
-0.5238171843889369,1.4066401623957911,-1.376185028681704,1.7717177996379698,-0.15257858614496886,-0.26242707552864963,-2.555442344637456,-1.3530385048540023,-0.9940257435739392,-1.1526607724069424
0.5859788240499387,-0.4808704511111614,-0.042186379896913616,0.15449257252100662,-3.236044364120764,-0.34435824056683445,2.0136845841197615,1.022203489025769,0.42403764895775065,0.08808439532201984
1.3751276360055593,,-0.20416404522409565,0.3134093177104546,,1.214200597440481,-1.4483986617251468,,,
-0.23709169829609572,1.5997290040150582,0.19174191833693607,-0.7924587609108584,-1.467339504599096,-0.15439001764117105,-0.6300572560949386,1.2191467770341897,-0.7797156773133697,0.8538981673250268
-0.06204212911100183,-0.4977690023810967,-0.329734196173516,1.2153959877211242,0.7502677986398988,0.18389360592740528,-0.6449003994766254,0.7016041578620826,0.0843513862912247,-0.4537258543771165
-0.9529020979275676,-0.6013959040129326,-1.106677514876654,-0.8538091141547854,2.670236984240572,-1.8627295199144005,0.859538190806952,0.4696119619660718,-1.6055258006133233,0.8043433814782993
2.064712036097001,,,-0.15738788928645392,,,,,,
-0.052234986262382675,-0.1574442810637468,-0.3733271564041308,-0.4374348420675651,-0.147576400957484,-0.2894111701526614,0.4374108907415928,0.5510535568482106,1.455667857763793,-0.4461381280911924
-1.0020749198606589,0.15997916241310264,0.1847226882997716,0.9387438159571696,-1.3849952411593724,-0.0761105186282581,1.154034330461625,0.8865746738920114,1.1782398875729123,-0.35586231251685957
-2.20580459819807,0.24807607148217853,0.46673140772666966,-0.6622204320595161,0.35421837351193036,0.11510089476602227,-1.4774286888490153,1.0313527661808672,-1.5122206576390373,0.7067010164973255
-0.8958523326198589,0.1771364796179491,0.09560095762089604,0.09239847449030089,1.0850830271632304,0.8446939591466063,-0.7778587031852849,0.05296962485519545,0.600597243047606,0.5425397101529712
0.5382715835927557,0.06022976876745623,0.8607166492656114,0.7798384905305453,0.3550512780822484,-0.21148098208037353,1.6507946375246505,-0.30706539610548744,-0.8838968663956104,-0.30426010678099474
0.17028396269742327,-0.3070543676746091,-0.8337940306229442,-0.11079507613125618,1.1229291856056878,-1.3609453542682994,0.14483343845579733,-1.125459019038456,-1.1047130543820598,-1.6621808062329193
0.00140845038206694,-1.758456234641018,0.13039853971188609,-0.1453535641184516,0.4459711703865456,-2.137523693727875,-1.704943187578326,-0.41139725527275545,-0.027717893810418462,0.9780898632119241
-0.17293130538875592,-0.8284137807808185,1.1281783254226507,-0.6366978042770364,-1.5045759255454216,0.3273810556211898,0.01105397257173499,0.848261097551714,-1.0539042216540375,0.04423984027206608
-0.6814014399789377,0.24700570804573643,-0.7060670201944511,0.012659557210640668,1.151348785121991,0.06259020454227981,-0.3310387094789541,1.4119696571861422,-0.13695336595752097,0.23294384230463167
0.8445437496683288,-0.18105704985763538,-0.12363521322363279,-0.1322452234310416,0.31214802110820217,2.415422651198551,1.1628074013722969,1.015398851002576,-0.8949807211971598,-0.42469812134617085
0.5769015675584016,-1.8669630659150476,-0.7945747449778701,1.1993334227073134,1.05336003335615,0.2810343674745249,0.7076853528286103,2.1980261773425904,-0.25234379050025724,2.1478266058180293
0.47573992580978514,-0.19015668353535203,1.4337444739939906,-0.7730520577398121,0.057059269187818375,-0.21738167524443883,1.5840059563656397,-0.3774902896441202,-0.2472202254817739,-0.06264005285471994
-1.8829770692014884,1.2525778652029917,-0.03133336928807891,-0.412454573580466,0.8264020701162591,-0.22569336647250518,0.36045640568204135,-0.8866975659662271,-0.6534385369671406,0.2687726666518468
-0.587661188507055,-1.5921426742024283,1.4280340898913852,-1.419478879881161,0.854751639000247,-0.19344086037567756,1.1160335607138168,0.04968703431111655,-0.10746071216396762,0.47337474690252446
0.03972190372388349,0.22373830177630277,-0.09082883421416853,0.8848371022032272,-0.6567941478215991,1.4132196873828002,0.3763776460658829,1.1032425090954143,-0.676093388112222,2.002908301508278
0.6216824140396332,1.9499504518253163,-0.3319671544763446,-1.038547155990775,-0.12212349513549392,0.8196133177738975,1.275045818714434,-0.555863044069561,1.107320176606236,0.38616426667439774
0.9739168829055213,,,,-0.008545496096703247,0.9998817819712462,,,,0.4365586872655714
-1.7314941642064205,0.3080888172125863,-1.8341344147439702,-0.10197234683786564,-0.6490901109590215,0.5941020721909993,0.7149084266491577,1.3793315005249458,0.07355121320608426,0.32978715108264295
-0.8444163379820226,-0.6058151087766764,-0.5224382998870416,-0.12868539755200692,2.0315160766278493,0.13666589607197907,1.353816420539301,0.5977956372951516,0.8121366357223554,0.19068923021305825
-0.11389362268343313,0.17246012601436894,-0.7845501577490547,-0.586013907680502,-0.00631342824492777,0.10787822088448609,-2.0125947192617515,-1.0164725515687294,0.6056183373659704,0.7454684970778571
-1.630045738090761,0.1773326677245099,3.4271831959595467,1.140676253498189,-1.1701704869111216,0.1652946247406838,0.20677709449981171,-0.2001213110908479,0.9999251659723157,1.1468290139413242
-0.5375235051725041,0.6363060262755318,-0.7130592570911,-0.11556815258292256,1.6064001019939715,-0.9243496389896902,0.8302945870958923,-1.287535448598983,-0.598816642100954,-0.6659236154060644
-0.868922051099885,-1.4079067492601975,-1.2892318092799162,-1.8217786180695674,-0.8275551104183109,-0.9237060132383974,-0.04847377460771685,1.3378792858950905,0.4867528491308005,0.31519072787747854
-0.7104486806953513,0.4567372671005052,0.592070263345321,-0.6336796540874509,1.0535859735633053,-0.3559914395269162,-0.33537784788373165,0.3507977480263874,-1.3063200663116148,-0.5545440043287593
-0.16080802955360213,-0.6468608568485938,0.4723576048615007,-0.8198497806725348,-0.6124030630973992,0.8841525100319584,-0.041499763058305814,0.690730744689567,0.5355878638114413,1.7342862774682342
-0.49292940411808495,-1.2931772596732636,-1.6579167155981582,-0.6291163245647111,1.0350335526223646,0.6212638443764102,-0.20619087940749048,2.1378944909682436,-1.3109426397248019,0.968181439485045
-0.5670873510551937,1.7429240283523713,-0.41090931178021284,1.0701539285726887,-0.20624302246450105,2.519855111687428,0.2228624964046325,0.0012289879060775834,0.33386400722789905,0.69191454070483
1.6042475962283305,,,-0.270611240805128,,,-0.5810367305780926,,-0.8468335990789352,
0.18199234735436212,0.755873758883022,-0.9939197874730729,1.2673436505563809,-0.6302858018734285,-0.35030669287682914,0.11557053354648186,-0.5740323475092421,1.9591751463709464,-1.3054998474420176
-1.489677265155191,-0.7315424110169143,-1.155602886259893,-1.5958588672859044,0.2538393409046755,-1.1812902948658308,-0.1398253298366003,-0.4974645680768416,1.3665654693705622,-1.2651957802155218
0.4327331660947717,-0.06540325139493931,-0.6848391119119673,-0.10519607260905219,0.3996019360284399,-1.5244123973162464,0.16798014600195613,0.018932338911058343,0.8107729821360203,0.4302279081647565
1.643169588785918,1.1086093719765628,,,,1.0673864158794455,-0.06742531609287851,,,
0.596800783997639,0.6047379695283136,-1.7127142268824427,-0.37417321043910107,-0.7962051596966399,-0.0452958181405888,-2.1520348812484045,-0.7336889639992541,0.0756007247172495,-0.4667575671648528
1.6857529829789304,-0.3715498659432982,-0.07496096389671572,,,,,-0.11963844740978334,,0.6809831478347076
-1.2045796539589015,-0.5953829569226248,0.42174902428123984,-0.3341727045821959,-1.9451317554313783,-0.09173594326610754,-1.7046742284299399,-0.07198361590154166,0.8305484554447508,-0.6173305607020743
0.9934133889627473,0.6480098713850265,0.8060536350162812,,,,-0.5767882865264656,,,
1.314859829346257,-1.9368741666052893,,,-1.0393361043600104,,,,,-2.039180685894761
0.3906451388240932,-1.3519510048868961,0.07203246699148115,0.4009555373195851,1.2841024514263386,-0.32595499096317104,0.12758586091971758,-2.2895321773540798,1.11599697760598,0.5605555408259973
0.1302057068121475,0.13386552531969612,-0.6858181813948788,-0.4854412095353394,-0.7561273978657858,-0.9115756384186898,0.16069379996251618,1.3975306448314428,-0.48422151473545144,0.11631539714721348
-0.193831929880101,-0.2064129319503559,-0.30124539499515857,1.5637348373930589,-0.10761426451932456,0.893911614241118,-0.05563012184403145,1.7179758548956694,1.2881087161439124,0.7990379055909227
0.716054210323477,0.6293431606711039,-0.48485437615950944,0.24631426257764366,2.341784299813212,0.43370991770800327,-0.5991305100837724,-1.4623960317454474,-0.4823199355544448,-1.155861734955733
0.3667840074069885,-1.3673445139047018,-1.5040803807402172,0.19285455582740135,-1.5242030145080592,0.19712381541050517,1.5930070605791233,0.39895908931594654,0.7019519045049545,0.5942209012269568
-1.9246396729420094,-2.2094420274623343,0.4380999454029643,0.6771404252450265,0.4617234207087971,0.29583208587511695,-0.6888916172449995,0.3927775093961138,0.8820689555286965,-0.4875307132268669
-0.8125473453093295,-1.3666537700444554,-1.3199774752677242,-0.433428374061431,0.17297877346466464,1.3967839324150277,-0.5992012805957198,-1.212850372448846,0.2596576305963798,-0.5425389859947186
1.2293510581712432,0.7196187443304041,,,,1.0078675434454127,,,,
0.30866321860555546,0.4122745991086956,-0.1308907618884166,1.1837152444362364,-0.1685564179459431,-0.3240941174737049,2.4515612848916217,-1.6293106641567463,0.16031187213916215,0.3793743204333159
0.6103813383617808,1.9501794751527315,0.13835306360337904,-1.1047405660147298,0.2462747591184484,-0.05219069312751776,1.174048515050115,0.7031301537726596,-0.20546200599115041,-0.46573343325003924
0.4051175574936592,0.27711177874550574,-1.5904654001651337,-1.4074871914741691,0.4715078341611696,-0.9795794796653812,-1.3878098800904317,0.31740534871956355,-1.2091250448843505,-0.2768530060590706
0.7402738174160652,-1.1621542869554522,0.5193676216278095,0.7964401680025852,-1.0277662283204752,1.5047165426876417,-0.7887062174563799,0.3022062871048312,-1.0641450803241157,-0.827145330801979
1.4349554727831273,,,,-1.0515918269079403,,,-1.7828882658332375,,
-0.9651673529514456,-0.11331887023920792,-0.4961666742772072,0.45704347520707933,-0.033759106162305035,-0.7114120864379335,-1.3983120976913668,1.9193141640168907,-0.6725876625735283,-0.923902773436824
1.163266071399067,-0.16747589723467102,,-0.021265483048211836,,0.4649838931675396,,-1.0247411522470102,,-2.180454751826428
0.6484247238655957,-0.762751135788622,-1.254847789094829,0.6202159035916298,-0.03243386952222812,1.1200626310565907,-2.1356484090351153,-0.3695436139229171,-0.607136074506928,0.7699330314488216
0.17503546046867977,1.6089637388139888,1.6955582519972088,0.6848882199330435,0.2795139891438107,-1.4001873721949898,0.579356656105299,2.119287240014099,1.302495143922444,-0.5502486743132887
-0.2861783050806155,1.7860514249908874,-1.1293895744799831,0.262565578760696,-0.6613094243935486,-0.46966125139601755,0.40302665112056574,0.5885665004850179,-0.48270749705509186,0.8707370301178907
0.7319910182233351,0.7739509444324943,0.21590398454712778,1.4981895732523107,-0.9985561713029033,0.17649579192534376,-0.35608506919951266,0.35008851435290606,1.1141194442158622,-1.299686247316573
0.005883487667078293,-0.5461954765670655,1.19681658579786,1.5775496876133088,-1.1497674305891714,0.6010908411977811,3.3360203892975253,0.21464869922090865,-0.02704526092198307,0.41676758827237437
0.9203470766679281,,,-0.9874291885045234,1.183566835210494,,,,,-0.5132584715581855
1.3627349069670596,,0.8154430749619362,,,,,-1.36509569465721,,
-0.4120813762743532,0.37995428761540434,1.3207000805490166,0.5403778504644089,-1.3635848229025265,0.04909204815433638,0.8448062505008532,-0.3271364987151887,-0.10239575065339614,-0.5481088220549788
1.1126756462845793,,,,0.7897430131565105,-1.0310076210762935,,,,-0.3886018945061409
0.003819339973129904,-1.9211675526683394,0.6784923334525744,0.31891979834076956,0.06712710178268393,-2.4961873432330095,0.03134177298361479,-0.68728395151825,-0.6454675848579379,-0.023152033347186584
1.1965710717195155,,,,1.6192896958133634,,,,-0.8515912995478415,-2.1760988564542014
-0.46950772065783997,0.07252711053273384,-1.709594853496409,0.8918932746657389,0.18411887978644942,-1.831983142680605,0.21790892326107927,-1.7830057317530075,2.0830626798559386,-1.2816380783398555
-0.9433531681689684,-0.44899074512482573,0.11222384117181958,-0.41560483905208334,-1.5802711960212663,0.07657385476619948,-0.5901227144415349,-0.6090500391444794,1.587294007115043,-0.41167278315292144
-0.3449862867826507,0.14195224360847358,0.48643003667914914,0.26277164904088,-2.3742903744557875,-0.31526584859592527,-0.39995860937197164,-1.2115307973587353,-1.2928791742998667,1.097638758688221
0.11755829662647241,-0.5512650213130275,0.3224500276501078,1.2068693718253256,0.5112207854125144,1.3494181064186535,0.25699193554478056,0.6789983215823612,-0.23306317905711807,1.1974222341796168
1.6858412367543896,,,,-0.0916244908042141,,-0.35370153253906234,,,
0.31768886950762226,0.2352244357948619,-2.2164249956682736,-0.14010962980119168,-1.4736831911625514,1.384502713282141,-0.6022309184610821,-0.4594555818065892,0.7968296484797417,-2.3966633122446646
-1.1792191808992587,1.2751190158182133,-0.06416117188452508,-1.481078487193161,-0.7796276265043043,-1.3527448494015457,-0.6776506951375876,-0.3917035961592769,1.7430488485476685,-1.0984822919897375
-1.400160161670946,-0.30089458501939575,0.021507029794788583,-0.3484954495365254,-0.07144503490435852,1.6092021630773587,-1.118121098581408,-0.20901625613695268,1.4049953000982978,1.721752052162055
0.33798573490839523,-1.8097445841856163,0.7865826246971596,0.8457536121767422,0.3564929643584101,-0.4210218198188573,-0.7159965350927869,0.9326564199668679,0.42320417140321065,1.1106415337777926
-0.2577128364220338,0.48118432452766,-1.0424521323609917,1.560349612545246,1.7987582665438724,-0.015740250744002874,-1.788464249046991,1.2274452874219473,2.0784654673900835,-0.3315267404966357
-0.3434854289289488,-0.33975925418347486,-0.2797774310824817,1.111998593760955,0.5103138402916289,-1.0690461953918995,-0.2740458144857127,0.30175355528567893,-0.6318702046795664,0.43943985029625254
0.12360983544219196,1.1168975357215114,0.7528451097490151,-0.45037836878705845,0.04273969546602939,-0.7661229982020674,2.063949512866404,0.6795114766318036,-1.3937322155373744,-0.2357678978584684
-1.6259187382271012,-0.42546660138964487,0.07664720403477933,0.8618246850301863,1.003813872194313,-1.3697605425357955,0.17567738364083746,0.32058649581681176,0.08566319878599106,-1.5043697232860582
-0.8144536876036278,-0.1858489835752413,0.7738667123790427,-0.9296291014497261,-0.5566300392843173,-0.2640792399057973,-1.6350165988952532,-0.39524352373702176,0.3792154829129898,-0.9775229883866676
-0.48532740105748823,-0.5922750669815368,0.6364085242118743,-1.6646977351878407,-0.5634112513632816,1.5184075232104344,1.1153910995533969,1.043007580605947,1.359367082021446,-0.9708169517701445
1.2693938173780737,,-0.5593650680348086,,,,-0.9711325754488929,-2.8317154117734953,,
0.10252542939290293,0.23885555094400643,0.3623020444426767,-0.8527672974992999,-0.16305586719730417,-1.1977929675638304,1.0155501942904404,-2.3302891812138915,-0.2807783150314319,1.725450660525839
0.4621527512879642,-1.148941843497918,0.41823883093637093,0.794592173959648,0.15632952981630185,0.5627732152268002,-1.2385946551661617,-0.7013789909522273,0.328399645791762,-0.33094730915778525
-0.4476576487829096,-1.0233154702567657,1.3905428720961461,0.09256767973656108,0.9706371053042414,-2.1908404812470885,0.9324896635447455,-1.1394997988693634,-0.27752309639743633,0.18647126011410525
1.974743437632067,,,0.4198452637400608,,,-0.021693287184485283,,,0.4917138769691707
0.36622180165937596,-1.0725876226523616,-0.10829807743372286,-0.5309691072440955,2.037718166677215,1.2798863630480886,0.9839162021682637,-0.4972002231047071,1.8437630280168824,-0.3434739013517236
-0.7097784448234082,2.2668618892651264,0.6677450108347953,-0.7851373325116042,-0.3861471296496929,0.7803976712323387,-0.30086211812545866,-0.08859128567473175,1.6820573845600202,-0.6597236762466683
-0.46469589550854284,2.797422290359987,0.47854140618784907,0.5056390999674678,1.5441925487961001,0.5798081916106668,1.3278638525495838,-1.402120830334119,0.49732008933769156,-0.15881821809333768
0.5195567128576543,-2.194780970847222,-1.4270228033854369,-0.0406805693490292,0.7542489754693879,-1.2997361701370498,-0.544207000131545,0.3631777314009505,-0.0913166204778527,1.0400801181772337
1.1459580788453139,-1.0485226231828377,-0.07981042364538861,,,,-0.9290167502225222,1.382547581805117,,
-1.080321956884539,-0.4460632139717318,-2.2312936688354466,-0.0017049862084529733,-1.7139586257513915,-0.4810917614893325,1.1566084418342881,0.16217867404110034,2.233233991093187,1.0808849455930267
1.0545856164110876,,-0.27504877509844405,,-0.5000356460930594,,,0.14275141452918963,-1.4481187077111117,
-0.4217104086403762,-0.5258862467541146,2.4276283865558774,0.15057879639227448,2.0996244895874447,-0.7469643807936778,-0.6670371613620614,-0.4724414682912945,-0.09790497214614943,-0.29893330118511197
-0.9894509457790361,0.9436142790144616,0.10142203529803236,0.8463649392468539,0.32515276433768,2.5603184613042425,0.15301423944202058,0.9854978917265598,1.301625278479197,-1.1598030742804482
-1.045071512891747,-0.9893712240087289,-0.36088633488915045,-0.2959226375820197,0.2452202953992607,1.6041359838374123,-1.5890336251629864,-1.5352251657440559,-0.5708809457153398,-0.9672936296863057
-1.499595454169344,-0.33086544358360964,0.23840687770392224,-0.06927727769460675,-0.5530891136767825,0.016355382231142593,-1.721334121498967,0.7088334267289864,0.006595273276065165,0.3666858268728045
0.07771267907781833,-1.5992553611745692,-0.4334041285650285,1.3833152054518971,0.6087931609438219,-0.19622845071722872,0.8289262563961469,1.0310139559802936,1.4019827238634244,0.8090170292654327
1.4918127967754504,0.07294269480652234,,,0.8037932371390684,,,,,
0.6907791940456951,0.3059661660772068,-1.1884823795683774,-0.5914698894280636,0.9522752930184473,0.013933055227186688,1.1875364959467722,0.8397477733778409,-0.7325248368896792,-0.018380259196405305
-0.08717279170853504,0.9114504832042669,0.09528854543029432,-0.03684913305744647,0.4679864797714601,-0.24259263467726883,0.8352341986313128,0.19470184667054963,1.267603560903603,0.8111118821482801
0.22734923569411056,1.4923158742508105,-0.546778305346253,0.19826986956585504,0.1624372386292198,0.4395396990916725,-0.5174046603760241,0.16455615445428298,-0.5494589088886107,-1.3877015934294739
-0.11945727575087643,0.29730531461907955,-1.0002355107323468,-0.3261250835094838,0.564798070747223,0.6948790303051299,0.7839424074669321,-0.9886995172456866,2.272375317200289,-1.5086224318962487
-0.1716640309838205,-2.294186818133118,-0.9810647228491233,-0.8719267834305675,1.2715882244636751,1.694285097092369,0.23958159517302013,-0.4697578776679108,-2.569933324927457,-0.8013381075998108
-1.8245141912995335,-0.6666203754401865,-0.319733912438762,0.21365447074149568,-0.1903277136991285,-0.45689687057194495,-0.5012115698692124,-0.13973553903676714,1.0906983480238939,0.6810873672034546
-0.6640840547356244,-0.331940803008726,1.9605988210038565,-0.5994713995344804,0.6518728224670707,0.9864962703592834,0.024490380731090382,-0.6480405467985056,-1.8743790758564158,0.6061486491916324
0.2289958412017576,-0.7241137510748049,0.5436062820825696,0.14046996351050237,-0.7718333303099129,-1.425928277870655,-0.4289771671679556,1.4316267653186026,0.6773662529264328,0.38538133360518906
0.4299679040625751,-0.8473896837401876,-0.480061273983108,0.06574859809376152,-0.060279810067469845,-1.0593232377991952,-1.1142226025126205,-0.0806265313549827,-0.49297351568285497,-0.277406432619733
-0.19557401046656997,1.3997890231825296,-0.45373908609770075,0.48709353682779494,-1.0579687557553357,1.3843362712706588,1.757473807458633,-0.391051093273484,-1.2530544230965714,-1.728355540721549
0.18368507809532872,-0.2999570662460736,1.4033525166838077,0.29578770287306955,-0.6800867700884974,0.9115384357487276,-2.089983543677585,-0.026971575704107586,0.08234704117110374,0.49566909213156424
-0.5391146726891792,-0.1501744822250612,-0.5188143804268545,0.5074857860073116,0.7451723543594971,-0.8442204618819742,0.7242980996402574,-1.1998883796346622,-0.25087439223026947,0.8921205607234111
-0.4674158731922346,-0.4838119024490844,0.19332059484436742,-3.0468151546726743,-0.705302935823685,-0.3902468462491882,-0.22394175674493913,0.2101264292269831,-0.04194032092633431,1.2210896215563838
1.748418723801021,,-0.6589656374100051,,-0.2599701084493483,-0.637767953252048,,,,-0.7090352766347123
-0.28195206852179433,0.8438647552743057,-2.2103881894484316,-0.4679333906415103,1.011408244893021,-0.2503874930872279,1.0720273837563068,-0.7391301721540701,0.24552800015881326,-0.29505781111041207
-1.6362285199011162,-0.3325506689882846,-0.46302305948798217,-0.6432739434362528,-0.8796824968426168,1.402140593991768,-0.6808799905917938,0.3274273783606048,-0.12576525489996293,0.8312862612983368
1.7336335321993979,,,,,-0.2898351420894738,,0.03123095200951481,-1.2817006640873418,
-1.7277984086254907,-1.3749970095438744,-0.470668385578489,0.9180410653226708,0.5867878466422758,1.8942984264190477,1.008766990261467,0.1711043842163005,1.213278220649173,-0.2806775221564271
0.12024777233662505,-0.48884042272147443,1.0733100283517916,-0.3577832733012803,-1.3252770774660831,-1.333683803082993,-1.118568857302026,0.47650852726272364,-0.16802490487691968,0.019395511953445303
0.38631198061125993,0.5044008193254306,-0.33079423619729215,-0.10685707455090208,-0.4657351497942815,0.35636288779327024,-0.11146369536724879,-0.8898929404249815,0.08363696383902894,0.6661759298087787
1.7559657621750082,,,,,-0.196941330678989,-0.4587004148343719,,,
1.7680392195098555,,1.4262057215871704,,,-0.20962486080702553,,,0.25305571786508885,
1.8938637547143349,-1.114584874980941,,0.24991885965932367,,-2.484717980762521,-0.18651754393161218,-0.17914276622236178,0.3770359371809264,
0.32291392344706443,0.8203923998577447,0.6675034694139937,0.04183256478970256,1.1921494114906799,0.8979757928929938,-0.6951166754597452,0.20074255932341944,0.9960864557537223,1.6415889762661324
-0.6126653988296423,-0.8579258237988314,-1.0240011715450517,-1.2791773220552445,0.026245438295227328,-0.6424259395888644,0.592899649113118,-0.5870599654634624,-1.1132857288158906,0.9707003215655243
-0.03518396307115342,0.8568884164875048,-0.4934581272774664,1.7462252653708703,0.3707136371317274,-1.098475636283421,-1.629842997660796,0.3113567419447975,0.4405636405507133,0.7201661578014636
-1.7799325524230472,-1.7515557291456811,-1.8000475483824663,-0.9230448389857749,0.6137803913541388,0.02228091041050361,-1.696295405911849,-1.5136809320768492,0.3421546757728937,1.1506718043626005
0.5175438377177417,1.5606747137644958,0.405799110812827,1.540871416324758,2.4289836319538978,-0.1967871752292593,0.7202552415592466,-2.151278689662947,0.7349002367299934,-1.059956656076912
0.6210210474081221,-0.442121389047655,0.45722595659435894,-1.1785045488249046,-0.35024584816976917,0.760425740001866,0.3631426338539089,-1.9326204118476773,-0.13996222270846978,-0.6271038868426624
-0.9926147373169706,-0.7096875676633542,0.7740190677370644,1.566106889503494,0.6175930418031225,-0.6321959592615334,0.04976261051271362,0.0451211566247012,0.916909423292308,0.026833531672319107
0.6157330067051849,0.06589827670223747,0.535977859898347,0.9001939286730234,-1.0838612938812604,-0.1580075964199668,-0.24846472352705357,0.7712711748073997,-0.01827894417885305,-0.7395409585183256
-0.4280341819449175,0.14287079480894105,0.602230209766042,-0.6983154623451545,-0.5599993120646393,-0.599367268293627,-0.5577042388945179,-0.42074118712184183,0.3836895032953214,0.9320436289447876
-0.580641115348426,-1.72970034512115,0.2872971158562455,-1.5844549684291176,1.33234955994138,-0.08752986276873811,0.19531777442067857,1.025989522141032,-0.2694111789573453,0.37560716303847375
0.38531006636844933,1.6911227693046076,2.048182540119474,-0.05646360862927457,1.4939205205368196,-2.102033780814092,-0.25866557545665786,0.6320107664141216,-1.4206741409483081,2.1506131950393463
1.4777630708586362,,2.1515866717263963,,0.23912497247162762,0.4453445227955687,,0.16661953509379604,-0.813388675264697,
0.10464186523404236,0.216078251001567,-0.012768988810065763,2.352306407035999,-1.6125273155672815,-1.8025601342455468,-0.8770514517811454,-0.017652144577208057,-0.39714714863632206,-1.4144835035060161
1.908083424377902,0.5393696156658583,-0.3326293349067565,,,,,-1.3003264223856439,-0.7837090134323396,
-0.605248205671792,0.6306506608643597,-0.07184703908010313,-0.2663402754866959,-0.7069518731675418,0.06802603174511265,-0.20788243772625592,-2.406256329506854,1.1168352526005552,0.32557429615136896
-1.4341965579864198,-0.187758287673695,-0.3435718241714079,-0.9573052471506444,0.6460920857249374,1.4105268077729503,-0.45539092839854106,-0.4231888236687069,-0.945780089471278,-2.2259354287234787
0.4211318994693702,1.9002301500333305,-0.15777476780940203,-0.18129399532479434,-0.06814517162598828,-0.5104751685279562,-1.1467292090886623,2.55850377911923,0.4659334821505049,0.5906572760865882
2.2581716473435787,0.20091136314399508,,,1.9204368474625753,,-0.10029501075478131,-0.5478088662520059,,
1.8311670374936149,,-0.8577479568908253,-1.2825987426910612,,,,,-1.5047416696189597,0.03127168026949685
-0.39068388386816927,-0.19011193971929943,-0.830472149657697,0.34180603589493164,-1.2607500656287796,0.4867072459423392,1.1675451764139642,-0.5119445347934845,1.1359384089027502,0.13548648651172845
0.9463514794881086,0.3148244625119448,,-0.023749465727482776,-0.4408950668455735,0.8430004911407382,-0.2364782200936432,,0.5169798526594328,
0.24821432060597082,0.9848564254192314,0.6669113302276745,0.9556804282619226,-1.0324265320817096,-0.5437030717077892,0.005705594516143926,-0.2649506047381766,-0.9383807845519274,1.2530632477845545
-1.140906555174773,0.9786906937128101,1.7811058132949857,-0.5042644183332353,-2.215217357259882,-0.4773040252070527,-0.768801685875124,-1.407144286197713,0.4189450376135227,0.44055168026555724
0.46339965160669705,-0.928476774013733,1.081294960705467,-0.6569985755614595,-1.051683274549866,-1.0886053691605984,-0.7428435553843623,0.11080011640731954,-1.0522579689554301,-0.8141301681498292
1.587188269156677,-0.6431436390484943,,0.08305319368001085,,0.21104426506529322,0.0113699864455246,,,0.2549386886318907
-0.5465818771820582,-1.9474738098021331,0.3461383208938564,-0.10638225492454048,0.3783447826969027,0.00016143454861005564,0.7842006082464813,0.4510411832745048,-0.12773798724010385,0.3992963418712109
1.321610248164163,,,,0.614955526742502,,0.11021585350797032,-0.25783002025805957,,0.8662046908727142
0.6138762250932259,-0.22819666223648982,1.2838753098029068,-0.9753698395685471,-0.6668518920820052,1.5838268873703516,0.6991780349818165,-0.4192060351562245,0.13922146733805174,2.071097318963616
-0.21376414663214646,-0.6930107846472088,0.07487920181655973,0.8981833482962613,0.3851442007064465,1.0623922162774007,-0.832518936116071,-1.1758666977031114,1.1096432640638092,-1.137402292494635
-1.1476982084825886,-0.7287613726189974,-0.9163368655768105,-0.6314187139751138,-1.7165980027597805,1.4026641958977213,-1.5297898593286592,2.283398409494041,0.8328430897625223,2.7459388839147025
-0.7081588498692288,-0.3961876286992748,1.3914445264508821,-0.9708658069081114,0.849750695902915,-0.06469828559651264,0.98612387416591,1.4124428915828684,-0.49380707348724673,-0.7460661704455728
-1.26501953391288,-1.4386692130433734,-0.5131096417660658,0.031562124349006335,-0.5321184602567274,0.30356120735127784,0.7675237481768045,-0.5189477442828428,-0.41135983567351814,1.2408422612638899
0.40850313151386997,-0.1445983336803464,-0.6293341953546748,0.9167919093755255,-0.23634508639669383,-1.8957163755502888,-2.008836904742936,-0.7724526820022877,-0.9874905942097622,0.0725573613125159
-1.8427630617454547,0.06447312843541768,-0.9622334749665589,1.0478109689077686,-0.7475319463462747,0.893510117330078,-0.06868121774695322,-0.4819444865588655,-1.2759007738765327,-0.8054758805913868
1.3713239855187223,,-0.863940311761297,,-0.4841373630690822,,,,-0.04117237016097005,
-0.4414466653368422,-0.6258041206938415,1.4579796709578003,-1.0739717483596318,-0.3233855122295575,1.1119867204386484,-0.4670720491910257,1.8504710856162134,-0.8956803613028255,0.632124477417543
1.705703097683499,,0.4061271448329743,,-2.5579664777888143,,,,,
0.9050388590333247,,-0.9566341741467813,0.4109448294672683,,,1.2764257521013036,-0.12364055895348139,,
-0.8697164165888696,-0.4659642554321299,-1.14791623164288,-0.17484269152849058,-0.3314234346465412,0.12973595225828652,1.0191481344950413,0.6798254812369647,0.12884415499960863,1.2877533858199641
-0.6226716398588314,0.49500239210875147,0.915136804561292,1.8926401918288773,0.14619461969694394,-0.3876266740178829,0.015426167253222102,0.06602452039256503,-0.6729889801567158,0.01940599528738809
1.7731015964373642,-1.6777183684402228,,-1.5167881476607532,,,-0.8075709739123369,-1.0328747390750987,,
-1.1545494230801818,-1.9559915592092505,0.99502405114923,1.3395999877207083,0.25441410750412213,0.12724429892438865,0.658349131031548,0.8138653970656766,-1.1549283278637192,-0.24845568124947803
0.9793816330424884,,,,,,-1.267953569754021,,1.2123701798760298,-0.7468112304078964
0.8709916907222318,,,,,-1.93935602670536,-0.7863157278614447,0.004632062588850881,-0.9132586024220979,-0.7793011809379763
-0.14343475265107153,-0.46356982796507534,0.8338307665678449,0.01430508832986524,-0.5932678047747969,0.9539945400015991,2.8573546446662013,0.46000976169690366,-0.5363714131850098,-1.661609826014291
-0.2754624149509554,-1.1979436400729153,0.49911692617143855,1.6727518857337529,-0.8650352214465522,-0.589138857824526,0.7116332126622701,-0.73520884588528,-1.7582667324506474,1.1836408371755722
-1.4071064254935952,-0.10180269146051042,-0.15166247471123057,-0.44451053126864803,0.5890644564816832,-1.5448387079941293,0.3365724317224596,-0.874697578112558,0.029683747354761206,-0.8482087404902682
0.09375626215351712,0.8088910369498133,-0.18693640061502914,-0.3429764028421811,-0.8197421021902666,0.07697971427283291,0.9698942572962215,-0.10041185344838541,1.3723789023618305,-0.28011306569494904
1.8959363291992344,,-0.5652065888983623,,,0.5752216666179579,2.5629770462483386,,,-0.8175577109157344
-0.3118025028175134,0.6784273789484462,-1.5171629119513108,-1.144225633558357,0.07903572199883135,-0.16430638666593264,0.21697620821129696,-1.6827748882657878,-0.34107183442408406,-0.25582514331256057
0.192621299257129,0.8471065544339169,0.04525595884251286,-1.0978161394588908,0.323859642737678,-1.7519411320628406,0.09748244148512988,0.4823737215180054,-0.06380677024172123,0.6540775950021721
-1.3220759029824691,2.2668469290398683,-0.9235847549723493,-2.6065434884637524,-1.280733827041981,2.9330849004160724,1.0900181092717467,-1.267540612221287,1.174426196249814,1.2785952509504661
-1.4522692514094226,1.2201633709927844,-0.4123428973668239,0.6978548442082531,0.960185375761121,0.9377325169807209,-0.20109096758971895,-0.8228460844766478,0.5252434431243127,0.8208196046270276
0.4663224825873135,-0.06305861275630859,0.6721091606542626,-1.6307057766056279,0.7312042512244916,-0.20523483450208385,1.1111475288928268,0.16022289600350637,0.6021181558542625,0.5833786450501082
-0.372825512121836,-0.7508412256242648,0.935586907308006,0.3243144229619033,0.2761443400715983,0.9221775949820447,0.6192930157531042,1.3599484514889346,-0.3504254078963371,0.5345968169606137
1.3360090147814239,,,-0.09752391825611839,,,,,,
-0.6060200870158191,0.8964838765483834,-0.03621285044616699,0.6446950454878246,0.3234338716310473,-1.763294800057841,-0.7099205993447674,0.15290925062436683,0.7554566065151083,-1.1020387591364391
1.388739385939851,,,,,,-1.3517811602034635,,1.0367130065402101,
0.6021966191451382,-0.0065417364133574666,-0.2055862487856259,-2.344951624676819,1.0666696904907162,-0.7373477752468961,-0.5958744394115831,0.4826556264617524,0.005681928303918639,0.0004580745069968523
-0.14789942307179238,-0.5568582786120843,-0.6224652008734847,0.5934240082672155,-0.9444871368659215,-0.6523956935861415,0.04945258441871497,0.6224970368163805,-0.7551073419863926,-0.8189536784232878
-0.29210594007670243,-0.8963642537523752,-0.1256913710089548,-2.2461380477857817,1.4998883435996067,-0.07200797761351313,-1.7938601607955145,-0.5829328494769896,0.05178758257642113,-0.13065176598728573
-1.3383580396483974,1.2270654623402897,0.8460786400612657,-1.3202125255117432,0.31317582602826355,-0.9353615441433296,-1.378045672415973,-0.9357510056098935,0.7154237240678072,-1.0355583117970932
0.2402187784057327,-1.4589033582413502,0.6542246033326734,-0.3234599987344871,0.38696185153021967,-1.2687923915851425,2.108983295272969,1.8949888149461,-2.5806584424850296,1.2471232308468299
0.12896845751927902,0.4577376334169426,0.3996628094323705,0.8940971872106351,-0.6145444388707625,-1.5211963591421547,-0.6798909883022292,-0.8075958994521654,0.005035323529823915,-0.025943553289247263
-0.5243624265820948,-0.7029299653395978,0.663749519796894,-1.0723302139291104,0.7513863730459626,-0.0579066360910986,-0.5659425067660271,-1.0072632966018635,1.3891432911580224,-1.746380551191001
0.4310168495872205,-0.1381645846058297,-0.26636367013122864,-1.2918095006054282,-0.7738512894223186,2.321399221493706,1.0909004489319265,1.0049174916071932,0.7100658505202392,0.2634145197472424
1.449337831454468,,2.3685921000488306,1.285564711597739,0.36826062665001064,0.6651660254437995,,1.7583830127016848,,
0.14353052741522723,-0.7741603647069268,0.4407300728541129,-2.724293878048283,0.9117164240458229,1.5708121930506531,-0.5078890740976838,-0.3413335086862743,-0.17128138214008046,1.0429945835775771
1.5494188537741536,1.328454156233461,1.1967317903731518,,,-0.18698235583178807,,0.9256308919214764,-0.1815051001946213,-1.8547673502067712
0.8991767309711091,,-0.8607338076888332,,,,-1.3666002127660817,,-1.6443986003797328,
0.8257845896299304,-0.9553307065432307,-0.23206408611514479,0.6178192351879795,-0.9870129449363517,-1.7189263271924318,-0.03795012962126829,0.7750949134963215,-0.9917822274631656,1.344522709621958
0.40406355944270334,1.2981259574228257,-1.0467742548217487,-1.0046335306965581,-0.6628162991143404,1.463356544048835,0.0717214738429476,-0.19288945270413446,1.3700649374356997,-1.2183500367806572
0.2635624974357643,-0.09751631663701148,1.6114656200995456,0.9487005062067436,-0.48903502022479367,1.709164491779361,0.1844707526324168,0.583056548076839,0.39926015074756965,1.7092046924144415
-2.4147778863423204,0.5380810016826538,2.2687216998451323,-1.2622465702923666,-0.9750007860101227,0.2373649134105619,1.2608154340629625,0.33913805122894974,-0.21424087243995663,-0.009646595282588823
-0.3634020077583033,-0.4624406840248635,-1.3593933295735976,2.125517546213491,0.17798604528492165,-1.011665669916217,1.1250707433906315,-2.3320415273846615,-1.2901962733526247,0.30151986559174354
-0.04705162200744269,0.5675044853332618,-0.9127871467998192,-0.43148960672713155,-0.19768805646735985,-0.8204927020164344,-1.1194630897967,1.5599997942998367,-1.0515765653703197,-0.25977977286403087
-0.9698844994422028,-0.6153398259552116,-1.450706805724804,-1.2913453789201652,-0.36591480950559796,-0.33591935817390217,0.2641402297714321,2.094956215793538,0.21853010007346318,-0.5104020431999459
-2.368546918540017,-1.3082863923590244,1.7575973435066792,0.717774089234792,0.31171837198759234,0.5459076246025766,-1.1754617601290023,0.34310543251556924,-0.24131989223222675,1.1089744140789433
-0.1568214426936862,-0.8149061602326716,0.3020255414377275,-0.4523719928461952,0.5809987444243275,0.0170625544898723,0.9760136729927303,-0.946277698516724,1.5555858295842628,0.39256815886256696
0.025787640656746554,0.9949023576192496,0.6954363190999596,0.6481045374850186,0.44991449281921186,0.7134095159702247,-0.2462473179554128,0.5885041349420193,-0.5376979060242881,-0.7889382229781395
-0.5076894603412834,-1.727302875813276,-1.2348460444312466,-0.3271571900871022,-1.6121876916414422,-0.3948734116821336,0.832487957044808,-0.3278361932744068,-0.3936305185133366,-0.17053161203751005
-2.6274502879709227,0.10264268111055573,0.6949461140342873,0.9351490689947533,-0.4939778815353395,1.4630957836340635,0.23872354349592786,0.9777901148277496,-0.3323919867116168,1.4420037143394782
-0.5025264909041207,0.3542737762075425,0.019851885856197644,-1.2513009945395488,1.542766532326209,-0.3423154938459357,-1.2156947465003713,-0.8391632432784655,0.7943391219499678,1.618594569940464
-0.8984250912595942,0.4452098574552552,-0.4992161750576625,-2.349681535514957,0.7069630742375699,-1.04372577368042,0.6911846181962457,0.5511628610969226,-0.44235958990104607,0.3700049779263308
0.8509982810938661,-1.7070954633686852,0.3128231620240575,0.48308647753074424,-0.21577876500918336,1.581965133220021,0.21718727962367473,2.226487504970809,1.4703804120905803,1.840342181153478
0.7613442837921109,1.1717705155111333,-0.24172972984467728,2.12042278127984,-1.0802590825743181,1.8309558554771572,-0.13593147815296305,-1.3443610427815424,0.632774116409191,-0.06391206887704018
0.6587240081517489,1.9799507737412931,-1.1410458045667586,1.573923078778727,0.7771448247552576,0.8797831037027329,-1.7678064916878884,0.5376847833292228,1.1387439814210054,2.0513893890073636
-1.5309952549510601,-0.2872962201142471,2.8013198584933146,-2.051877985104173,1.2002294277993448,0.3270925527187877,-0.6176100539941207,-0.34858081313004174,2.5978947220792206,0.930468444973175
-0.09388808148227497,-0.7282400862110928,0.9612358071347382,-0.25476136410824257,-0.8407196573254744,-0.16392859253432385,0.4929489414201774,-0.12813430249421565,1.846757489873088,0.8667162293232873
-0.24954708976077777,0.8484688716028438,-0.2594746429053397,-0.13199547202770023,0.04564118714044979,-0.4384510108065511,1.16759510855662,1.106430909700165,-0.9369869740633494,1.7367009477672777
0.5364272781389132,-2.090101963810921,0.2414777974951084,0.647168216982713,-0.680546248678238,2.416314509548442,-0.8826587749570506,0.5696358320727091,-0.6818954771907917,-0.633705056535152
0.12050029596703125,-0.8105028271524843,-0.34423754333013545,-0.6634683268621717,-1.593902583450548,-0.3177574236740741,2.0902502880886527,-0.5724446906666373,-0.06014776344674178,0.0975336239025631
1.7493503282496132,,,,,,,1.3277154378611868,-0.34346457262453384,
-0.39110081882786574,-0.8388732115219956,-0.9756320501177798,0.5017288590666692,1.2744088512235572,0.4479471267288872,-1.2053042522908566,0.08280187160678998,-0.17787625232179857,-2.1647842532093557
0.0389988615604436,0.8855204869299522,1.6300653799566442,0.8189219382332069,-1.5937688605011917,-0.870464970281017,0.9427779614851037,-1.1412265550193383,0.6045965154659421,-0.48601156510904486
-0.06336266069392217,-1.1185306413324103,0.3499410470792508,-0.42529809258389784,1.7715634806966816,-0.4553866936154813,2.354159815522137,0.5072289051015593,-0.19624654265225341,-0.6909194544104963
-0.1870575222042136,-0.43836145542286664,0.0046299899044919554,-0.24300845419969272,1.5715199002210085,0.7314355483849481,0.9952778346602836,1.1839933879158384,-0.4255272165468305,-1.2377208593415734
0.39767497801365154,0.018391434766715658,-0.14053715193113334,2.3701074852829676,0.6015315250178673,-1.0272457923183491,0.28486614054159565,0.4694222683535173,-0.7033167626598107,0.7921770446285141
-1.1336422660794545,-0.8048421249973792,-0.3012594026376686,-0.4121661509865984,0.11811224383205336,-0.7472633171104873,0.40097942813718823,0.33498009003987456,-3.216747576644906,1.3363522268561734
0.49876959022201983,-0.17662933497436484,-0.8288742887577886,0.6951570676067316,-0.6320768950167875,-0.43207822454621647,-0.30020019761802763,-0.3846516662534102,-0.2597338477286895,-1.6603833853362475
0.4213887272064202,-0.8236228521138688,-0.15145619570388633,-0.49368653986820976,-0.020549997221667886,-0.17883443682134886,-0.421854993604278,0.1385514985962132,0.8795312838069745,0.3056826556408213
1.0608679121504094,,,,-0.39848340753238504,,0.21860980655765638,,,
1.2833029313609157,1.2589428102968003,,0.5321159348829712,,,0.06878258081179071,0.3413490725965813,1.6364250999920973,
0.011059739279091449,-0.3551164400944434,1.2184965515882344,0.2402102502074534,1.3292315227278275,-2.3301789787474947,0.03679535514221326,1.290234271501716,-1.2093873677043214,-1.4742746501641155
-1.431977234415489,0.12994721243298255,-0.6783474747200844,0.40148014410507193,0.9725485807846168,-0.6463762612529048,0.5302839481324164,0.08888773818733356,-2.011205500595434,-0.9619821623817952
0.522715535862319,0.6059730368420099,-1.4006247328605967,-0.13225005105812965,-2.150994347672176,-0.023866312690703096,0.6003519198863485,-1.5734248247181768,-1.011477455488035,-1.3465010308282102
0.178984924011486,0.769648819496669,1.6579019088819436,-1.5156115450253485,-0.040626891770305776,1.0000296529235737,0.2931643713663496,-1.3787411046027143,-0.18458110910245587,1.0094139112800258
0.01752927897777452,0.6789313250677217,0.9432291710509975,-1.4054283772157843,-0.8230372203878192,-0.7080686620991664,-0.10786762503547917,-0.07722764077400499,0.8931523738292082,-0.7721626061382426
1.4803868296637768,,,,,-1.487242562954734,,,,
0.809397285873038,-0.13405019208265279,-1.3202678676374597,-1.1871796445164904,0.9994373108362936,-1.4391543955527377,-1.3250410558239847,1.156777529827845,0.7566082037819613,1.4676412776759158
0.8298128705833571,0.6030879189370983,0.25105838916172585,0.2662435316306712,1.0836923679138615,-0.8679522166164795,-0.26796878393987905,-1.0771148858032962,0.21941907524512036,0.6841495176321483
0.4824791590447751,-1.0039056160355095,1.124350538127568,-0.6271943212864287,-0.2642138283940654,0.9745720310678161,0.06370903153021268,-0.22675112480742063,2.5160209289889712,0.3230590364500889
0.03839476362128593,-0.24953999013080727,-0.3802152242566353,0.06510774963079974,-0.772857075031434,-0.8127618485202442,-0.4017978767750402,0.6995541245559102,1.0192070355453948,-1.769050874135213
0.29284542833388333,-0.17035874450713703,2.552998570895093,-0.24719444833144585,-1.1352330084272153,0.7716235654926814,0.7390232940128498,-0.22331019244100045,0.448436523473568,1.132406106148901
1.2949057786858555,,,,-0.6544450696380045,,0.5564139243015136,-1.8219770852060087,,
0.46444209889540555,-0.3547450570388652,-0.36342579811528053,-0.05116317890277974,-0.43010609144893686,-0.5505645074642698,1.4277494926777468,0.8146738867661314,0.9405240768521232,1.5484280196036142
1.1123744053948328,,0.58720500934185,-1.829116382124475,,0.9767846896602025,-0.6206276798966534,,,-0.06469860639179865
-0.2663455907604272,-0.28114219097276716,-0.3847466383594428,-0.461965379468234,-0.1175081517826652,0.3537701174062568,-0.2637861551940835,-0.27009236373580675,0.07570498678869422,-1.1351454613807197
-0.19966261932693657,0.6706141473311878,-1.1682849840015421,0.5011659186722668,0.7078435161084653,1.8099005541939577,0.33506725585522046,-0.74113873829151,-0.05221790099121374,-0.5200979298370583
-0.18710909171957263,-1.3051257190260794,-0.06887998980104813,1.2739608778181766,1.323218854090944,0.6755245235213452,-0.7860684653984014,0.5265061937584455,-0.17880103698724303,-0.29296890917546964
1.1968644977021532,-0.3088252297739129,,0.48186946498756084,,-0.16813701698825603,,,,
-0.5708236909517683,-3.250588395688557,1.7218517294150244,0.7213680802559991,-1.0942006983579464,-1.3572610475742333,0.022407432572377314,0.3731157963263951,2.071704584389512,-0.47746606522737867
0.23786327163326984,-0.4627925290841179,-0.16290971887263228,1.8939133251991451,2.7528724917229823,0.7114283352378477,-1.310118816496019,0.9448400918180933,0.04802206850089649,0.2870192258114848
-0.13148533279887897,-0.5549033582470208,0.5345627494362589,-0.5505394812449089,-0.2589405599012317,0.05134822913451324,0.31361498192751464,-1.4569389877120635,0.38367906870241253,-0.446047524562075
0.5467456220914017,2.2207447009160894,-0.840683882122274,-0.05586198741822532,-0.3588220512021773,-0.5276798691476606,-1.1546749535806686,0.14675137408652228,-0.9115435804289352,1.6664160490360929
0.3263505645065761,-1.2496872793292975,0.3745386344351136,0.10962171492120268,-1.1187754884977217,-0.031479936063900725,0.22245213934553462,2.1582575447472476,-1.090141675893915,0.3688733211985967
-1.1629738658995068,-0.33765028689627197,-0.9952732514029299,1.4582527004655752,1.2917583440659304,1.1252332488694803,-0.6208647222825402,-0.8315533236652897,0.023244384367467143,1.8716470051441918
1.0131475522054454,,-0.30972502966077803,,0.725215473258578,-0.05617140553321632,,,,2.3112880941546643
-0.5393915808038768,1.1134632656898666,-1.6594002728302732,0.05709769442499189,-1.039446972537615,-0.21171726146354578,0.9304384431348351,-0.2880454348492288,1.9219374297518284,0.3338775168251155
0.20194718692167288,-0.3556007227761929,-0.8714057378190954,-0.7215017268700382,0.4893714643859656,-0.7551948443177402,-0.26866943144205324,-0.3312891257360236,1.687096543857795,0.1625188851624825
0.2768793589306489,-0.8568244111979908,-0.8466455685554767,-1.0340232393007316,-0.10941928718409664,-1.6621139277249515,0.7515963269193707,0.45748433581709996,-1.2190028590929836,-0.23788397140761902
1.1563816904827238,-0.039245599318793505,-1.2482584360109175,,,,-0.9827897891614504,3.118283635316917,0.35241211122465926,
0.30327079665598317,0.8530475989147632,1.558923223566326,-0.8473916797028642,-0.33191070971983744,-0.7788634788195528,-1.6454460392150732,0.2543449541319796,0.941585690621829,-0.7885295258629931
-0.658550213563157,-0.6542365875708429,0.9866438230177378,-0.5248422034806238,-2.215861064606943,0.07983254286606078,-0.4365884697465394,-1.067241081402063,0.011351488022860713,0.17946953586599854
-0.30713443345295793,-0.17272088271636812,-1.7068463652463723,-0.9787541181196552,0.2871221249625769,0.7136706726090825,-0.7821234815270969,1.8404705338107636,-0.22460002943882504,-0.7266370354754571
0.1570319952242285,0.3398108990290266,0.03935660633629274,-0.045739387942477054,0.5444976412683571,1.3370693870849975,-0.9803557442856701,-0.8275442800292363,0.08150733553526016,0.8467391751679041
-1.8423578490710404,0.13652881588391555,1.654548275818246,0.2503902264112227,0.5660731127464633,0.103740535061171,0.2888345155665181,0.6857055943760475,-0.7912005163421704,-1.3343976653762952
0.5785861689966371,0.04276395538848957,1.8737382547820516,-1.4041142120161025,0.9221669691219405,-0.9822544573047917,0.20842917345433845,0.6617643236627397,-0.0012208662133697018,0.10093427783808606
-0.1326513406876917,0.0396836477209723,-1.2263547729997464,-0.9246110057695375,-0.03420986228322607,0.05627017090309309,-0.1025752694636718,-1.0783766513142719,0.9719384307410361,0.3077625428355168
0.2721726321484269,0.03367140633267012,-1.0382948092084543,-1.642225541617213,0.061824271757516966,-0.6571199917676194,-0.5859111425609833,0.6828242210201603,-0.1879371786242075,0.6498854584084832
-0.6568217852538605,-0.33456264741542735,-0.13726694580488363,-1.8082700017635298,-0.7849110471815335,1.3527368639753612,-0.6706390335812406,0.15495939478597948,-0.7449507884880793,-0.7299859651058348
0.21476307882115336,-1.1928961006157281,0.7838147460053998,0.7179114620577203,0.5865569222673603,-2.122695584740083,0.02162650094725993,1.8738228378731603,-1.8673128280022986,1.6006984058076892
-2.5125243361196534,0.5632811635054038,-1.6534322711995304,0.18429101982020804,1.1126176595935369,-1.2930877407189783,2.121946736457551,-1.1315640402589453,0.34783542324365185,-1.054124669117222
1.2341750474567774,,,1.5510388038360754,,,,,,-0.7741848256944357
0.6763834886083865,-0.3270969565090211,1.5726585348174618,-0.6714420674279452,-1.6459746466027654,-1.2733554765766608,0.474965936244508,-0.05301228248197633,0.014765565306445266,0.6670764077736276
-1.1999519731376047,-0.6678103844698986,-0.43611677456904485,0.14858933840119373,-0.8707982014153519,-0.4691185454497324,-0.5384382208807853,-1.561759666469581,-0.5195155555631262,0.40690358373693747
-1.1601013212298823,-1.4711399531988332,-0.3620531237629057,-0.7038281206351131,-1.9080788737079688,-1.933319916212241,0.9395273758496303,-0.7868705158471372,0.8448297219728002,0.5920195752624547
1.6325620638540084,0.24192909039685967,,,,,1.8086898043149484,-1.2029398775048536,,
-0.38976463897811725,-0.12895979220987383,-0.814227707675837,-0.6358508374149282,2.9053808083274832,0.1145056000265796,-2.5902061809179386,-0.5852062579852115,-0.44345832376501115,1.6205714281830688
1.457050806153022,,,0.2163115444540313,,,,-0.6000734596365934,,
0.4986698897319902,-1.661526503622838,-0.06644746611808947,-2.9590346289998495,0.30377361465658786,0.841191804686754,0.43374370654748257,0.32137435766144157,0.2937947223166038,0.5773145235607077
-0.9014797381012758,-0.648672591147533,0.12031520683086325,1.246919423019638,0.5241962177366023,0.7119048961436965,-0.3033799234027117,0.09798612378330959,-0.07829021687107998,-1.2574227884404507
0.3012765185159908,-0.17627230210881153,0.8763556580844043,-1.5109011439189874,-0.48202436196396015,-1.8520373097461988,0.3917573929011121,0.8123277822777238,0.3811138422019434,1.9667109669722944
0.5510059617978705,-0.8777837414596655,1.217086559221088,2.058442431969633,0.6833591515648298,-0.7365140970405256,-0.6466817694583462,0.35431105841699956,-0.4017913374300911,1.0871936335191765
-0.2297834648461826,0.8520738477617076,0.6975076787675621,-1.386183339432433,-0.08492413416128454,1.040321965029658,-0.1413415416628989,0.3431704834625289,0.1697445730898274,-0.8346428024087167
1.7277674291869065,-0.7517845560553997,,1.053647982155436,,,0.42496842270512386,,,-0.14524235545938874
-0.29682232874980974,-0.04229154108006185,0.7728426230602126,1.4784676774701033,0.2018177393992981,-0.7736229330468853,0.22969213303835043,0.5786961574446445,0.2817123941674165,1.0587464623158398
-0.6766949981520964,-0.620584068445881,0.17641325250294682,1.1535628883286593,1.72661599804342,0.5405969608792695,0.32659756899377945,-0.9458289990692206,0.7290373063084892,-1.1275020215847371
1.0801056511690599,,,1.3068756713555705,,-0.3583751026832741,0.2830791410682743,,,
-0.669726043523734,2.3998282651880065,-0.1823582062851833,-0.5811848741530593,-1.6871602094218965,-0.736787590795811,0.7588557873415641,-1.5357239064700372,-1.1471151426497277,0.9787914766104777
-0.36417747403191225,-0.4750202154579334,0.07651124902484467,1.195624496806124,-0.9506148438467706,1.957805445449892,0.08644240510086804,-0.04799661050330709,0.6345297984455703,-2.1662141182967716
0.28455895078029975,0.18776430941100203,1.8218729834152194,2.2957137408498625,0.17825265884120112,0.11687556114910357,-0.1742090375471766,-0.03866992706292777,-0.39072160507393094,0.9991745040237273
1.3809169966212942,,,,,,,-0.27477588783893614,,
-0.1541763630900368,0.6169726695600539,-0.43457600242475297,-2.298661692218095,0.3211140658535474,-0.2626419770497771,0.46918275752399313,-1.1770372541756169,0.44378743870534243,-0.8526461031549905
-1.6750415874872933,-0.3444138127454418,-1.7486553012913146,-0.669965118252878,0.10530179651321088,-1.373068809297526,0.30060218037468484,-1.3824723686100564,-0.9713933982497706,-1.0772588611115619
0.5997459953094048,0.18468431813408145,-0.49673660566856837,-2.1795435560201892,-0.09040584362372543,-1.2207565822386572,-1.2889636832886293,0.5951019937244718,-0.8813206273904871,0.03996646032718266
-0.9369115251764919,0.8663518332270771,0.5116776175034806,0.9878095220639829,1.1700802273019884,-1.505799050572429,1.9629520539596779,-2.4817584767021574,-0.6027936354830987,-0.4537918036814838
-1.7597913094153663,-0.5246503849649196,0.9330112226378799,0.11214448250359031,-1.6221026219130519,-0.34328865239637224,0.908105476030699,-0.8145112012020914,-0.40451508649630574,0.44455067333596976
0.7623251755145593,0.637922997010868,-0.36680089878783534,-1.6737876780443801,0.25430116759288784,-1.5243640307431443,-0.14918758219044556,-0.8557167137739349,-0.20293231093553277,1.2272537871710425
0.2637520398428037,1.0735766866785705,-0.7660404934602542,0.29513283216272307,-1.0948626252913576,-0.24175235275576587,0.49208856631215325,-1.9678978441810515,-0.15846382944554652,0.48246226448734364
-0.477023156176576,0.7976517821966616,-0.1215350361792148,-1.433589410902449,0.29032574389248583,0.04800511197581217,-0.17872277098807335,-0.0680251253867585,0.7187507138539085,-0.031306527481333585
0.5853460781720733,1.462000672455565,0.7109045840407753,-0.009265538797381142,-0.062284017049527074,-0.3001059872474785,0.04542769017313859,0.10626819790181549,-0.7027636464270426,-0.5132836885019344
-0.8955731159871704,0.7260986495675916,0.21664339475509725,-0.03713074429352599,-0.6730609172322258,0.5901668549617523,-0.6579271559801974,-0.7099865993116082,0.718874889954355,-0.4116296454865039
0.25851633688214803,-0.5396809664274047,-0.2489709770421254,-0.05167600458272641,1.0280214089177753,0.36679083243280164,0.48120558447999606,0.4792870342005628,1.0117933955601675,1.6220586767134222
0.5353803450237203,-0.9163939580895291,0.2859365487921561,1.309631049637136,-1.2747306976030774,1.6604481912503464,0.707363837924443,0.31605800807902434,-0.28821054436647264,-0.5309630529365765
1.0163526341494915,-1.298744708799881,,,0.5391166638668564,0.38480453359036043,,0.20877346028369204,-1.455769777881178,-1.0562339044045472
-1.5872574017659495,0.0787632623800288,-0.4429460255877718,-0.1924895304683295,0.21645660412983733,1.2462225641498554,-1.5136748570806895,1.4241031132263484,0.10805573954677218,-0.46664642754832875
0.25807855454385087,0.403433358218558,1.164328553125931,-0.17923917245873916,-1.2877202878750031,-1.3716074823269406,0.7122124838957961,0.5091472334439684,1.8078082341881676,-1.4201243310329674
0.4643018770812641,0.8676071573426477,0.3106097137141696,-0.16742001364505574,-0.30544611595741855,-0.3060080519742187,0.2533994035422033,1.199005339581957,-1.2530663485477025,-0.37264139484712283
1.5073310149055525,,,,-0.4794236797326908,,,-1.1664247157609036,-1.1102042690102656,-0.8832746158909072
-0.530521695900824,-0.43400148621325924,-0.5927654933097145,0.28216977336169863,-1.0983099028360948,0.44132052832758545,-0.7643861440790245,-2.1050823288974887,-0.1643262608453877,0.44998746905511045
-0.9601054067576735,0.08205044161179129,-0.48777483763675517,-0.5869903726846274,0.5963034728603631,0.6383614614429729,-1.1577466539631327,-0.9895765049122618,0.7048445605025664,-1.073971252924029
-0.9163204143448774,-0.3002213076152336,-0.6076897357074154,-0.5290045992089881,-0.2785843576465355,-0.24673104309773175,0.2030970559154946,0.08114289226428788,1.7218378593501877,0.6162696478985633
-0.07956951828655255,1.6385271888535633,-0.892821288442175,1.9206613928295975,2.5538231479647924,0.8627038993463585,-0.15502471814759672,0.9677161195224182,1.2212297776071772,-0.9440333221293827
0.7967838434963963,-0.22969524097371832,-0.8183942503648727,0.3239515066298909,0.08904386354808912,-1.3433219884311411,1.403519434079938,0.19150511411281204,0.8345448485047116,0.9306881228452097
-0.6902119753316207,2.1868755806252183,2.1066409858753685,-0.9544860527487743,0.05278109426047818,0.21530474143925354,-0.6208628074080156,-0.35872134422646884,2.4177166728948833,-0.46429351376561306
1.9607646864576809,1.2436611127256356,,,0.9477491784622647,0.6322275100669511,1.0648743883748522,,-0.15314459829585814,
0.780672307762287,-0.5882502730911479,-1.4390848639382476,0.6449800967319788,-0.22201514126343616,1.6931119258792133,0.9249413746696005,1.4369096477684862,-0.03376250535147321,0.3565506702151201
1.005608088521608,,,-0.021732076596845253,,,,,,-1.0563207360228262
0.9449429996607968,,0.6151766022340944,0.7551943395966777,,1.783538287729052,,-0.2746770155191585,,0.4234921845988273
-0.5613935390233162,0.7164480513252747,0.8174828112784664,0.8160866527587156,-1.0610452133044557,0.007050391463512692,1.0014956603484098,0.8031103722740571,-0.12175940786773636,-0.013226823672966112
-0.37400403029726415,0.6274623488511795,-1.6065907794839702,-0.9298365672152483,-0.5457023227574297,0.58169964746849,1.4789250501821871,0.39578714327662246,-1.1611097850250591,-0.1950106517780857
-0.9171670239248473,-0.24078567660963734,-0.9114267519701928,-0.35590078456220364,-0.8200738693070504,2.057597773636779,0.41589551035608296,-0.8612909075752971,-0.032337731043058794,1.769146316987799
0.8745935066524722,,-0.5512366505682773,0.33796625524072366,,,,,,
1.5710952387180783,,-1.7066548559264931,,,,-0.3826280545763716,0.13313859230830158,,0.12443570444914402
0.838848231613349,-0.16248956413834054,-0.6831361252328026,1.4552083969562064,1.1674410897579848,-1.0094296730392487,-0.38350330457673965,0.06347636782363891,0.3214410807233853,0.6594373545992265
-0.2680909951303325,-0.9150596430175969,0.30192092176089025,-0.7039701797807759,0.6160593213959474,0.5790125390971091,1.8194408059911367,1.366286877538471,0.7195526836146825,-0.3284742036794021
-0.7968721637682273,1.1108632831052716,0.4461924134377412,-0.7542096958079724,0.18905234533921814,-0.12727317087195694,-0.27253347484289636,0.17330798722767746,-0.5960737178866274,-1.1636284953004437
1.8986941558807513,-0.17204877913774605,,,,,-0.9149071374227822,-0.9835591815611092,,
-0.7240314519568365,-2.154054678071384,0.13360314410543236,-0.4732365382847397,1.530740504081131,-0.06365139194295255,1.2677500892237583,-0.24565541238718056,-0.5982554674331446,0.596531106811217
-1.2391382819717205,1.1268237787061512,-0.3835773513730064,-1.5544591727748296,0.5185099353673828,-0.21225619057906803,-1.2053648362079816,0.40669452640210857,-0.4999868044178282,0.7103815640215201
-0.13678242143716388,0.45294905455193385,-0.29036846834774754,-1.5175895549382763,0.8621778930593783,-0.746391576722135,-2.0096311396982935,-0.40458569132686995,-0.6868483640509316,0.89972764613635
-0.6617877530222235,-0.11780830915346242,0.5431986984588675,0.05180737394068432,1.0128823329931544,1.053167544291957,-0.9353098191129937,0.36256712315922374,1.624382719658666,-0.8550012296216242
-1.1502224401132857,0.6858489565208583,-0.755132533105254,1.987181143751334,-0.3455271753847634,-0.9160003245427313,-0.5308743904395292,1.4315179148645336,-1.2781864186534178,-0.3476316161974375
-0.25701238594153963,-2.5608554267508032,-0.48224347758123615,-0.19057041805257408,-0.8679328575301938,0.7235811006855735,0.7935946346976137,0.1402900200142902,-1.1605357810860142,-0.9039909290033026
1.0753748439547297,,,,,,-1.3080509359312886,,,
-0.4548343057487513,0.39160317638631964,0.1963087051498065,0.0487018686205054,0.3294746278839163,-1.094850596789338,-1.0211088675506579,-0.8936049274294321,-1.3417627787798805,-0.013515187264157652
-1.4935144471081854,0.22032852442685638,-1.5854150327794496,0.722338156300192,0.2494490223212294,-1.5236420787179632,0.4554884542652235,-0.120456388210683,1.1276306311250142,-0.13629202031786358
-1.6791591022865384,-0.44918358548363324,-0.20002996130051573,-0.5372308120506366,0.51895864435054,1.017573879502047,0.47280070017275533,-1.0273667387131822,0.34797646078125105,-0.08156637396230805
-0.7908116952604627,1.4355553086897124,0.07953028277470879,-0.8060680531262174,-0.13154970328000792,0.215486525981398,1.669283341061743,0.516519433089862,-0.6522308111219226,0.6613715292772078
0.14530812432821807,-1.5594723735336793,-1.3433652575800705,-0.7940493717309589,-0.993725150862507,-1.0930762396197071,0.4509733658648963,0.9430303010511806,-1.2962779585384279,-0.1454467270140888
1.198796850668002,0.8777434106725915,,,,,1.501554724020892,,,-1.1073953860571704
0.2590647947329161,-0.428352916109389,0.0029661086410993,-2.307622696199092,-0.4121331875747259,1.3208718093842267,0.15582902489213682,-2.7501125073307926,0.6817802828111766,1.254491006495709
-1.5237043048916017,0.23033094204423107,-0.30129197243653044,0.48520132812315775,0.6987473773797968,-0.16797438561007355,0.06934769896034965,1.8020359386948661,4.045086423506767,0.8027045963643671
0.3026799444155917,-0.5482514048930052,-0.04578343027630778,0.09664985940067759,0.17979983175387218,-2.1434162119924243,-0.5674835283526575,-0.21116040344896328,-0.3196206340776132,0.40323991020568745
1.8278576278137317,,,,1.4457941455987766,2.9180973746811056,0.3374804390325639,,0.40603798589732765,0.4337040433570659
-0.6558432946818977,0.14846044155586488,-0.6664080132675972,1.0602835242856834,3.22800864626863,0.38058454210084197,0.9243194289401617,1.294749883295579,-0.9835612118792826,0.8495479460673188
0.48580316617292635,-1.4431527734716945,-0.11869688487017392,-2.57310044952671,-1.689854797643564,-1.2461912324742268,-1.4307642937835163,1.4374187717588687,-1.1805574794163405,0.29199899394859113
-0.10476090748432502,-0.12778079596832356,-0.46127498192834016,-0.7101639461313903,0.7545120350928508,-2.4636153996714913,1.029261534220904,-0.4343039437429214,0.2170644710498722,0.6731032248891404
1.306450667545894,-0.7426290000585278,,,,,,,0.4773816261126004,
0.8053140408097879,-0.045825799486579916,0.9812494959640036,-0.46355821607621933,0.0966533668696748,-0.9553944128687262,-0.6457410295239379,0.11417278408741839,0.0028097374117977423,0.9820148148726258
0.3351455603312516,-0.11830457344523149,-0.47122248196301547,0.15252616625633547,0.9363947618244762,-0.6767098145218956,2.7696370126650995,-1.3581187032267796,-0.8086014741167118,-0.46163689113238143
0.936704097280148,1.4599800712216369,-0.3333811529805382,-0.8690909051592101,,0.9559882295707387,,,0.38907448521083116,
-0.7868381060327821,-1.253239548250258,0.002375143746013637,0.6205375714217842,-0.3721270391162474,0.63678930948282,-0.14643820592826814,0.601634680153126,-1.0462890064923083,-0.2225704610934579
1.7050327109152326,,,,,0.8310588978546477,,1.0883960064920295,,-1.377832831402933
0.8029665036126891,0.1069384975036676,-1.0749526177661946,-0.5356089553275794,-0.8187727307309456,0.34820021564382825,1.9272689832733234,-0.019377638526585562,-0.5427604323605975,-0.02037018324168236
-0.11733794958698139,0.5477131015444637,-0.437363229624556,-2.9108712904215905,0.09314721530505755,-0.30458005092861995,-1.1004255367823341,-0.26567955417093236,1.2290192402331888,-0.8697651738412456
-0.12540426156124104,-0.4377041696475445,-1.3835102529067025,0.25579116157714005,-0.06381620579662756,2.2615137735689017,0.7064229857696184,0.817413215108878,-0.8356536005174809,0.7426844827832252
0.5535497025160413,-2.418888913075359,1.1302916835395156,-0.11138545486114997,-0.9010158473663616,-0.10416587266201345,-0.620755159573861,0.3384839856386798,-0.3973403774682484,1.7162666380071723
1.721097268058808,0.25432356872843626,,,,-0.17503271250829835,,,,-0.3322259475783916
-0.9845383411977926,-1.0115061918960437,1.190059734861361,0.39355552011743933,0.9109615897071036,-0.8986579224926882,0.4682263207773015,0.6118952999528227,-0.6423453858400332,-0.4797835353750472
1.467216208283848,-0.20135345306030952,0.719836847514318,,,,,,2.8098631248713306,
0.059424674744335396,1.279101496895205,0.1520289966058892,0.11388517610487868,2.162462924638839,1.3415716008176117,2.248784804682902,-0.5394811372625107,0.9438586804111557,0.13276981834655102
-0.033886255060732666,0.06790346642054935,0.7993798020871077,0.12137380766092233,-0.7628141504686289,-0.7486614407334469,-1.0763006645842441,0.08097503704782025,0.7092244432194879,1.1869684044214333
0.5609080114935502,0.31379218502280426,1.2287692402315593,-1.3259881947833765,0.5980718470221189,0.5084992370708997,-1.1055152597041797,-1.8049030885922575,0.0013447146860221342,0.7312636678664751
-1.2933805522194757,-0.5966272161527832,-0.008067442413274947,1.0797167242402472,0.4766356954526379,0.4578686552821065,-0.23390398103971527,1.5441665370292674,0.439777281231102,-0.5154890518320279
-0.3992020501909652,-0.10929369958267013,-0.25690598430061806,-1.6793963739719957,-0.5148264110406577,0.4869159405385457,-0.7656166452442149,0.13219828470897196,-1.0945003870608028,-2.1204176928233025
-0.2886684617875055,0.21354106344907023,-0.5124717663352817,-0.9891153860117937,0.6442313167347673,-0.028248836012683378,0.6469464254134399,1.9020994148385517,0.4676630935601929,0.4764762867234299
-0.7140833315406763,-0.02174107649020631,-1.2341671973487018,-0.9899352918284353,0.2925050869006308,-0.3004374060968133,-0.5863415315823011,0.1253266685823207,-0.5524390450184378,-0.25506486750453944
0.29062730015263816,-0.4685326558574911,-0.9438641707335812,1.2498389463068273,1.9391078463512177,-0.00024682104547993296,-0.16720207796717332,0.03560766875272063,-0.6940242580546706,1.1603466327662784
0.9457884462766243,,-0.32958431722931353,,,0.43915407262652434,,,,
0.7997981962901467,0.33302721376602673,-0.1981613677356392,2.3686646125555715,-1.5744438444107067,0.8954597296003229,-0.47346335180657645,-1.6359979019003994,-2.0306974771581756,-0.18069008004157347
2.054513103946122,,-0.5492764740694269,-0.5898204540533235,,0.21930211852704667,,0.965916973170107,0.666511084088273,
-1.8988414160394849,-1.9161470530409286,-0.7592966150823122,-1.204961067313444,-1.65089128927569,0.9736454417059359,-0.22312292290868863,-0.8439891965341662,-1.2791577520998867,0.7418490167202165
-0.05379288724183041,-1.4761273416461878,-0.44816745891698134,1.881341605303753,1.0324508687847125,0.05995675475107067,0.3779078182282334,-0.44321074555161116,-0.2686882884120716,-1.1342545828998503
-0.6826768399096443,0.4910516949143967,1.429552347807687,0.3506483988719514,0.9751191874289673,-2.054847305625903,0.4818776069515493,0.3380498256609528,-0.774281398152786,-0.06392075058018404
1.3338143646889908,0.4256208749277271,,,0.024857547102679473,1.5167292940187758,-0.38721972694866413,,1.4840977534339859,-0.9779687196257922
2.369175597327834,,,,,,-1.2786043864756138,,0.6874132967289658,-0.28187978410517406
-0.5430236221657674,-0.6403259552458597,-0.20739477021308714,-0.3438250172088507,-0.4588633266376238,-1.0229438869222398,-0.826166168501956,0.8305265517512646,-0.6900389527439664,0.8139256337171017
0.11530468939670824,1.9135583696393978,0.15424263490687082,0.5802550510164544,-1.056079550168319,-1.3760115543344673,1.9021717981509474,0.9142950284569675,-1.2898378106513881,0.6480610764337461
0.7417440272070095,1.6102909469295084,-0.857169330634232,-0.15366266132817288,-0.5084554076352218,0.21902038008295352,-0.39364260979006616,0.7147905109961634,-1.391295839874112,0.17181824847518018
-1.3974495057284564,1.1686864535479469,-0.2625696423160701,-0.16337708789642214,0.8283021502215249,0.2073604065585977,0.00538466377940797,-0.5984892816433595,-0.20581812595497967,-0.9690029079850919
-1.0048898251993874,0.3437276808928105,-1.3384117039614523,-0.21497434937045493,0.23143053438472433,0.34465223194864975,-2.301811457815714,-0.6641230435139648,0.820519547082135,0.5786482817370566
0.043365529709307765,-0.5253839514066911,-0.1945250793213225,0.37999984294901346,-0.3714638870230182,0.5039388858336477,0.948562806906253,-0.3411568147249749,0.5623372409699301,-0.5221399149096436
-0.3592819536867596,0.590212743137292,1.9403504628195294,-0.2135826063014988,2.3803405708666574,-0.5432317328170398,1.0582015435872958,1.038219174500957,1.2515078950681948,-0.3652409694569661
0.5174699888356725,0.18297376996996823,-0.14710542013216593,-0.06895036050787232,-1.3749312472979538,-0.06924213774762483,-0.4095462423674075,-0.2267065815003832,-1.213231028294878,-0.30144636964826
0.28619801632536407,-0.893982547289801,0.3239398698337333,0.11501858437281627,-0.34217277312746525,0.5814924102747934,0.9706476189405937,-0.44311791813995427,-0.6982768605161122,0.622809365124928
-0.5986708611371118,-1.2021280160199852,0.7027978088375942,-0.5288498720941209,0.5145914471738583,-1.3236607260261968,0.2410724238117027,0.007022887495929399,0.8097436446580545,-1.7357323207465145
-1.2970206963835325,1.221820982664182,-0.09725592862383914,-1.150448146127138,0.4030251044965679,-0.5073960133493123,-0.7108846805222396,1.6539887804034348,-0.4603214856748542,-1.9941573485073187
-0.3436575770032195,-0.804811920489984,-2.3765053108181178,0.6552647831210693,1.2456256036826883,0.34054020320958106,-0.18713162111136583,-0.4692490178404474,-0.2120238289679655,0.8423232066163024
-2.111554568060441,-0.04662827685185643,1.030105008314082,-1.3543299962299267,0.8997876572736717,1.5899429749747,-0.5973266296841321,-1.3729645165063036,-0.6384929558244055,0.3337486069937299
2.470069178223215,-0.7916707264668524,-0.7421175663149184,-0.12535130484533663,,-0.025016234563263774,,,,
-1.3354499467306522,1.2130039798568493,-2.328382107532264,0.2587193229848177,-0.33956826043417215,0.346562369379391,-1.366448021332859,0.7995054827090614,-0.32354315796081556,-0.7833775294609698
-0.47142951617620293,0.7225878415442208,-0.07892501566256516,0.31159435284413983,0.6772846106119046,-0.7363110144474906,-0.645776616706354,2.574200055978635,-1.3556528098545506,-2.149449808533484
-0.80353192731248,-0.33229187365185303,0.7168247703840751,-0.6834776600401034,0.7508283087060356,-0.5024368140071365,0.49178776243941164,1.0858120710208337,-0.6490102548011077,0.8275692425919244
-1.1788366699383865,0.04536771100434301,0.1699260634104982,0.11040453580465984,0.22388351713044757,0.1799677206503408,-3.04123372279157,0.15464805895705497,-1.6862947368138428,-0.6197266613863482
0.7808516273838064,0.48083357463727083,1.4395933368927987,0.3633481818828802,-0.8110876228707898,-1.337772200863521,1.1590369747776539,-1.1149199704689383,-1.2100039726656517,0.022818677645643298
1.1572613522275779,0.028902477618614843,,,0.34147680959841853,,-1.465241518753978,,,-0.6334942101273714
0.9189730140177822,1.2604616127233055,,,-0.8125884914088466,,,1.0888851718673576,,
-1.86571350249153,-1.3995233084166803,-1.759276479666958,0.9795458844793287,-0.6729397525446473,0.09154961912553636,1.4757317424411955,-1.1147994239860457,-0.3456794895852146,0.03700913649584002
-1.4912818122565061,0.7752379847123876,1.1639579536922904,0.6448154668661275,0.6590448392339254,0.06312765168921255,0.326012583700078,1.1749302592059825,1.060012596664301,0.3833720301806418
-0.8830382477988931,-2.6258158508476157,1.3187156363882397,1.6590971734661084,-0.6118449917403778,1.1246244650314556,-2.1728888227140466,0.6967086988863268,0.38842989166639685,-0.6624255969628808
1.9580299900470912,,0.9258822494360256,,,0.8782142296054539,-0.0480717072213051,,,0.1296230272389764
0.16998823991232498,0.11245322470614458,1.155593095455862,0.2763791944496461,-1.0308490140417848,0.5353712455572871,-0.5934145057505149,0.18104273024931708,0.12925007784084228,0.7078485527722246
0.19450398714732844,0.6008516856859041,0.14447621536118974,2.29932875140092,-0.3377973710000217,-0.5366945039338888,0.6195541622382225,-0.4283601142539429,0.7997314474121788,-1.2104772890327788
0.16745178102465938,0.47538843028765304,-1.0971020161906644,0.40421413007816276,-1.9452838623696167,0.04856329543117419,1.2004061511315058,-0.8429767647699946,-0.054956874017812386,-0.8272966999597248
0.706790818608267,0.8222492216875494,0.5515193157611198,0.7636129697380546,-0.6594969621992632,-0.08654544972364699,-1.1479623988614278,-0.9008501650883798,-0.17899736658926757,1.1987099397212666
-0.8503582091969499,0.3274210827521402,-0.8614896419344368,-1.1843625487099572,1.3869361080455715,1.1500164966182131,-0.7720154511212014,-0.3243990727432058,0.18211901350721235,-0.9953649841072196
0.5152406699696632,-1.5918383521604458,-0.5200185676971459,-0.3473587644374602,0.4571746364177543,1.2584682605712767,-1.0532771308937638,-0.14930505213864373,0.5631186975820749,-0.09790276820152109
-0.214446975181118,0.7879919085167459,-1.8870708082085712,-0.24442563755595043,0.03146781163536729,-0.052336566961857206,-0.8118995699101327,0.8623464404770943,0.2657484818173969,-3.35061707102822
0.5859898220006182,-0.17344712227940728,0.8608971604638471,1.3169451021931076,0.06216265013550963,-0.7778704483469532,0.898635049356098,1.470600543951632,0.32359015108247413,-0.056565762264857294
0.9422510860758873,,0.09891071802003398,-0.4448531652189414,,,-0.17293845597514187,,,
0.8194647968667376,1.0493959257176637,-0.304989789274558,0.20758179870253463,-0.10710797914335887,0.010554308293311752,-0.35985047748796894,-0.16104086091676478,-0.2777833778764674,-0.7302693263304898
-2.457154909571033,0.03503502828487474,1.555829985595407,0.5227698967779526,-0.14960626198812535,-1.3267103657293615,-0.8704127118134668,-1.8245556186405354,0.40119634640732893,-0.8014703267341441
1.1147429047183777,,-0.5436448172640459,,-1.3167321287523357,-1.3287559221220915,,,-0.4488022569291866,
1.1416442316802884,,-0.597673721361072,-1.8982862902216124,,,,,0.3933389676934477,
-0.15115426465841317,-1.353147532308294,0.29881007576313484,-0.504205030103936,-0.3324859942887915,-0.07918818815767453,-1.854678621093805,-0.038293259376493555,1.0886553289534653,0.055455027966096734
1.0192821242457961,-0.4283545149079657,,0.3402260178027953,,,,-0.7838890504534762,,0.3656288548572829
-0.027754145238776503,2.6162031973527693,0.0941309911380964,0.29009758318726875,-1.352084133710764,0.9423897649658924,0.09161567072214505,0.06228700631803008,1.898220011262659,-0.16903020705598729
1.11549902391986,,,,-0.6371346629861842,,,,0.14146491459688945,
-0.9351695617887344,-1.0124589287189303,0.9780038178951428,1.255018489361163,-1.3634978854206272,0.20528846698126674,0.5053692498365581,-0.696737914049273,-0.8092475080670913,1.639660942392327
-1.2656949500998764,0.5982627347113447,0.44064878025658655,2.388775212282286,1.1258413123726168,-1.5764563511670844,-1.2342636300090266,-0.6982814408807051,0.07324089884050738,-1.7497537177933358
0.3464454716953122,0.2554090741129417,-0.4419308330484663,1.1605638616214653,0.5796673642935863,1.1866986790676681,2.614277815140905,-0.9117173028181444,0.5150357568131946,-0.5796910538860676
0.7107915222720532,-0.4037152857969266,-0.3656458663791723,-1.050416119110533,0.5200076546287029,1.7110353298888843,-1.0381548307974864,-2.034206855947969,0.6871224995954354,1.2913151993743968
2.5843955181585097,,-0.12696794374411738,0.6064932297912822,,,,-1.3654126190186884,-1.0072645195579968,
-0.7270780931028465,-0.3470800558862313,-0.26315231378178605,-0.22476336594713778,0.7611498589923552,-0.1710152967664115,-0.8080426863899023,-1.185358515645487,-0.3735354619923047,1.9224754137817281
0.259274248472726,1.706460384163253,-2.0789962921047547,-0.9457843826212856,-1.8241568853626702,-0.13234725477285172,0.46179295156922634,0.9278172265097333,0.7392220538249047,0.9556380233564755
-0.23004948530113697,-0.5604489611395377,-0.9325560246483086,1.5582519207860375,0.7806454987822179,-0.38836207315956317,0.05156619368452413,1.0238757032358672,-0.7009075770809919,0.266611661123698
-0.1910757124287555,1.2716599713639156,-0.3094032857856735,0.6939849665743638,-0.9863296620933633,-1.099172393994901,-1.2243984283696985,0.978691803168335,0.6465600284391463,1.3343078338174048
0.6331239913597019,0.13139534688993718,-0.2748050328459532,1.0275326616577147,0.6253705158352604,-0.7999438018060889,-0.5632191341511897,0.16451517279101655,0.015547164697292037,0.7933143889946435
0.6776316973120092,-0.7635873454824247,-1.0800286216436699,-1.6474426144361292,-0.00048743750949230687,1.8082848116759689,-0.2083068898335376,-0.020535306035763177,0.2570254714523385,0.01717286733373797
-1.216785838035876,-0.6891500054680404,-0.250151674828806,1.5748919425309724,1.2030152327989143,-1.1432502983867,1.3389843903912686,1.7441546339627387,0.44434536159978366,-0.602968792234319
0.06716837643932684,1.5696268370187172,-1.1296987137274657,-0.4125487782795294,0.4034010108110358,-0.3500673376909803,-1.6852827644703747,-1.1550174688375132,-1.369951827560927,-0.4448761054030296
1.8019358589088013,1.385110366003307,,,,,,,-1.271928581199045,
-0.7995440627198178,-0.5171500703933102,0.4600110196370663,-1.5934080402359396,-1.1122288182050468,-0.010779378443595377,-1.185930439846847,-0.6441862101469872,0.8537526405922043,-0.2810555310842487
-0.7556714949665528,0.7832434222847,-1.7362121891888562,-1.458621488799144,-1.3791901131930742,-0.6825839533957748,-1.5756246386418413,1.8393615686224227,-2.600560896423901,0.4117150179746238
-0.4118084176198539,0.05706654757668324,-0.575588770043754,-0.23570416358886337,-0.9981886266190819,1.1804021452396019,-1.3205194860506477,-0.16384668831299753,2.3861852191562183,0.7825038980852275
-1.2392873500831827,1.273137652156224,0.31225327998866925,-0.45688057839338536,0.7953679647315499,1.3207938416834557,-0.7391625787236398,-0.4654676728282337,-0.505510278194618,0.5585244825796659
0.8816724159085355,,-0.9694030874420937,1.8900071572527928,,,-0.1803513999637271,,0.24321361396459865,0.07516684031114723
0.7020846422924819,-0.03738051479708164,0.2325563136806582,1.807582162280151,-0.18445555162827823,-1.6438714438986137,0.9315816535219824,0.8670876687547975,-1.4034997156378222,-1.2248683663023094
-0.5053556716849413,-0.9260970276885206,-0.35268140484808747,-0.30192436698826325,-0.09830765773683044,1.270833936808489,2.094587989755364,-1.2551615371572242,0.10930072288215018,1.0955102664969758
1.2354485133127564,-1.4499442084775427,,,,-0.6216280890750614,,,,
0.22219980735900308,-0.3431003573127944,0.6602764111827998,0.4355650862087073,-0.4915945701656757,0.09875634724258531,0.7883796060777088,0.269175881135883,-0.8805740721596705,0.8200422883916818
-0.2017245072403698,-0.3128839183264265,-1.6263555248191208,1.3575757442575827,0.5491874552169471,-0.387168268102475,0.6345626063389295,1.1194700689896644,0.8877608162200812,-0.33709607609031617
-0.9477576897857002,-0.5564561276021447,0.3589307896710222,-1.2912156784688493,1.8047416825688205,0.3276924031193722,1.0765658773658302,-0.8906634917805238,0.16009160790402885,-0.5823103546589024
-1.8061026868157566,0.6063588890440686,1.267261142526218,2.3832542662632106,0.29981396075411,-0.41190936157674163,0.9065380252100085,-0.7055235653259905,-0.5868920207406462,-0.07052419684121512
-0.91758540042502,-0.878625962276397,1.526345181620712,-0.87564426151412,0.5767129112830681,-0.8357154207630363,-0.1494010829220144,0.3578123785109058,0.11578335948000175,-0.8371799184437329
0.8932475226131801,,,,,,,,,
-0.9983579864367269,0.6991212648628444,-1.2778058968762542,-0.16073416226515072,1.3672451366449712,-0.8689738078965402,0.012008959784998937,-0.9164583479405675,-1.5454616505895336,0.614146153799127
-0.0514042276526326,0.07107222502431364,0.29646894131376456,-0.8344590884704717,-1.209219319703906,0.18415965189866976,1.4798972065279945,0.3181494659443267,-1.4142930003419634,2.938811659471446
-1.2357810653190984,-1.8315893631618752,1.759843912688158,-0.8132608054932908,-0.49520221091173744,1.1597750539446496,1.6679681066025287,-0.1816198563642524,0.7412678446037235,1.8118964896799445
-1.1809821190033976,0.2897127169299681,-0.38514851820735957,-1.2091014838951681,0.9305563999937299,1.196452033600605,0.6402991433179852,0.5757575961874243,-0.2757280229846747,0.32059024889844134
0.5600024810637324,2.344379123370862,-1.6144291236433697,-0.6086822144889669,-0.19155055821238326,0.47906092252591415,1.4884915160036862,1.022399120990754,-0.29200970473862903,0.6440460811798021
-0.11440390670310042,0.2554885295119589,1.0327754073092827,-2.6577220996265396,-0.2694670463757536,-0.9756896358589588,-0.8814364748687707,-0.6120800635705447,-1.8709673574508388,1.2834965157879348
2.552734260364363,,1.6173904242255233,,1.3328402088221314,,,,1.8160665136262635,
1.4718972657947225,,,-0.48433586221340563,,0.6987789141629493,,-0.2752800487637854,,
2.2731946805060375,,,-1.1744756406457029,,,,,,
-1.0244358612901194,-1.9285399220160895,0.8083454773757254,0.40398648436351375,0.303808291565579,-0.14462597278388292,-0.5679958958045924,0.09392328299568195,0.6771740345867852,0.38406682069065784
-0.7099326438949266,0.9617089064618803,0.05366253027044432,0.03229414962582776,-0.5535445206383515,-0.46226999941623864,0.20620741796211836,-1.335573132667859,-0.4128892355032429,-0.53610414008863
-0.20707449786741244,0.27544674104687483,-1.3967494661743256,1.6852517812282577,-0.034569054095489944,0.5724053283324121,0.9406213056275017,1.8302315077557774,0.1631142217179725,-0.9027579005645203
-1.2576430075342833,0.4531665837377119,-0.3489531509773918,1.63818822436149,-0.714762944728865,-1.004359300707819,-1.0636477311357095,2.3463000324269014,1.6052688875240084,-1.0112115949254539
-0.3314704486541792,-0.3882472344496592,-1.7509652281630883,-0.11371805497982973,0.6710626543127116,0.07835019593377114,-0.2532105734199821,-0.39101619550566236,-0.4101617787115559,0.20195476699133258
1.439566572920344,-0.36434778654401473,,-0.9040273338124297,,,,,,
-0.02109069519900303,-1.4659086704052653,-0.8047328572761139,-0.49351526397604345,1.0723665567246543,0.06562314262297077,-0.9772697820601522,1.094676200404483,-0.1252988185557583,-0.9938058869466878
0.6237703519103391,0.1647135113465753,-2.2288549410169014,0.15839716673996618,-0.6868330618210243,-0.8258532655394104,-0.3187496950436895,-1.8308529698706408,-0.23973062786414034,0.2693013497193642
-0.8333652414698908,-0.296065941578551,0.04119289698427584,0.4672584172015359,0.6146566087820842,-0.6211467316450869,-0.27543022085914876,-1.5406475260638004,-0.656149437460025,1.3154577530860005
-0.985356322356455,1.1699361050510368,-1.1276580596799726,0.6990119372196502,0.23512188938349518,1.6569355399575336,-2.4366548791567673,-0.8009623622532455,1.6648178152747757,0.0984797752789596
0.5444410810545441,-0.8473389870356591,-1.0775137185522372,1.202980104678553,-0.06041550178870061,3.2437406197073506,0.14780645364740638,0.780847525219313,1.0548415530011805,0.49282910265891533
0.8124757501890489,1.3190866279711349,-0.03223575737081829,-0.5666021560423327,0.9838521568027521,1.6268777651506234,-0.7137235905347439,1.6941754227496248,-1.1540986235202508,0.05598306441542301
-1.5259005202714828,-1.8525416432864343,-0.22779920359004388,0.49880321465336197,-0.10988801512694032,1.8719974064792242,-1.214578069628569,-0.0032255279826010723,-0.7272551900562643,-0.4295504670446915
-0.6444579238358153,-0.4168547771386489,-0.14876365096609967,-1.270737369422038,1.0307247700499609,1.2154365742573887,0.1275264382999716,-0.19131619309706935,-0.2759756355720122,0.953212609567336
-1.0134473179315122,0.5488767562286205,-0.37382044752100524,-0.45174086793574336,-0.1323192494497949,0.15234217783175402,-1.438282362689379,-0.9568780387217889,-0.6300942639094049,0.2695242335945105
-1.8366096066642512,0.9182728376322116,1.5355506592546306,-0.8169947306758746,0.006048031251013222,0.9898500445685152,-0.09063364271081813,-0.3000561308328595,0.893049046269311,1.2409564070303665
-0.5643884572593936,-0.6080216300379508,0.4621323960418042,-0.6354631309891505,-1.0213731214719997,-0.5984618331186694,-1.015822639978331,-1.2998969259488296,1.6020698264860493,-1.307896685715116
0.047004533561180714,-1.8744509498038675,1.5757226622263618,0.054410065348975085,1.50429896667429,-0.8008222950136444,2.392138155979968,-1.1734061904120647,0.5564382259957991,-2.46396840113537
-0.4608831327609519,-0.06995018237378053,0.0006277786115858148,-0.48660857493866366,0.4060276131961994,-0.5249338041953194,1.4461751399541234,0.47560913733507293,-1.3352010804246586,0.4017249314222118
-0.05763435775986048,-2.3202400738882156,1.5202754093170219,-1.0167067785167143,0.11148820941041028,0.3827943157432605,0.016780206011008485,0.7825902509050043,0.8700236966988523,0.1891285382487844
-0.9561501877313263,0.10078317896439488,1.1741518392405028,-0.13126843321909473,-1.464655250204705,1.141280115421313,-0.46397603191194275,0.8791273031020717,-0.5507987401585676,0.5113056059121796
-0.26476853016740864,-0.6229538821436928,0.488575655992752,-0.7935430823265086,-1.7419685027937424,0.7195728249230108,-0.5814873582287049,0.2830134153085182,0.24373957012322814,0.6790450427801843
0.8987691935730304,0.4856294402998175,,0.9096305447936472,,-0.6196171398928513,0.5956971292221046,-1.7053814093901511,,-1.6710851292115383
1.1065771062734953,,0.8237093882757819,,-0.45310995238835755,,0.3802576834535413,0.6941881354388739,,
1.0787775391316232,,-1.4884934953528457,0.7405679762962922,,,,,,
-0.548670219454904,0.4825075275016567,-0.8055350750108279,-0.5603364840669398,1.1628200168413543,0.0475824791847339,-0.13897806193811393,1.6521605913099888,1.4029605598971286,-1.0763218922846483
0.11034403531082065,-0.39135638403999523,-0.23973969761579877,1.0504657524017322,0.6818942782857732,-1.583090837778125,1.1280194689514984,-0.45540675131017205,0.4400519146468106,0.6907859168508277
0.7558225163860782,-0.5624042461725257,0.44467857167706937,0.8609853037145385,-0.1276394434722475,-0.4523384948572202,-1.0008626116419626,1.8079214929959408,-1.193849276872374,-0.9227449735761786
0.23822770103051963,-0.9882715250754478,1.8048619409411384,-1.209749180131488,0.19186336982721008,0.9285588284025895,-1.1965712159273356,-0.7968628542728576,0.12406560876567156,-0.6508758044731793
0.42519094385199313,-0.21650294528196606,0.11214077726404476,0.6853380877236769,-0.8702416246055469,0.00838853104018064,-0.22577374869083555,-0.9044995899381739,0.813760615582427,-1.654474940401246
-1.3553033453054393,0.6838321147526516,-1.4073137537561373,1.7142448163128008,-1.465983668427257,1.5193775265215543,0.9119406883894287,-1.59579675132677,0.035378027311316666,-1.4165313508019506
-0.8248785752613809,-0.46986996203361164,-2.06665514032427,-0.7177383757275686,-0.24459260507376568,-0.23843332991574667,-1.4201683837778385,-0.492299020060751,0.176903529054512,0.7207815889265724
2.5028050781434548,,-0.928755980446764,-0.5405081300986987,,,,,0.9887478215796756,
-0.2834221985644484,0.9745648211234679,-0.8343752666872617,-0.48023505407179223,1.9201261536994907,1.6130422837282956,0.45867948823377835,-1.8524475687742972,-1.6451248801014426,0.12816382406260984
0.4659515620311822,0.2593857454850863,-1.0351077478770654,-0.05955678833904794,1.0311653399069591,-0.16342426228583434,-0.9137314182986549,0.08328827732156203,0.47558210418618757,-0.36142513505887686
0.3053523146735825,-0.18199949005787477,-1.4458303428856325,-0.3297636377326172,1.0055648255989422,-0.39213795259947076,2.0216416875932697,-1.8711400369843378,0.42308928152183684,0.5937691659909896
-1.1080312224017745,-0.051231613748701214,-2.215356963780842,0.05281265360965045,-0.44457948247821455,0.3542574432003617,0.576716461572818,-0.20349792533418312,-1.159162733802108,-1.360691846579739
-1.1365809380180827,0.302775978554654,0.27995720839852867,-2.2521776348449807,1.8176123281762093,0.296040274563276,-0.49749749696094436,-0.7546102330864365,-0.44270115925581466,1.1878085978403279
0.7999716145132497,-0.10627415178476314,1.0065332950044183,0.7765475551893656,-0.19887400239373315,1.09423940955683,1.2788848700174638,1.1702565702874148,0.5550358604838148,0.5187250322851643
-0.8704632375458892,-1.9419181213270298,0.2650856476321856,-0.2347712319966444,-0.3902590114831937,-1.3938565796063571,0.7416530867876171,-0.18473162027005754,-1.034675678505908,-0.6834044490639894
-1.0864961183413415,-0.3202204711556644,-0.015375782641379733,0.47735186601035257,-1.8303432768442147,0.13495944977830862,-1.55234562432853,-0.4288884547457248,0.4137569211958902,-0.23370737959784538
-2.0636488731785456,-0.477122034532526,1.5598907636942339,1.0265276590840893,2.4399823874025954,0.0644264110345222,-0.7278807806711867,-0.4064194876819766,0.15814517714182785,-0.30482196192797983
0.7008142836165793,0.5388245726518459,-1.441644677593384,0.8669309430907066,0.16337094191296664,1.5802294358938413,1.0110772329592923,1.1118174792436362,-0.07853159651742088,-1.312065348783927
1.3157788976085596,,1.6972748482039386,-0.47360282590013175,,,,,,-0.7851129668272924
1.264096446341535,,-0.48474757141424996,1.20274136597948,0.9083447412096693,,,,0.23468706742425302,
1.213914345192758,,-0.2872968204101618,1.3312846841500725,-0.5385178891644594,,0.14678925309820193,,0.4618073467780249,
0.6357572817628889,-1.7520466583421714,0.2635079042207696,0.13895008586102664,-0.8308123298512143,-0.13670398363645592,-1.2629514443476082,0.32191897019375,-0.0746256103276753,-0.9354878991756916
-0.44649290181195667,1.2387758658130703,0.1405910036005777,-0.2696072476609106,-0.683051402040314,0.6329914592795862,0.8527930842852994,0.7611227803228445,0.6727674585753896,1.0784222884401569
-0.3050051406984052,-0.6957913966090139,0.38650355607910447,0.1441276493392683,-0.21553726816912155,0.08483497060106918,2.0251771301016652,0.3785973377988116,0.7754733390037925,-1.409596358286482
1.21335770726189,,,-0.21362071446748246,-1.1727370211534756,,,,,0.1649322004981326
0.40705465406862396,1.5180871605299657,0.23475031313457456,-1.8893644201185933,1.2872010100991886,0.06908308521875696,0.23518890038725762,-0.019650655866202762,-0.2065673111751722,0.8099985420847562
0.16015638014866043,0.23879193855540767,-0.8389004628209487,2.3367051282181928,1.331241443415613,1.028710715869644,1.6133557430986094,0.1647350748575741,1.0397001654053568,0.8666660774784501
0.1610990900450367,-0.052756011358880125,0.006163672507562758,0.2166601328778923,-1.2770180277340277,0.668290475039887,1.2116583007500923,-0.5361780999776778,-0.4798578821682954,-0.6512138204378839
-0.3310010009612886,-1.1224792767383165,-0.424406074322318,1.0474122767278637,-1.050858236567592,-0.18120518954249104,0.7552636836800528,0.3980990288760995,0.6068153269209248,0.5550890615452264
0.21702606773843566,-1.1141064131733578,0.10358609460469871,-0.6102493272767341,0.8527249030123191,-0.6323912272452119,1.0252717350975675,0.12411222752706899,0.5072009316719692,0.6687546960362393
1.396667281105229,0.9216869247845122,,,,0.9804457988924885,,,,-1.4489062087536744
0.20306748623148202,-0.7286404707173558,-0.2990531204833178,0.010246497556958164,0.6037996292221419,-0.27617860590314525,1.6108591196652846,0.1838574502926904,-0.13100160042490222,1.0995647477792487
0.3931005507608954,-1.3254966848241585,-1.003889985464444,1.827967484225935,0.09995143347455068,0.05052822937632433,1.3633105763383528,0.08966164708501509,-0.25381086936083647,0.11420481521198722
-0.24897689181210172,0.008059325289319583,0.20383320375544378,0.524067394806248,-0.12666414284253863,0.04846030464002538,0.13341514588033163,2.4758755851079464,0.5407341635507892,-2.504595193872758
-0.0819666669741456,-1.2063793295915395,-0.2676518492385365,-0.2279434579422359,-1.5333372047774485,1.8691658633621724,0.18804644133327272,1.0741628430767285,-0.637480581696176,0.0019150093001249469
0.7569699950880242,-1.185597482591133,2.631083055448289,1.2602663693859995,0.24619722521517315,-0.5573618051808099,0.24891214199892098,-2.1276836370064114,0.4090161468940248,1.5207315764225018
-1.4096760912722017,-0.5425242187228707,-0.8612124752560298,1.178430155026666,0.5481777298999736,-0.558844465874778,0.005813747685799981,0.1926839373118524,-1.1431031307242043,-1.0496854097082247
-0.4602861978218807,-0.862744752684617,-0.10035167740700911,-0.7824510098767233,0.17574723857217464,-0.049732700211738416,0.6488826858954907,0.29445706608391375,-1.8903323498136386,-0.4289209627330476
0.5124294958625057,1.2519987815716227,1.2008940343502545,1.3179646337688815,0.14013302545189074,1.144475374074848,1.8985194988050773,0.8629076310630724,0.341422480104931,0.5814427828257853
-1.8841620985057155,-0.4299163795124219,-2.5833119383178955,-0.056973942878999054,-0.8483445259324205,-1.5907838639138574,0.46453256940985327,-0.6930838518832017,-0.1576784560755676,0.418712107981095
-1.47933046905585,0.72805174761179,0.05889081104890497,0.5144767860780908,-0.7704671131211898,1.0753304023374408,0.024597237316396715,0.18253501012766207,-0.3941585314409821,-1.4437150025801835
0.07980195764057692,0.6127859095697699,-0.17538366179030346,-0.9444313328516342,-0.41140601289210976,0.5527088928091076,0.8269854419644866,0.9466798581746716,0.9947531942573508,-1.0526249026461227
0.4270535814504371,0.20524053554358543,-0.33668752793821566,-1.7924846925325948,-0.4054767514138225,1.762998410870089,0.3438176363047485,-0.19176954794370457,-0.8741582919423451,0.6492702400361533
1.6435573789880298,,-1.1921738255330516,,-1.1515117423761723,,0.2676605523088953,0.7233325163177149,,
-0.7392756977501255,-0.9955788931770267,-1.1585607659556452,-0.016216560473035276,-0.4833150498200608,-0.5209062807925018,0.10466521796793228,-1.6469664745940065,-1.224393405020764,1.1157449585232648
1.3564562437240355,1.5515506835951323,,,1.10717782628175,-1.575439856398197,,,,
0.10064179057541327,-1.2194180596911364,-0.3983307213150257,-0.8983530112435052,1.049462011417772,0.8065724597073136,0.7547282113936725,0.7496632963327203,0.9044351341307901,2.3238569465328367
-0.24954891747537733,0.017203637710662887,0.014568140376735653,0.28212941608490893,0.3317600494252051,1.5556085405721478,1.5401786794563939,0.2502982951409755,0.8963423103826496,-1.4808494506261125
0.613665196671536,1.9237630455111683,-3.0917438443074845,0.8508990422041929,0.9923354212442738,-0.0825157781046718,0.7834173531799722,-0.34517069867773326,1.833891990316366,1.0603055051363601
0.42839987776745353,-1.2672834871269305,-0.636280299533094,-2.1545412117952822,0.02691042558101809,0.38345641705910855,-0.21819246290852554,-0.24470990263260506,-0.3423695454338056,-0.8065073891039303
-0.2207269265998027,0.31809851993522564,-1.651214559605926,1.5707593226220224,-0.34137479786160113,-0.6239229345783978,0.9340435000143578,1.1955587086984354,1.8352238115718627,1.4296308833402898
-1.2758076990585123,0.4557835187591634,1.0011696478493608,0.8867480758159725,-1.4386937218231566,-0.7075966039981416,-0.6301422264328999,0.837627965611406,-0.42793458453783484,0.6283126814533732
-0.1226449804830749,0.8512417626295066,0.320196703361149,0.44033974582901114,-1.7854874095389097,-0.791068296452911,0.7986899919632524,-0.19861242513038943,-0.9702649144079148,-1.3616207391798354
-1.670476624576379,0.5224632022414024,2.07706215420406,-1.6503356732343848,0.4786004940212566,-0.2339586337362625,-0.07653993964319786,0.2900178847384305,-1.4593996173424362,0.14708766308942167
1.8298470148317993,,0.20015327912673087,,,,1.2620142594494839,,,
-0.038738856023191576,-0.14920825885348504,1.0286533471416313,-0.12431973815494213,1.1980719092133796,1.3651501968285649,1.1937884979007545,0.5240997289400174,0.09837541292823122,-0.32615319907092194
-0.9484998963107162,1.3837225854004527,0.14043004472714832,-0.4637635345437771,0.6552585455355424,1.5245032975092563,0.23398148475221262,1.0923720538929271,1.2076448793614873,0.1734143935298423
-0.20932087369514554,1.0082262861030469,0.3508230939814446,0.32546466080713343,-0.011698134201085978,0.3084386276616162,-0.41185681638576593,-0.4183563201108738,2.2384726976957547,-0.016681491785144928
0.7963987501068164,-0.270725984604946,1.407505882429757,0.4091734320627208,-0.1020088578593273,-1.8309908254248075,-0.5603153373123257,0.8383475381762827,-2.1456160771709323,-0.8366911969959225
-3.1611100126796243,-2.222605352202824,0.2884057881692702,-1.2562144063086593,0.32937866624122997,1.1177882427792118,-0.26951891985864207,-0.015282191715180339,-0.6244262627441618,0.29238338532094055
0.011031803973363775,-1.238970961819138,-0.4577921334748866,1.337060497418516,1.3408934611310204,0.13652327788973703,-2.7298853978761866,0.9008753320828907,-1.3129432576125109,-0.5649672323648738
0.05207125776057374,1.5200956538489243,-0.24759206406473297,0.6338227307719108,-1.7071808226706813,0.24596471511734563,1.0224945642431453,-0.390129134991535,-0.144653556442596,1.4664186942088324
-0.35702194776146906,0.4434032823370268,-0.7968722152713152,-0.06623977479669865,-1.0540139930494559,-1.5517628132749448,-0.4763146393587373,1.1883121635205964,0.26451463418635124,0.7662919684704909
-1.1205705469384881,2.1222090005858805,0.9630148603887536,-0.9810264136173453,-0.4627724571586303,-1.5330167090973117,-1.6483378268847062,0.3967995857317389,-2.25326529862017,0.126430630738447
-0.7350760356518716,0.5397743190001403,0.1143613064861838,-1.4256436066584774,-0.2573161776419507,0.12953418954420023,0.0679968134081773,-0.1024132586506506,1.2263448474206486,1.0948756977800544
-1.1335789794192686,-1.4087568032194542,-1.3054411261968573,-0.21573746164161486,0.20029200997185195,1.7991533320673372,-0.9089985277625305,-0.008517206309608418,-0.24608434589869455,0.45626320256241887
-0.0724519630994866,-0.8659820579118597,0.13288457768250145,1.7107305388236609,-0.0686505827108056,1.6602910470144479,-0.11154988085125603,1.1847481198970242,-0.584400606711825,0.4843368808634363
1.1338262426462962,,,,,,-1.4425532605094715,,,
0.5223331907735907,-0.04315656905327121,0.35694392594381313,-0.5985529138872631,1.4434325466531368,-1.0987000607591895,-0.10455780940189868,0.2649090453099153,0.6591008786202117,0.38387661751299296
-0.3139508784413031,-0.7077063724021628,1.7428379257357955,-1.3067183747314688,0.8347145888600528,-1.2406174456580485,0.4585525895272168,0.9497074444030533,-1.3485576844886604,0.6709241401744546
-0.6464122906633448,-2.32104987121421,0.8004038506754203,-1.0625487275191676,-0.6825600687578549,-1.48112630222027,-0.7194031846988912,1.405051422640651,1.7741258778317597,-0.8489422929050541
-0.1932372059251664,0.2547613445608471,-1.0680281736720767,0.6231887165832124,1.4120361985164471,-1.2362650073496808,1.350720973678255,-1.2143301762146053,-0.3037623696403554,2.4940471411783447
1.8585277465111594,-1.372314911341521,0.8322135498531169,-1.3361704588402359,,-0.40631689221811607,,0.3244570296631951,,
2.240607061557997,,-0.6640134072796101,1.5669879767323682,,,-0.31592299140556934,-0.8548907387897531,1.1397361835622772,0.3054206641968591
0.06993078229049479,0.18733110749554746,0.6904667013178035,-1.4495136007008471,1.0887177356690323,-1.722484549141351,-1.0937960903043467,0.7506052462949693,1.0245961710212732,-0.5365465584464675
0.8445347757627456,-0.3310146869380745,-1.643207889590054,-0.6366997604221019,-1.3948839835469458,-0.010420361687382515,0.2728312844192382,0.42633140894383176,-1.340878138773779,0.43180333974821467
0.5614777033799073,1.3364242400964936,-0.5657905910154035,-1.0713269554545515,-0.8082270785749042,0.19027698361496742,-0.03572516169297626,-0.18428265936662275,-0.5754310860629913,0.5956280611306215
0.535610315090526,-0.27804396387727365,2.3314980934977143,-1.3376059981609925,-0.533990221920522,-1.015616325820409,-0.7689557506712992,-0.2505772428444205,0.31478403027665225,0.022813250126551873
2.806387461478284,,-0.362494707630908,0.6322248340371887,,0.7205931206983109,1.4001248996904128,-0.3389198296333403,,
0.33333326807512076,0.14172126791788386,0.5983981138477427,-0.8427391082510676,0.9101823405640469,-0.12694206045303755,2.5394340907907,-1.0085711340374646,1.411115903108264,-0.7154308222273656
-1.2657628404544337,-0.021861853968297613,-1.1822260820884887,0.3572836668287092,0.9873440864990162,-0.4811066164762932,-0.8334432708610935,0.9759366472530943,-1.0261735988984073,-1.5555977274379518
0.8915988595002592,,,,,,-1.955306464015579,,,-0.6675662004850603
-0.47902343617676507,-2.009650268669647,-0.9726443885407595,-0.6112391301418516,-0.38643106843431896,-0.80391565951617,1.1498164469525605,0.31892592173213896,0.9236124185171916,-0.33509047934851177
0.6717466356026766,0.19441686226072288,0.7557775055205821,-1.0523594455421499,1.1795761384785395,0.18545956316105822,0.03531252573494631,1.3848452553584307,-0.28394340166453663,-0.3650389593629072
1.3199764553141977,,-0.20392889330890354,-1.5115626202576813,-0.9191975450029142,,0.24402377104058717,,,
0.35807425156540545,0.46340426104372695,-0.6085825585530568,-1.060637890673501,-1.6766748238416402,1.4448374119042717,-0.27890433078969723,0.5531618415787611,-1.0625866550001772,-0.3667487725343584
-1.157712999784878,0.638112904296706,0.770449217589231,0.804397373992775,-0.8052437632009812,0.10111139667747522,-1.2200769913745675,0.12261279269529962,0.7710477298681456,-0.39424399670560845
-0.15605438090934481,-0.958857121448124,-0.8357198023449434,-0.8205658407068087,-0.7197704740496322,0.9576145340045802,-0.7190141887164204,-0.023984021953936518,0.8113093668426723,0.3040729696857208
2.5783885110031535,,-0.3204836682580868,,1.1861420811409424,,,,,-0.23546352123947403
-0.5248455985352011,0.18886144277999622,2.2088082158380553,0.06050514809502284,1.7429413979314994,-0.3246679899638721,-0.23003213015946136,-2.3169905660063956,1.2151945593901938,-0.8667515540559488
0.7741189315234999,-2.473896979932893,-0.6939144323908935,0.11738727511936062,-0.22107843031924468,-0.8501075777103193,0.18752977809693522,0.7357369564473988,-1.459100763340317,0.48508033279973944
1.0671180198567045,,0.015248514205327754,,,,,,-1.1801104579854262,
-0.09258433700456767,-2.011250065676403,0.3917085678682412,-0.14184407403079047,0.8257581807938381,0.8953184736245049,0.17039892784257218,0.9329555918317166,-1.2498458755882644,-0.06635935547693719
1.168406743096228,,,,-0.8088416890324187,1.5407716887797511,0.937518715762957,,,0.4727522120313247
0.6192621340947171,-0.2753273423907654,0.6786393494873494,1.9734366853246001,0.8792304325873642,-0.33296829468330846,-0.3404090601989426,0.22935820605488302,1.514910861086964,0.45174398776060576
-1.7898811309290132,-1.0068600018581324,-1.0015092608399727,0.6398490429741075,-1.2556822734277637,1.077236541029467,1.6971629173645968,0.8735570323880244,-2.0415306553772545,-0.8426134828361501
-0.25999524888636366,-0.537624779804503,-0.9195310942792886,-0.8014132527089031,0.09086047524414324,-0.51966014657861,-0.31534523933819114,0.7144572476632653,-2.2733972140089556,-1.613483383266234
-0.48808894578052753,-0.4113908778889186,-0.6143936964820276,0.013058424116606081,-0.37541718226176596,1.515588656262078,-1.0311950060523543,0.09697022287770211,-0.26381150083431115,-0.06068479745383119
-0.3274390973267712,0.8786992575478311,0.3715196090699708,-1.1275124814669766,1.2232910726768391,0.5033255545010566,-0.35394575264378725,0.771862512133282,-0.6321267968536851,0.18627051303169434
-1.1171968242729395,0.7741647365406603,0.3724169735370293,-0.0028240019404208033,0.5310424439022328,-1.5457278338067648,0.8141280774022475,-0.7676730750294418,1.7000200454042216,-0.04761301603121762
-1.2834842650557319,2.250274790015349,0.6836043565287605,-1.036198738793723,0.26152909397363716,1.0142765384918024,-3.092546861386181,0.16964319834988026,0.007685772527914874,0.04491551564341321
-1.5919466482020137,-0.2649897290566052,-1.5137918449263665,0.35867955168397775,-0.5733133120493911,0.18124915656142804,-0.0014270139399207352,0.20375429649663954,-0.48703683406998594,-0.0022917454118594202
0.17223406740512623,1.3628440031914608,0.2782093101794551,0.7128152880144986,0.7315461601769412,-0.022877364067929784,0.6208861985487519,0.46229196209946877,-1.7011467073056263,0.6153186273937948
1.04654205047536,,,-0.8434005742843024,-0.7950617257042121,,,-2.051647775826015,-0.4217719235101437,-0.019536864446428177
0.19903024437321143,-0.8591829982717287,-0.04419534713987185,0.11063697385532237,-0.11133131002121319,0.28509880535367543,-0.16410296225818513,0.24748679086453793,-0.7513995923666391,-0.05356100128734279
-0.5014226570491594,0.07721628950736714,-0.011816408712719703,-0.5453969117417328,-0.3640442886119139,-0.2764106988468946,-0.3114667271547475,-1.9779366122469935,1.267592641216357,-0.2784191274705209
0.5525643091436198,-1.728919602755619,0.16111201083523452,-0.20527877481351997,-1.6098482645708196,1.5428435330460202,1.3411814521271506,0.3985837318735372,0.8285422651028156,0.4229427090569877
-0.4016447608307625,-1.7614097575929106,-1.0673865333185761,-0.5553876502865042,2.058541616137843,-0.9144138750290106,-0.33859973202266674,0.060538744359751824,0.47475388252219275,-0.21472452688763297
-0.42045904326533867,2.478285540245561,-0.5043430725614901,2.4011640268760006,-0.40671005690701056,0.07847839848961329,0.7940395483579548,-0.3713270127557114,-1.3406317388619244,0.26741897747148863
-1.2679298811388853,-2.368527045802812,0.42769560005551777,-1.0995205645959278,0.8798057954711225,0.24092120290886665,0.7158811402372661,1.327132025880777,0.7132830638545231,1.064795829655576
-0.6480047927314699,1.1079608846506768,0.5376002576519153,0.48419848703698415,1.0259744156137678,1.0730654426189372,0.3121771827325486,-1.84832195662834,1.3760986198364944,-0.4979134380161026
0.3388113983014938,0.676689239879369,-2.1047966238984555,-0.3369267754329852,0.17524959450376904,3.0094967786233737,0.9100025877755926,-0.9079671827598322,1.1999945065303268,1.4748907378288483
-0.23929368276243274,0.0634940619540944,0.5219875199007439,0.5279695472969552,-0.027874875356025522,-1.07347475908141,-1.6518042547882659,-0.957127458099773,-0.5457863295357096,-0.13675652188432202
0.7123101353332244,-0.8623779147128825,-0.8953095961573597,0.48859966623494994,-0.7871003434280612,-0.6622672215966622,-0.13334357103715822,-0.22858056752634717,-1.1422763844359334,0.7044994056422429
1.1190797144225761,-0.4452662847187879,,,0.011613232635763674,-1.2996100486722357,-0.4787778440794181,,,0.05012046505203409
-0.8344411449254967,-1.3986921880569803,1.2372235918008292,0.3975121504011429,-0.8222098378291579,-0.9021823988661078,0.5475831975147906,1.0096344534146564,-1.4479414655416551,-0.049918455406681536
0.23719124898427993,0.10809238742159945,-0.13074951673985294,-1.4555528995379907,0.06963799849678615,0.7852076964422653,-1.416233683654312,0.16497468319989433,0.4225024616182273,-1.1134967662102953
-0.6180814149647165,-0.8619694540191032,0.03840391053554175,-1.1032611834753432,-1.6939022956449592,0.43494697891980905,1.0533126462699818,-0.30628585113493756,-1.9599226843007282,-1.1751172296489385
-0.512592408409866,0.18034758628194245,-0.7835470408564327,0.22395521652417635,-0.8801916594451814,1.158505838755852,-1.5339463910841429,-0.23658061543629047,-0.596655784617307,0.1606783195918629
-1.3612582939099052,0.11249650683017096,-0.5578212167215689,0.19231039783924211,-0.5848252302549216,1.10999482636881,-0.029998535393747527,-0.3583587777834098,-0.31659840780517906,-0.2869634644509584
0.6167350660517743,0.04654629820772059,-0.2861468993645936,0.7250920957254539,2.0835137720567247,-0.6795025219204976,0.2313497083927094,-0.808733794536508,0.5096767152524503,1.2934969605658007
-1.3868910702452386,0.3279916988395646,-1.6724390689433264,-0.5874780713219275,-0.09583000038502269,0.6053329443502772,-1.0792965121701923,-1.2275513529627164,-0.7502041850966451,0.16707279722360568
-1.4845847596686546,2.3986968764633594,-0.7119581628367005,-0.8895743147424344,-1.3365310920899585,0.4994173387616178,-0.5482280735947901,0.5523384908550719,0.3373276840549799,1.889051261676927
-1.1944491557522061,-0.0661734481381373,-0.25877091120779766,-2.06680659261534,0.4402816350755993,-0.30831843023844596,0.7227367685809031,0.1553842273966294,-0.0804139841520523,1.3107326283507885
-0.7439875021058652,0.8059969145087296,0.33844300730392746,1.6124133295480463,-0.2443062474783643,2.2430549379531826,-0.460506626520656,0.4235131703849196,-0.6179466667917162,0.8286492203464393
-0.5411910975118016,2.6570320664213285,0.18737679494513895,-0.09132966629113534,-0.9332296634764566,-2.0145221576011294,0.3231413770750822,-1.0811802641542658,0.7208150410555176,-2.687896702800819
-1.082486271662722,0.0707838568991899,1.3918031749948758,-0.0856317368487981,0.16407025823756777,-1.132176431841701,-0.019875642315353992,-0.4249679094838572,1.632093034139791,-2.0525862366999674
0.723121226812373,-0.719821807037137,-0.20688470634938275,-0.2079313127675907,-0.5131748948660644,-1.095942734092093,-1.559197636777426,2.4784501407058577,-0.15662992344657783,-1.038486140037018
0.7052418152903701,0.862086931863356,0.024292261921707917,-1.0262273074684654,0.9351238605601248,-0.8357176996077811,-0.9179798413424133,-1.0884765333903834,-1.104144680920122,0.7218317573815519
-0.5430636092537745,2.4253099781893357,0.25238787259569445,0.1339273938577735,0.2441895185554047,-0.5846285372445545,0.8417520513327698,-0.8579444070885752,-0.48622911248305645,0.8724817682835324
1.3585084927770879,,,,-1.8155112422087085,1.5749871743121786,,,,0.47342168411716856
-0.6323489610210207,-0.7366148331064878,0.9144631087168874,-0.5124748062940082,-0.6985704455479683,-0.1078611067417238,-0.13469076429883314,-0.42235971539385636,-0.14443185519516064,0.27368642539440396
-1.0092093439516794,-1.1649673793159627,0.5686195377058669,0.4083913322436284,-0.34052650773156373,-0.5594402387008935,0.7968965931492266,-1.1772362384959487,-1.1345330617362415,-0.7669868274635443
-2.4473325533928225,1.9837887908894793,-1.3040405576019087,1.0205004864843694,0.28683021755762267,0.3784445284348527,1.6619496224702897,0.454826139713654,-0.054316020574129646,1.4870869615909554
-2.1486831425003077,1.2776862946724228,0.09682483485369839,-0.08216659954099194,-0.24450267700608286,0.3557491375631846,-0.4956497385397136,-0.9613892908589488,0.07627143996554278,0.707907634528507
-0.12387697428502208,0.48304598594539405,0.7203899360709984,0.6635825580321671,0.5714033954348817,0.6207119763299354,0.29046261858506217,-2.1302260751382307,-0.7189794302644796,-0.2710261984747241
0.8225708231871574,-0.4832222300064108,0.9790392025964291,1.432970496689043,2.1971281408582843,0.6325320908400428,-0.6650401808510119,0.3913338707056037,0.8305402186099742,-1.4997469962944594
1.195348188398102,-0.5060101842222536,0.20339858280953127,,,,,,0.7856116792769938,
1.246079714371202,,,,0.3873361599092429,,,,,0.6629942217366293
1.177123909990343,,,0.024100301918835533,,,,-1.1572402336099843,,
0.17022512961161299,-0.6355418845099798,0.6323246971627745,-2.222084147277947,-0.8079655195608528,-0.17673966319035486,0.17044445926516716,0.07767314600076175,0.9770723587529254,1.4854307593466258
0.45784361769053467,0.12370526636372711,0.5365335739963114,-0.10151988170522061,1.1992264569664692,-0.042531896935982534,-0.19128533330521189,0.4960440759525716,-0.6674451599720223,1.5374321467379908
-1.5061791527612023,-1.0334261235834328,1.097081082061073,1.6313055008319224,1.9897270768044046,-0.5369613535196106,-0.08305589618126383,0.32282143859611057,0.4517835504602406,1.074368314713001
0.4524152005682021,2.5951347155525686,1.1266674261062544,1.218292303972564,-0.8669342908628265,0.918586209213542,1.1615905336165606,0.9570557324275564,-1.6751667881680121,-0.7405391218005488
-0.7291220049985206,-0.14377548629770914,-0.2697891363686855,3.1301391414977604,-0.45784861657079806,0.0848024108310909,0.6704407155914547,0.150728472504515,1.9769998889450413,0.5606138012677637
-0.20829115665904688,-0.24441526848074008,1.0139092219119419,1.3784035682177571,0.6508732361011507,-0.45647637246596123,-0.5179665908432616,0.6719976811299017,1.6822560425985964,0.8407868679386766
-0.2755184859166136,-0.10516105104457847,-1.9445776198943645,1.2030350094844835,-1.103860611615105,1.188603655571815,0.1711628453111234,2.137534758602284,1.123369636570519,0.42692126046779466
0.08266577659323644,-0.5590133134801796,0.13602827952814786,-0.05607341172626305,-1.4167973621060936,1.3419973813222914,-0.22066449563363008,-0.24734781467622863,-1.7490928899359632,-0.3675991514291605
0.788638162675379,-0.7174852366740274,-0.9494761097178508,-0.21435410573945135,0.15669625399883558,1.048732108422943,1.2965617171069748,-0.04365767040567697,-1.2820272746747716,-0.5456804807362181
1.0307378276363608,,,,,0.37711005052484836,1.3635226274324943,,-0.3679245392047672,
-1.0616774533634437,-1.2787512210425442,-0.12622789480511612,-0.6979998585405438,-0.7117813797411525,-1.0521579635170015,-0.2710463966826779,-0.7126841701599245,0.031532936480537656,-0.6652467861208322
-0.6992622272357459,-0.20312414007352178,-1.647915111580735,-0.8819898831787532,1.2364235711332285,0.6812976305753738,0.013043900308747925,-1.5101759664532206,-1.0450450060761052,-0.2537892073734259
0.3892280059285498,-0.6246550172628754,0.5617945479927569,-0.1609102233799226,0.8686634958927324,0.4230102694931739,0.8837839386150865,0.011270249370608332,-0.5241613080716373,0.8511026453717249
0.1586002624756057,0.18996472297067946,0.47426756710001994,1.1622474923702972,0.4233653547792178,1.0571075725659929,-2.3096494276017334,0.5133040255554884,1.4220405111415726,1.060782961033413
-0.9871892468577863,-0.6563879165121161,1.7390775338791242,2.4113205049330193,0.4918649818381046,3.5373145499015006,-0.20102664878319496,1.2575566448655167,-0.8861981802447008,0.49291555517511515
-1.2187366886375028,0.6440186953091656,-0.6017123856029943,-0.9381835109776309,1.5036716485622015,0.583694997774812,-0.7805648240197302,-0.654202262753156,-1.515316218380773,-0.6298929629064398
-0.6763002431049471,0.3997745153900082,0.20393474788145918,-0.9496227088449157,-0.9935155889129466,1.8070828642361199,0.8772494236565457,0.9305317403100369,-0.033471967163118455,-1.1735941069421776
0.38431914440891435,-0.6121662045611931,2.7231532117147896,-0.7615464724612205,1.4134401934709464,-0.27136525430662034,-0.0032471177194389536,1.441675589155276,-1.0991675319746563,1.253865388345332
-0.4585265798835172,0.6762190803124062,0.9673697232224352,0.7986779461117075,-1.2334251091272186,-0.47059960656037525,0.16773618207289187,-0.9903946127998792,0.39228865440505606,1.0533624219801205
-0.49594668134927844,0.9191924724142111,0.006819779556679005,0.2691117242968844,0.6824615494295173,1.1912831107973478,-0.9835291155167326,0.9329737479673218,0.8965541471757332,0.16571580290664434
-1.036234965630972,0.5287565109223468,0.44030721064348094,-0.19113111076338912,0.7755607164649684,-0.6642090014964388,0.6446006874750022,0.06272572914756297,0.7993302672751589,-1.3095062106827504
-2.759909835755102,-1.2911928031367765,0.07325763909398664,2.011971949147857,0.36826130949460256,1.482919871016479,0.7922590197405304,-2.0313674562209973,0.10727799545340792,-0.6304673654077889
-0.8977460588966687,0.053389090154076745,0.3849115156544884,-1.7405125992266457,-0.8474439284084038,-0.5872224143735344,-0.13745978112365212,0.7396698607423662,-0.711541393765272,0.47961035321622786
2.0398373418509834,,,,,,,,,-0.6091935383770843
0.4686201631968088,-0.31450080218032733,-0.3585725820302035,-0.32673532645643205,0.21005982069396759,1.2998099536369405,1.4003551287616867,-1.175990589547228,0.1119173807456539,0.8040277313751921
1.8610287116412048,,0.18827621323495217,0.957946567568966,-0.5768089366354737,-0.5202980605402383,,,-0.2796598203895256,
-0.6026830645326817,1.2075002925306797,0.48429992715317993,-1.7800571485264722,0.6232862869699468,-1.5082360809385387,-0.5671360509820358,-0.07727015710621941,-0.5032914880482722,0.6998742607946242
2.0182262555393673,-2.061101105049486,-0.5784717636068457,0.18461222569286884,,,,,,
-0.28911113312048814,-1.2840755273495215,0.08905039491806448,-1.3468251754450797,1.069106872468381,1.1805216845966562,0.4132000900985565,-0.17713823942186535,1.0546216567465614,1.252907193160413
0.6040201702002613,1.3163824200909175,1.354431064496088,1.536605334736111,1.3137086929612967,-2.6187226845425475,0.48662301746703024,0.1471761067962802,0.8197073733529683,-1.5033204720799958
-1.1698963366261645,1.8358576818172005,0.653774547033398,0.32578602939823026,-0.539803894029763,-1.0127947704052436,-0.7125392474244975,-0.7059197418242121,0.6934991823001642,0.3219251958688901
-0.8842177873544532,0.9288461542044791,-2.811966611232654,-2.8097126591276846,0.7692314942379997,1.720043660451071,-2.7763752778479467,-0.4910833938427727,1.792228450609164,-1.6021664932414543
0.9436328877847121,-0.33617951575490745,,1.21841788326632,0.37525349383424506,,,-0.49717544461290586,,
-1.913476295236307,1.4908392440905411,-0.8009530936349951,-0.25461802897013797,-0.5932351614450122,1.694522046489713,0.530135768416921,1.0560405073064554,-0.5276242217850426,0.7157705717730828
0.7678074596831326,0.06415451568609894,0.23331980542097583,0.3043257163943706,0.25707534713790414,0.8043671110807906,-0.8613677609545888,-2.969042291629689,-0.7004844464751143,-0.6622407700296385
0.2457571449363075,0.08845185645160433,-0.5926283165355879,-1.8935144582044126,-0.6260445922910687,0.33835321911654026,1.228395526074192,-0.7162654266981588,-0.09990031597152943,-0.2935930313575219
-1.0890608181483892,0.8193597674037936,0.3702507479721011,2.5868759433733133,-1.1788283333320908,-0.163757179720481,0.06321492460987055,-0.8192754288812685,1.1569001686842153,-0.38330093257263137
-0.6979476161792678,0.8790857575621052,-1.003122219600607,0.25811140295947005,-0.8790232126869936,-0.349974237174873,-0.015909554421553104,0.5968416209889562,0.011106744545948802,-0.5613340309396302
0.382168210825683,-0.9071446632162247,1.069720801759245,2.851694990858203,0.07082819753905556,0.525553364697113,-1.2152239405164476,-0.07401199691139611,0.6729712228662198,0.4056013603525821
-0.7091661088283382,-0.5137798735737332,-0.28942942385440656,-0.28886825759430623,-0.7990987617664066,1.15325916206403,0.9017840561685531,-1.2590479693219716,2.0458348245693085,0.8194222686624841
-0.5528451822730149,-0.22685436398802533,-0.15335219308323111,-1.1682213306757432,-1.748739004101884,-0.6154522135066146,0.9302523094354652,-1.6348962627041697,-0.15753828291775465,-0.36401972680015515
-0.5148237217279938,-0.3573804056340384,0.699832385206393,-0.8890214905767987,-0.4232406841988015,0.4613819579583435,-0.8805544170094328,0.7304227499570777,1.2650095494511118,-0.5718747762127433
1.142165692595115,-0.7790524171601816,,1.6614493342499388,,,,,,2.1174476053114595
-0.4008480805594458,1.0585956317732697,2.100890942957241,-0.14540365565362942,0.07820171534500313,-0.30603144384350756,-0.5645768420479043,-0.540186614071938,-2.393878095161211,-0.4609386437618082
-0.7555656717162638,0.07182914302427981,2.4557214410172965,0.4532558437303835,0.2777241419914838,-0.4245901686694733,0.6131639986888221,0.01747925575515866,-0.8361043051306112,0.44304033563029827
-0.9561894458777496,-0.357962412975686,-0.1818877934535238,-0.2733871663504525,1.6135729221997892,0.981748105176405,-1.167448956313032,-0.9472497499614073,0.24191939485131586,1.4397718088491638
-0.3404015467809712,-1.3329544930027042,0.24545561170604532,-0.3205675079669353,2.0222186549762964,-0.8233304609191854,-1.0061397712942028,-0.44974096869208036,-0.9901774148603711,0.36912744933429015
-0.25583829156975524,1.0066213091803065,2.568704465457924,-0.28914886520019606,-1.3428638179334675,-0.478778226778712,-0.7568912617705948,0.6826702262495877,0.5628184016651551,0.5710944624250814
-0.10278423995590273,-0.3194957580810143,0.947684743115382,1.1080495324519428,1.8400983251260885,1.0812997125870454,0.220003606650257,-0.883161758900131,1.0040083667005557,0.017146520721207155
0.28838000814623427,0.022198837268048992,-2.1239220610524123,0.8949075382403016,-0.6736306521727109,0.3253665152319071,0.439705671044535,-0.3981882223387992,0.9128628031931826,1.9952496229039924
-0.2243720799031509,-0.36249176696865015,-0.021965029160033206,0.558497633534866,-0.6391836018384457,-0.5161369024823813,-0.057900808192995534,-0.6986082955947541,-0.631932468256165,0.5234169862756977
-0.7289449896643992,0.27589308543579827,-0.9956386262489381,0.1438699744037773,-0.797115366554611,-0.09370838105495202,1.3837158772434939,-0.7701766946554717,-0.9125191952738824,0.2603028700422476
-0.31566800629673,2.906960410655985,-1.5426249032641473,0.0021247447336891203,2.584148931057896,0.3001798929497651,0.29229715921838734,-1.5411758793029122,-0.353478337551912,0.08122678981086993
-2.0977086290537144,0.9268979355347308,-1.032244426354801,1.2437239623498817,-1.904182075520348,0.6048396118058502,0.9322305437724335,-1.110447650024188,0.8238830152012984,-0.1861940037919345
-1.1146006966688942,-1.0697579651857407,-0.12511705146362265,0.1430170697123433,0.6776175466034537,-0.12630352135316084,0.6838875325820902,0.21389473347530158,0.019650162250027633,-1.292512421923687
-0.9921698909201505,0.10163505229566303,0.5906196386744468,1.2340462082643897,0.5805408064359225,0.7332151357304153,0.983426347719178,-0.20150623433983406,0.9695193395377528,0.7097773135001844
0.7716206625419396,0.23522531912413913,0.5172465103089294,0.19949137839207057,-1.5203134217568184,1.4512296405841838,1.0205912897312415,0.21817741040801997,0.7827067429888203,-0.5117324532384931
-0.6852974568096876,-0.38813035144815017,-0.15712144062700398,0.04662425637146138,-1.3235662837915563,-1.9472085984761942,-1.2624319417698844,-0.8065695161661779,1.2601522324186056,-1.9128452175244055
0.6798460851367004,-1.0356661257499309,-0.38896854627227745,0.20195593823865857,0.060803254627092684,0.6662552223977621,-2.7792495217155104,2.032847223679994,0.9114408280274081,-0.683935829274225
0.7269581268481506,1.2906462123646933,3.227868735378101,0.8921484546831088,-0.16693779184423369,-0.22354161475782922,-1.1501525588916948,1.1672905504182431,0.5122956396073572,0.609922872142592
0.3563363429510388,-2.531978111740924,-0.9652945980323285,-2.8004579434799304,0.4435931395923424,-0.6916133103030767,-0.08220006899209734,-0.22108533713303316,1.8764757556825356,-0.5462253813285467
-0.4387100003643554,-0.9790689097233696,-1.034826297376178,-0.36934839411269693,-0.48541628958247707,0.27495957250941294,-1.6466950009865764,-1.1972971709385305,0.27949135409654535,-1.2857839034324674
-0.11472999920657612,0.22522230907314492,-0.21579163708782273,-0.3020905990346762,0.14823151976320054,-0.8897997317138133,1.8735228651375335,-0.7266179445271933,0.9599690121375787,0.7352990018751207
-2.0595095034741355,-1.1998654360892715,0.35571978637591634,2.1730835378099655,0.7743979640706222,1.3185591828046295,-0.25211195601656083,1.6020260087439275,1.2040700283249992,-3.2462589215982405
-0.45816439324499647,-0.6563444061949723,-1.0860195134871353,0.21375482592637243,1.568289397287236,-0.17744774703365435,-0.707389323038457,0.27004873572533933,0.39348483980095555,0.333311210853144
-1.299734580269753,1.2716390564952316,-1.589444374444166,-1.1068096237496776,0.7735501415651224,1.2848671754234524,-0.48548306588227563,-0.6202778524440368,-0.6261369527003936,-1.1271891014177513
-0.5927132677467297,-0.9294360018073923,-0.9293581358267949,-0.3366435573237755,0.09674117178464046,0.7441935769454753,-0.06687611577867508,-0.020335088938165734,-0.279578828091646,-0.9060605699729715
-0.1316355187555039,0.5066662239363834,0.4663854696265759,-0.6847993928720675,-0.1283710317486903,0.7867780710446782,0.3180495298228276,-0.7159828247456498,-1.3001766449342789,-2.5097874396584405
1.3194351638926116,,,,-0.31683354969311367,-0.6351028643736927,-0.3212231188377309,,0.45507213744474223,
0.32278161498435193,-2.6796475407970357,1.4481785906249305,-1.3731742742522608,0.0593419374527147,0.5034754336735564,0.2147571508086454,0.5137774997236928,1.3049812105428469,-0.6134924623878785
0.225759508960316,-0.6361233513553515,1.1360107331882772,-0.15080790902387678,-0.12912776144403249,-0.22455128712342953,0.3371180646585243,-0.09404089496515286,-0.09710221806290532,-0.39250228073422183
-0.26673153816724626,0.09142177151607374,1.0066293232580088,0.3475718339048569,-0.4851264193536481,-0.4012990093484605,1.5847139159927994,-1.5364261821120881,-1.3526968552017138,-0.7609676440067916
0.6333714724182379,-0.8927007126507766,-0.9227937752696581,0.9524628682220877,-1.460807136971998,0.6898570159972676,1.23318243112633,0.7277557699390099,0.2139731299451547,0.7103748171536362
2.621192512190985,,0.040097279020770996,,-0.5716802312384367,,,,,
0.7309652797721529,-0.07351331611417462,-0.11576840816477597,-1.3093687274996972,0.6506752268410834,2.0976839784898504,0.40689422108662426,0.9644611172144213,-0.8725494320058337,-1.061006902178287
-0.7851834972814936,0.3025967454124837,0.12116100504938464,-1.6165115507636132,-0.3465855316394651,0.04856343447052048,0.3457853299302024,0.07126289841643092,0.8841988211015497,-1.3650566865796299
1.8363842985594079,-2.0150849643099695,,1.3518077984557377,,1.9229323729429306,-0.1382670698331047,,,
-0.4649979216511806,-0.33064608093211845,0.21128118256869083,-0.5865599720417249,0.5477281498119281,-0.4946732282919876,-0.4410515553134649,-0.4225475083028557,-1.978225770884762,-0.27999635237771286
0.4205606324165483,1.6753629429552763,1.5202110996258509,0.015853165361861963,-0.010075415826081574,-0.6803653451669085,0.7652648020839292,-1.253552903258059,-0.8800049823328466,-1.5026227468892968
-0.10716222318988042,0.1983340272478832,-1.1465090138197855,-0.9537039337545482,0.5711149097283285,-0.24366513245879715,-0.9432089288875214,-0.6177672633531622,0.6988262266773637,0.5866206690347252
-0.13482126947443127,-1.0630582215156847,-1.27082195030557,-1.7870415909990807,-0.8956328874029699,0.6269017149043914,-0.7786666313183612,-1.0211602570693723,-0.9304474556686007,-0.4465649958218676
1.0440488542555375,,,,,,-1.4068402582170083,,,
-0.6310082386053435,0.661406724302726,0.3714076345180718,1.8805627218902443,-0.9929175230291821,1.7914423879175287,0.7760575705934044,-0.9099741619541019,0.6633430309441463,-0.7699190858079232
0.22846383106115994,0.5890639211284296,-0.6249486173693016,1.820032475149642,-0.014098397524142218,0.04831581730286963,0.8104751387661343,0.7397779208982925,0.8928462622238807,0.712030316711348
2.154364780984628,,,,,,,,,-0.7703657806132077
-1.1919859681349887,0.8684814761403125,2.0508999292384433,-1.4259554964850691,2.102776025962511,-0.9527057338793511,-1.826381225160406,-1.491375056249006,0.06106160092309788,-0.4259365913679869
-0.08968428260045772,-0.5504467062629077,-1.3235068098317684,0.6704368910769168,-0.5434695321876165,1.1253579046629323,0.6770716998026136,-0.3619139463866116,-0.5299901360208472,-2.1386684964442093
0.830617442266425,0.17863808031774028,0.4717210536124475,-0.9220278200028577,0.005242627994944965,-1.2485401248988601,-1.0398693081772485,1.3143461737001676,-0.35953684671909936,-0.15319733287766918
-1.4883518732536316,-0.9817892034049159,-1.1497455161656347,-0.31105888003846904,-0.6420418651396667,-0.3515676808080115,0.5234436051467775,1.428206679328081,0.45618951447948536,-1.05363529796577
-1.3198093982160262,-1.0188027334394123,0.14455205439279678,1.0023062580908086,0.9553234843301779,2.0703175166846437,-0.11233285394565747,-0.5423225823063096,-0.06459142833042024,-1.8275276018682467
-0.019005650142736027,-0.36690465968392755,-1.2117196235776382,1.280714479670134,-0.7464833885670752,-0.49900218024866133,-1.5597460682814466,0.1487289768427959,1.944346475837068,0.19995806981846526
1.0900440106541365,,0.6556129581804429,,,0.42491532603634574,1.401889647762089,,0.3107049468946483,
-1.0888990912831553,2.5982852875553775,-0.47954549559109616,-0.6303981528392215,0.6241584608931201,-1.072553568434523,0.6119766477506986,0.6228420194802222,-0.34332483323039564,1.4461657295078638
-1.5920707983135018,-0.37509603694109295,1.3199202266783854,0.9323997402844897,-0.4665470846127901,-0.6785306029102383,0.22950203795721377,-1.9811893689424895,0.01575353202323802,0.27774258726549117
-0.7681557574406344,-0.011351955062233878,0.0016904880627629183,-1.4936310055013708,-0.06941595782727775,-1.4167534782025024,-0.6630001708292574,-0.5197506900662235,1.514172825448568,0.8572447637022074
1.5305471682625031,,-0.2886602231160289,0.26257547954279603,,,,0.9167066554681684,,
-0.48607542212703514,2.393379357986662,-0.30993967577480525,0.14356886189737816,0.769175029969825,2.4035350176049834,1.0754935644707448,-0.8503003302542346,1.0698836118409403,-1.5913072581396146
-0.5221571642468761,-0.7710212827398035,-0.4215076445551305,0.7760093147126033,1.0984597212367306,1.2528030584207213,-0.5055351896402271,-1.4470291814016372,0.48605992007200555,0.22163578090223668
-1.808289506923437,-0.3615443302820249,-1.0304163336775238,-2.1400952133028857,0.1554765136037921,-0.6480629640421136,-0.6256529400540474,0.07292836420514631,-1.9491411551716957,-1.120580507490806
0.23643218048913217,0.5449811969344026,1.349841692283264,0.2065524712909154,0.575997490975407,0.09063639813127099,0.8730527221926165,-1.151902493579905,-0.7091292853881368,-0.10899484393489928
-0.014436367990975809,-1.2485767704382875,-1.6026019337627515,-0.9242680715677628,-0.7437818792945654,0.3273482737563976,-2.0804213032663292,2.2906756216806516,-0.8898586213939648,-1.638267716345702
-1.3646557655737312,-0.15476906999992912,-0.957458802161907,-0.2031670951951795,-0.4154269115390352,0.08982450127192639,-0.1295807951493761,0.3965647332757681,1.6415944239787092,-0.4117491117107865
-1.0598376354772487,0.90884247449225,0.3772359466579174,-0.12473061596886403,0.172530256322511,-0.5631708688459093,1.3327029375462511,0.9300099685741442,0.2489366098258764,-0.3352651903195799
-1.7696656237691473,0.7728095358363762,0.08435328773548106,0.9720714983210496,-1.429313225563024,-0.16380682686612805,-0.24214477901062337,-1.8767214610239742,-1.5098514255253344,0.26313904028236385
2.591611736700247,1.2844534317825966,-1.8257671244180147,0.18800165261428686,,0.6486704962337021,,,,0.05940325071268682
0.24881306393400235,-0.004885178597405545,0.007213713043401868,0.09328751956894207,1.3198947298293815,0.8906562571202173,1.1769074752736846,-2.0356221320192316,0.4306685199896324,-1.0507622144840187
0.18438871880125557,1.1812610027615782,-1.0786980724227506,0.23408754582132082,-0.5522116490486438,1.0026670583457993,0.21601408076070408,-0.31518741521928745,-0.24675036613779566,0.28629062722935267
1.7294454482854626,,,0.9670875711237277,,,,,,-1.0412234630776938
0.6768699338651891,1.7758059284346535,0.059629440451821204,-0.8040294591265483,1.055459530274874,0.9278575602744614,0.5890975604990348,0.24399503185728602,0.18514543135586628,1.5558590000460821
0.7334055227267978,-0.05459978461272659,0.4158949265514641,-0.1596133576664895,-0.19889985146162567,-0.22462828642087176,0.7134448381919264,-0.19617763928930826,-0.03613433497689398,0.2256533681981482
0.7881762722862456,1.2661164892222212,-0.6168919808060113,0.5492316912711148,0.5977691720822966,0.18266049751290406,-1.7120932376564173,-0.022204620339462213,0.20317310365886962,1.302812799822943
1.2258840165438423,0.6526196551033198,,0.560049332617471,,,,,,-0.5262277810638407
-1.468933168946525,0.023209904922320532,-0.6484557552661374,2.289034367023101,1.2433044194558063,-0.44413233345982894,-0.7465945608147136,-0.6851432941817626,-0.7974614195735069,-0.9321456698675629
-0.06594811316314624,-0.6507981409805248,-1.0387688991023298,1.261702739034403,-0.5477556811049049,-0.5669641476306451,1.645603852493733,1.863591045606546,0.906850283026222,0.23074534426160168
-0.7053665317001643,1.0557514304341176,-0.5204416301096184,-1.4335632953455884,-0.42199967798918636,-1.107747616145928,-0.8067494859706531,1.4004065419482563,1.4621851145651157,-0.6982032894166722
-0.6651776536833252,-0.8631049275613926,1.7562217269291482,1.5534387959226645,-0.6509992808891971,1.0996007423958971,0.26018539179800415,0.42320946530675146,0.6291338774428736,-0.21226765331500652
-0.29992235632420494,1.6555871563919495,0.013674753073267569,0.40494050807452464,1.8845252152811949,0.5370849715785119,0.10252326916279345,-0.38105104588261324,-0.7014313252620258,0.2917715998641053
-0.6070725750212894,-0.2762926014744909,-1.7841884586136858,0.4587754519302876,-0.7830501622496409,1.9819190781859584,-0.7710902760237058,-0.3271592573791934,-0.0338916971711336,-0.36274613931557753
-1.7621833405654848,0.09369703223233192,0.5160644657187593,-0.2804169287005474,-0.2109282709821453,-0.3002941327152799,-0.7888084373741073,-0.5889380066744847,1.5507164248961338,0.4956098415832738
0.866933749756596,,0.9844950643308376,,,,,-1.1295637917258061,,-0.43075909757394343
0.7739566953613005,-0.654898158558201,-1.9373423467433564,-0.5322379654654962,-0.2959464836885598,0.4137098657662454,-2.4846046220275775,-0.3101302634522826,-0.0386958828527621,0.06346347574659778
0.7324031517326345,-0.9262837035505084,-0.1290946784506512,0.09131024613407074,-0.27615792220620144,0.4163967200279088,-0.9306233090026531,0.48394311295692904,-0.24132486792636218,0.775716522360413
1.1577221390311623,,,-0.6441286034832251,,,,0.8594922026128113,-1.0727614215451928,
-0.9649909890495668,0.3503944175769299,1.4544299396553704,1.8490191768700477,-0.25515651843967635,-0.9610683420996697,0.025972647575525417,0.15646086471418708,-1.705300094956244,-1.8400428886039872
-1.2913761311047145,1.2228933735325171,-0.2555484319473535,-0.544322835846824,0.5021484847337577,1.0765034783319811,-0.7496585099497952,0.13244442197058662,0.22088094143432632,0.8680797827498564
-0.009889875285204791,-1.4591542055783278,-0.026258125894031675,0.34736384222060723,-0.13167972789622504,-0.6721269168221731,-1.318479142961949,1.1185817359340084,0.7204035315516022,0.03377166411055678
-1.0295495563511647,0.6877955913619682,-0.5635019393551389,-1.7563523024800256,0.9035613184984277,-2.047026995588932,-0.24329300960268205,0.7698660721523196,0.15051944814749219,0.698173208728855
1.0724317005882509,,,,-0.1036039711517857,0.6655015198024907,,0.9986889901759409,-0.9987239523397385,
-1.0837814856337635,0.41449104509738793,1.622110876024486,1.5027595701268774,-1.3042780190991226,-1.120282946270968,0.423797322749693,-0.573711589228903,1.2500036849847262,0.7516974744551957
0.5002832113836378,-1.0573123613906314,0.7873148132058213,0.5780382198655969,-0.06320558296507962,-1.467047468328751,1.486180060121127,-1.1460115763456824,-1.4959888118763105,0.4800903730770429
1.023193080925564,,-0.9510545002001826,,1.8894056010821625,1.7194002434119342,,,-0.2196558886045526,
-0.31097502349055245,0.1752432273417703,-0.4652334775674233,-0.27791643633147467,-0.6240380509749328,-0.17693666163403035,-0.09732382069807906,0.24058665372644675,0.5433270774684834,2.9340116615432636
1.2375471254181718,,,,,,,,,
-0.19578344974733197,0.2851964614039753,0.027724693148135544,-0.42722732542411945,0.502324326391603,0.71384420606085,0.5389619366011831,0.5838229410796356,0.7736248472579914,-1.7975860378240058
0.3742583882895556,-0.5713204093999961,1.8345623283842982,1.133072353765473,0.28984265455196034,-0.19813992840969896,-2.161193436890468,-1.1501367966212603,-0.4766708546932255,0.37208096707512167
-0.3880451331398413,1.4733982799675769,-0.5885957806147004,2.3150281429988957,-1.2344304465964886,0.7133767849777278,-0.11116895164517843,-0.3145626052628946,-0.06566861024008261,-0.8029038819536722
0.26707019426135115,-0.7570792770244861,0.21697951134988444,0.3932252318271835,0.14336900967349137,-0.5172368143279151,1.3860395904370197,-1.7387765694298156,0.46942893992248647,1.7135833580828876
1.0998757880531627,-1.1075627732879625,-0.715683111468639,,-1.1495310810623458,-0.7027088690823899,,0.6730328129900082,1.0749833533412223,-0.6861334720316075
-0.34881324695145893,-0.9702461815427934,0.560787939383094,-0.7215733545413983,-0.9518177406561812,0.7217183810248081,1.188562696821188,0.11370575270946767,-1.678740792026303,1.112560426664074
-1.6077883840896456,-1.2591203778495843,-0.3935889283658522,0.27343745441684847,-0.4455585950381383,1.2974010310513926,0.24757710009390196,0.04140235534741341,-1.3416732322795997,1.3322789159909938
-0.15112029903411767,-1.0194926742440682,-0.6479358516082703,1.3775015451466153,0.249782795237275,-0.21403416967499123,-0.5506273802799065,0.4913651933889795,-1.4178991807509174,0.14609759548363033
-0.49146043975255527,-1.4106669748187235,-0.3503224539063296,-1.4674002853854224,-0.59484387650676,-2.2015991956146532,-0.6637836808383974,-1.2194387675096732,-0.07614346938520099,-0.18872926529621736
0.25155586641487293,1.1914545133711094,1.2228410554621145,-0.3806243137031502,-0.00429809410405365,-1.0145907912012755,-0.185984635946914,1.3554151836917796,-0.9244196479287236,1.956033228966067
-1.9902293788504455,0.1644546782329145,-0.8547704293084682,-2.315834382771306,0.9295532801035544,0.07488358276257713,0.42250648004472713,-0.7688849298611944,0.7792276247389736,-0.4505701142130948
0.9542612373361513,-0.49618388672779723,,0.40309294229773834,,,,,,0.0938555481956254
0.08642229153169705,1.3011259826496098,0.08883465614431113,-1.5589701729786283,0.39062885939717273,1.347104748195075,0.07001603914371964,-0.018205200683259655,-0.5053959076637061,-0.5803494147423273
-0.8496569434149408,-0.21415163663115241,-1.3763387542967145,-1.9669512060756589,-0.07912110973124696,0.7976391208178141,-1.5657846127440045,2.229084876958097,0.897398363792491,0.22616502384921008
1.5760888431930498,-0.4100827304718329,0.03484515325834706,-1.588450577236298,0.11254067818414908,,,,-1.164381355441841,1.5206519062366262
-1.8114600497438635,1.7085038260620964,-0.7883480207641557,-1.6842060742552256,-0.21744601664155694,-0.1908371579290961,0.10626938565543452,-0.6653313413066705,1.5618724821647707,0.6543017359424415
0.07615574188207976,-0.2988679804717252,2.5568563836672755,-0.3005816504346603,-0.10344591334342802,-0.3996470194752253,1.1836791603499648,0.08290159719990867,-0.9013704296603005,0.5039234996843325
0.6589788599733607,-0.6400402185867036,0.5618029393451641,2.1507316540125987,1.5602714486662645,1.1819172390087547,0.1591309552966626,0.10708627539371976,1.1458135467311676,-1.7583425110152082
-0.16031913711553425,-0.7297958501642003,-0.6320095469553412,0.37110717464551807,0.556008142028242,-0.812127297925692,-1.6730057728214858,1.0879207170348968,0.284540165838771,-0.20447160653550348
-0.9697614269391155,0.3322949845763229,-0.8270717833510854,-0.5219318439937471,0.8811729241343282,0.5706432116297145,0.4538468049191323,1.0224573062671012,-1.109351911639053,0.9095096329747646
0.90385663729516,,0.3791951326487981,0.08143354104415461,,,0.04311189327653515,,,
1.0147391434663353,0.34796586486449604,,,,,,,,1.0427235459802988
0.9582693797965567,,0.08753604542090387,-0.6404965575325032,,-0.43212214925252784,0.7157389364909919,-0.45366131112778235,,
-0.023134914933361058,0.037884638159917654,1.2581825153440354,0.12913978189019973,-2.803432734519844,2.5008535258606,-0.5830835901448694,-1.6558606519404993,1.0866719262186537,0.8648748355303376
-0.32431616817787906,-1.2162907737229522,0.2621872881254964,-0.3977295091728007,0.04598499806040644,0.07101560398016218,-1.9117160487596248,-0.5659509515829962,-0.46006281924363845,-0.0871249673253842
0.024410125160257253,-1.6412924459292941,-0.6197112906909459,-0.2675886253491577,-0.24472322592225476,1.043961103282474,0.7074223579838261,2.7760047483554056,-1.0705603419680547,0.91880271617381
0.33978199160442524,-0.31799777393734185,0.35162108307269396,1.1805067884088412,-0.28864526399452584,1.030224534097197,0.3006725428404481,0.07953187472305791,2.366582649483702,-0.8979591887055596
0.7011909695470103,1.1141296329545736,0.46024126407284005,-0.27493752846673125,0.2495049797228828,-1.3600720729913887,-0.867206494585543,0.8603794216289332,-0.5573325275820479,-1.0834936408404623
0.38274873447220414,-0.483946264343464,0.5036531073755897,1.8891840178667685,-0.11372301125495159,-0.42597897597838996,-1.0370523471687754,-0.7894763586921323,-0.40831909411582584,-1.4850494061598412
0.9709348792632632,,,0.4188618009245984,,,0.8764143510104861,,,-1.1991163833483485
1.2664318728866142,,,0.4589521748845804,,,,,1.3740493432158785,
0.10962181466218902,0.9781459322347463,0.09234845052504438,-0.8488189110988725,0.57996952903534,-0.4981946408416319,-0.33601665506695466,-2.046400776488814,0.9942621116326651,0.6449966967813353
0.6741352796794592,-0.919509221996964,-1.1111584706839281,0.49012534670280716,0.1904527213382308,1.930765364226683,0.6345214052549598,-0.885904736537367,-0.9620096963176814,0.28534661474800066
0.6831133364044817,1.1293415255780037,0.3852154377782138,-0.6243899882341764,-0.43079781604670614,-1.2137633934271959,1.2140126709805752,0.056755166990717656,-3.1067722271171974,0.5848774504733175
-0.038444856571439014,-0.5262310045881352,0.2562416074387176,0.2437564946906262,0.6974453979936688,0.41445469954813396,0.32229088650871573,-0.39316526779464545,0.9534117556377467,-2.0204074646687262
0.27349218371566325,-1.1342623392043636,-0.2406216085886317,0.5643238909281895,-0.35599626330775797,-0.2208996665854375,0.8222000719986292,-1.2700484090228294,0.7517569751538988,-0.2045191883859046
1.3600712115064653,-0.801087555584323,,,-1.822956551541474,0.30113399390025614,0.6317827648379587,-0.516109997905002,,
-1.1882270982031558,-0.6079091795657088,-0.8377785764881525,0.3213653833384092,0.7443314006542865,-1.2197234777072898,-0.5293898030682739,-0.34055058831468693,0.4178888213081542,-1.2227251766110547
-1.3181455781590512,-0.024733750469644784,0.24734612708933312,0.8359857516871899,2.4545753746420105,-0.6354298043770986,-0.78234066632774,0.45228706363694476,0.16186935014151543,1.0285782234191867
-0.39500020612533576,-0.8306905360411542,0.7787437440298883,0.07002445119724895,1.0626157603057695,0.04786171968598355,0.1459224308956785,-1.6362388316070002,-0.7652983548309583,0.8337073854495997
2.1152208653714206,,,-0.16693023216852537,0.46392352722678154,,,0.04076335621777692,0.2536059582771356,
0.4282871353106025,0.5013691244843625,-0.8199837080795284,-0.8523943391200369,-0.03622345840346926,0.18901947660194504,-0.6096722309611144,1.4093985736771295,2.7663590592618976,3.5074210584015266
-0.4002805195706461,-0.48193527129061164,-0.7930832645173325,0.8983053149815023,-0.8451220899219287,0.5987713878738214,0.581762095438153,1.1775071324407484,0.9109315364548684,0.3699948335674965
-0.3002544196744069,0.8808841033050693,1.5278998668963477,0.2409271250630228,0.3179255855262961,-1.359353108041512,-0.714635841117434,-0.6677261020940658,-0.49242791235824707,1.7027279355823477
-0.4068473196207233,0.237408063076492,-0.060360042652588215,0.6254199634028907,-0.4996882807124145,-1.44632559605273,1.068876258068725,0.3532135574747138,0.9857112733453866,1.1271779435322484
-0.7842606007345293,0.28263672705410037,-0.7374182912582828,-2.247456703294419,-0.543282974455876,-0.7201018943319872,0.7658345160999741,-0.2181182498516219,0.6603174663535668,0.6375525117558654
-1.175039426113243,-1.053268265800642,0.44247595901976733,-1.2803904241374193,-0.7545509154394513,1.1074219158053509,-0.14987338708078213,-1.9883936189782685,-1.4165411815648055,1.2130519825121355
0.6582759792154431,-0.5331753185331028,0.22400168233738263,0.9184434481809158,-0.914309803392969,0.47160581554169323,-0.8617088891979506,0.4393090964887603,1.0738572121726124,1.2071321485421875
-0.1991395780476072,0.7367053433813224,0.48272835973172684,-0.5533302212713525,-1.2933839005694976,1.2916606275119489,-0.021520671628069362,-0.22959397315116473,0.5280203003790402,2.1255220111721203
-2.068751998117437,1.901502707216435,-0.12523588811258393,0.10522295086961295,-0.9748845932254894,-1.5788866353223163,0.46126201252949345,-0.3457219447830206,-0.5941993361967095,-0.8733317764491763
-1.8321936757646478,-0.14395371351506583,0.13013284274549397,0.7015080692120899,0.22844376515331297,0.037305302129259525,-1.0921858116140926,0.9236129928965731,-0.3562164078954355,0.19800077672183883
-0.7293807667590159,0.8756125394019935,1.2145466550565387,-0.5869525011731694,1.6077427980432217,0.997684755811936,2.055674423090357,1.356265053086506,0.031070007884357296,-1.212493199133656
0.4520576816314146,-1.5895741574563556,1.0327734410079368,0.26694311148930794,-0.5259901226481811,-0.2065837952060576,1.3558506774761443,0.4397194689325701,-0.017598959264230756,-0.3447575754128015
0.1913035830655222,0.8432408024431498,0.541088660223941,-0.9948425687039217,0.541159837945517,-0.877320233113453,0.08007290105790321,-1.9412989026294414,-0.29844072457557735,-0.5766100006403763
-1.1195725468417996,-0.3279071332372872,0.9600376078755831,-0.6846673654291949,-1.3827867404142242,1.586570149798103,-0.3467555983062222,1.2999722312412092,-0.959252258830115,1.097722126750178
0.8862619935941839,,,,-0.08538719925602087,-0.17032994229416573,0.7903869312687571,1.7569261465019042,2.9866464909618418,
-0.7046538668354637,-0.06586612048660023,-0.6863855505155549,0.00706435410034161,0.01852435264246075,0.3380654536434152,0.4340478347683404,0.3641704977096586,-1.374686364587894,-0.7069314524886362
-0.9874119494101867,0.6957426199362474,-1.8861161278275653,1.3210508525462223,0.6700300507205892,0.2684506426874254,-1.055041640156813,-0.006353690867679175,-1.464355620344358,0.9060864524976234
0.056626401206482935,1.6218992981094038,1.5321005407955204,0.29056854681741395,0.8737851814142296,1.6969618150902044,-1.4465344828050368,-0.21620827777871687,-0.07426713178552531,0.8451234792262224
0.29034868650390905,0.22111068601068018,-1.3102382420574443,-0.6873550122199432,0.6814712168176355,0.014504972237760134,-0.34399888854078575,-0.20685133154095695,0.9527793918388384,0.5158077128190582
-0.5730740056177974,1.99265372543681,0.05260161359936246,-0.6604759517881424,-0.7194261157451489,0.5690607140048062,1.0021392271358258,1.3556115559444746,0.8770245637753438,0.4466742044437695
-0.9981627196690749,0.9988391985582816,0.3205939600933467,0.8359499797405573,0.28695645486658833,-0.11317008942774406,-0.04141917128092032,0.34705423468191415,-0.08956077039852706,-1.4119775426747052
2.0187310166459422,,,-0.4678746459583769,-1.0983612478201212,,-0.1594083112807736,,,
1.0436216770843474,,,-1.4658509487108489,,,,-0.02322999252070391,,-2.330748424362945
0.7539959221478872,1.1396153804178322,0.30093582748954945,-1.4802555225780052,-0.4266525426797319,0.2261065357672952,-1.0254179296738106,0.5920482959925429,0.9132459696040205,-0.7286842642776521
1.2069894289643912,-0.5537970764406801,-0.178423295958324,-0.016357414815520707,,-0.21713533825299852,,-0.8524496088211672,,-1.3756057979309624
0.5687443524351852,-0.40202838683037184,-2.318390167858717,0.43404863791572595,0.6000275601261459,1.0271472181587769,-0.4854145620125741,0.12728337672453038,0.7956652964790968,-0.18474690790965528
-0.5354122344212546,0.180999935083418,1.5809575167635785,-0.5367391253878886,-0.20830413224288424,-1.0017735322059118,0.1332622356058986,1.0354627784329944,-1.5842229948086253,-0.2671984839402592
1.014061775061815,,-0.635108249072934,-0.5776905520106621,,,,,,
0.4308103357908271,-1.5691255941926763,0.04333025611897161,0.4555896205107824,-3.213680176513274,-0.5428366958719244,-0.014091494486969301,0.49940389462464724,1.3366341529883654,2.2648790351570387
0.1800170429746089,0.656263981383884,-0.17907875408564708,0.769364764079537,-0.10278103948289449,2.0079885454659476,1.4834619172246244,0.18694651663697257,-0.32888372409544986,0.2140105099338878
-0.40794356344966215,0.22253087410749878,-1.1399927106717112,1.451203718162312,-0.5535576409512942,0.6809863072018663,-2.2420359882071965,-0.7949191205560145,1.8172211866315917,0.42578560127237086
1.6836397615043772,,-0.29261713835317316,,,,,1.7218964479763965,,-0.3974644221906734
-3.2075557927998664,-0.6429273903422253,-0.1681551819925057,-0.8126814872102418,-0.4839790631021329,0.8069369231848269,-1.2072416308859841,-0.986790986613648,-0.37632783614882903,-0.03075644892600019
1.9041710045579607,,,0.000982697508100973,0.5460164232241,0.9621985120576779,,-0.7599894277375351,,0.7990449496817392
-1.258887153684474,-1.5829090785808329,-1.745647420247311,-2.030632782680103,-0.696618010211082,0.7310073358125825,-0.5731079814058467,-0.23861312889943145,-0.39851889222390147,0.8880063617479657
0.6903211075068137,0.3485065956383837,1.5292277204013405,-0.2447791059912947,0.6022111538883339,-0.4075246404168385,-1.1200492911412148,0.5283783012813271,0.026145367905785172,-0.2014030070136432
0.2823593298738949,0.19345450832835506,-0.14558117785461597,-1.9393605280400876,-0.7813130408092613,-0.13442234999646677,0.23527150405555602,0.24014690283659024,-1.0044717542755364,-0.31320768988182673
-3.1485203795383874,0.3526919674982953,0.918696473779038,1.2794614731000433,-1.1355418114128821,-1.0768297312405406,1.0231389173420697,1.1939993425332907,-0.29575827529397314,0.15318565568304784
0.5784445756056337,-1.2902707932696136,0.5735168079472244,0.9895856346104008,-0.22557614924719763,1.7373918723942416,-0.3196232653607758,-1.6936718779892037,-0.0967555485118154,-1.357124665586125
0.45710230232394145,1.0747900836711852,-1.1563370791602412,0.7827137891788983,0.6194343874966569,-0.7346271074482175,-0.18615370569362155,0.13841706464009707,0.14285517064349057,-0.3802466276424744
-0.6717557591729334,-1.21746210168706,-0.9433444391795658,-0.5936993767683251,0.8377249362434468,-1.7754195415891123,-0.10557439362374028,1.4228339732392965,-2.3883181045758586,0.32015786495938436
-0.39528682283345046,0.017782572990696823,-0.08436818933173314,1.2331851521767208,-0.4388619255155736,-0.2810441684523327,-0.3936735452071416,0.4664939295989171,-0.33772053584780354,0.24819431558421523
0.8062254877913572,-0.1267538088151469,-0.8410537681215684,-2.3989838226811044,1.3188713956655933,0.653751507198192,-0.9643846532195727,-0.23768743289421537,1.9355775622263354,-0.8769072010209401
1.029742119862498,,,,,-0.2577890024762429,,,-0.5904791357235685,
-1.9878448857042366,0.2723128413551673,-0.617157838401039,0.05700350427723585,-1.6646485172639949,1.9162625543706509,0.18399291238255083,0.9973517765886789,-1.0817622841434242,-0.6491732672897851
0.07505746350892362,0.0009344030943527747,0.3665912607702775,-0.08151135020900085,-0.09732884320423164,0.09428572205379991,-0.12789055081889242,-0.3594291896839376,-0.5623639328878716,0.9120114472298838
-0.9191640397076289,-1.2492414790889004,-0.0048683110406277565,0.5159311604231159,3.503658223136757,-0.6660111491295541,0.10879253271943659,-0.3956638588228847,0.044974341761587454,0.60800784588286
-0.7963936285097207,0.3602180107138901,-0.817439405727811,-0.43572554249774675,0.822428778956494,-0.368315360455302,-0.14150950330813436,1.0630377227736656,2.1455724175728994,1.0491896306631006
0.02759480240307783,-0.8189141786445902,-0.7544908400221038,-1.0478862656661223,-0.6879817870497799,-0.03723778202547094,-0.22100760360037341,-0.25614812485389765,0.4497096459814504,0.49969839733679555
0.20755601720969769,0.5505316483771199,2.9013654310667576,0.5667283074637779,1.065159967133034,0.8061850072379833,-0.2945350715626379,0.9344474178805897,-0.6763621557207797,-1.1683689799975765
1.1035724626190926,,,,,,,,-0.24781727543790855,
-1.5212819429424789,-0.8533304588123541,0.01653930854340046,0.3820008016300644,1.0498421595765068,0.07010947279832222,2.370536153295225,0.5476825778368044,0.6868723181744839,-0.7026486195374084
1.0881285249666783,,1.5206692048602075,,,,0.7205567013734562,0.9541340684679308,0.07769118669123617,2.184485001208244
-0.12948745554392385,-0.0332580097173676,0.35582084288356763,-0.9956859355913155,0.019804406283784718,-0.5935974079508757,0.6118446921890166,-0.20564311410445577,-0.11244488477967357,-0.313163619292942
0.4062417715451194,1.374780083117063,-0.7901455172418191,0.04320496491750618,0.7947613312556657,0.4032447275789855,1.4872048499875141,-1.9701248900463106,-0.6157542641270263,-0.07936069008408973
0.5332246961509499,-0.21296031404492063,-0.29167950694850364,-0.1124117602088323,-0.30956282015841546,1.2926752344667218,0.3866163840597671,-0.1422050586295391,0.34091923936524104,-1.2620492629994824
-0.55352043714752,-0.5340320243895986,1.1353143784712292,1.4003827630119576,-0.647334051603555,1.2374185703601635,0.24388825816345572,-0.2119532126850792,-0.5075924242025569,-0.23837264956393273
-0.14551224201838425,-1.389599320820246,-0.21019960254035888,0.04301701639500979,-1.2515574372772151,-0.468128608800868,-0.4202722177477499,-1.3382371845126877,1.2086695621919152,0.016071655232304697
-1.6694218002955856,0.6241189204189772,-0.7030289011887849,-1.3306734224443497,-0.09328604716812088,1.7427938270715446,-0.024128210380431524,-0.619379529463305,0.696762511618908,-0.7852524813185465
1.5402112520200737,,,,,-1.0969999887298478,-0.3014476619288168,0.2097136596087611,,
1.3954847406507722,,,,-0.6705024890325033,-0.5498206320141534,0.25471375963406856,0.5004328560909952,-0.6254696406527321,0.26590968139361004
-2.0217871933492555,0.96118404580394,0.21385634050597171,-1.4572034844546013,1.1169130700861987,0.3556867825312843,0.2049248805707632,-0.8476025038925726,-1.1923964713295792,-0.8115211071160563
2.803061049821512,-0.3847124715658136,,,1.7770663323007856,,,-0.3935770403300252,,
0.8033435330450696,0.8137151294650187,0.8488098819765216,2.210956782871651,1.017145864464952,-1.4549392242271,-0.6692140476961742,1.7335104650608877,-0.4313464902524565,0.26564732317630874
-0.5502636392756525,-1.3065869740213252,0.3330299190255124,1.202627770821466,-0.2049511809710085,-2.194916903962228,-0.17177118661171814,-0.2416167743461251,-0.008480277877902889,-0.5641170284323619
-1.5518186524201074,-0.8000651805677585,-0.9607566646356808,0.802069393243749,0.033526947140032216,0.7463500915176846,-0.34283990502504924,-0.5640352545584948,-0.3623899376602109,-0.8129891861697749
0.5759972298778555,-1.8287651654000774,-0.30588310617883335,-0.38335273600647657,-0.27811815748255625,0.41676963172078485,-1.7489276653625563,0.3985562701997905,0.16715207899299198,0.4333995553796803
0.4859218263189254,-0.23521890499952836,0.14678866427507029,1.365023753334439,-1.749399618360164,1.4543003269048451,2.2133459946171876,0.8756059228538199,-0.21311432505696848,0.013641127421773256
1.0369646658905898,0.7928102979545878,,,1.4817981488939007,0.6636373898098425,,,,
-0.5067213825141902,-0.19422222381904766,0.6126801076363703,0.0975779708528565,0.18248662206509134,-0.20051607996903154,-1.8135410756980979,1.3002079389564334,-0.8086034311919534,0.8971950949854405
0.02851571323800588,0.45395516638478756,-0.20102260342179068,-0.3684029385279468,-0.9620130478609449,1.315080290478662,0.7629860423476482,0.48077517642264456,0.7755429608872331,0.4425180601349821
-1.1246521094136321,0.6144427622779748,-0.4034751762742826,0.5337742064957912,-0.6240651126369064,-2.062473543841469,-0.44409454653220226,-0.46558844051666204,1.4164550719994087,0.7672031620014157
3.0007670411945666,0.10620602923170883,-0.08924060947928111,,0.02900857873559611,0.1388596063873827,,-0.17948780268597966,,0.045206774643103735
1.7441961886073618,,,,1.3555820229603828,-0.2113363673697908,,-0.17190671976268743,,-0.009354254396575183
-0.5561147143091835,0.34519501103122757,-0.4121495751964139,2.143023674386449,0.41318017630503884,2.1463822557292134,0.308644722746803,0.31181237786841864,0.34411775837354935,0.3405808104361847
0.7380354504394029,0.5742019317643887,-0.6728530938903009,0.12223404850660279,-0.1967157504548922,-0.4110836273974162,-1.4948747850302986,-1.2732034692636673,-0.27695600149089733,-0.2415008335560285
1.4912416931090748,-0.510277798282789,-1.434595974845585,,-0.04774307434032034,,,-0.12780042400816466,2.0147690517291563,-0.4709088118309061
-1.1588564602806515,-0.37639774803288345,-1.1204601360341007,-0.3654949179106237,-0.2216925585256267,1.6496216230117573,-0.9805887019321877,2.0655143062784806,0.3786022484573553,1.9626509236330902
0.9106364726860384,,,-0.11968354951295833,,1.626933144302243,,,,
-0.22836943044515326,0.0854216114553218,0.2836497189724754,1.541643330135834,0.5603516033484588,-2.113793210037078,-1.1102264928431904,-0.3346734574279658,0.6950112392998075,0.3482822781600332
-1.0395645479334013,0.6512542964827494,0.6085262844443616,1.0966748835987445,-0.4756149788939359,0.721676782464764,0.2743907887523638,-1.5226158054662287,0.8446248416807622,0.07142244774582776
0.640605754467153,-2.200768443626553,-0.1448536307811315,-0.6198177597326631,1.1922733265004986,-0.25780704143432276,0.054872321739175216,-0.20009938141878933,0.3919236954445247,0.03538534955338241
-0.5364461946411277,0.5062659520588672,-0.005060168490686455,-0.4274066738394669,-0.38986368722867604,0.8394998618940581,0.35389295467981025,-1.3330595621207235,-0.033379749285484296,1.5437092185292036
-0.6438356935841105,0.14628080583471356,-0.9404726246261625,-0.3853090803141163,-0.18005193986335571,0.6139193471013648,-0.5222419715687261,1.5368603170751935,-0.9965759151673645,0.30880949755031123
-1.4885902416056427,0.13891685044770277,1.0879337144511971,0.339332374977425,-1.2043799690474981,2.031846688684894,1.049023608062872,-0.328702586392892,0.11148308860055926,0.17396155895969842
-1.544928126907798,-0.7266746560369717,0.02229098329478583,1.392925718858177,-0.6601521049815994,-0.20062389332892144,0.9263015579145554,0.6712021509410055,1.414586285626059,0.7395769360638673
0.33178169153924025,0.33956951093403237,1.3113103355282911,-0.6231998001784854,0.7654647618673163,-0.4321669842382464,-0.35991229623815274,0.23094160071949352,0.01121616332844966,-0.5625045097663637
-0.15297373197038597,-0.0470026584013302,0.5552992599798177,0.01904304018123489,0.4196037810346188,0.3676528047261247,-0.5701783405948161,0.36250913465310075,-2.4669256568642197,1.931118760217581
2.1727030708762523,0.20320835714830487,,0.4952231480076945,-1.312692367093671,1.369370193772828,,-0.6973304061800085,-1.1846251613465113,-2.392764884902901
0.45376333806021846,-1.570492939989282,-0.3985563235163711,-0.03667493317279907,-0.5298106954491941,-1.3718302726538127,0.045114619345571906,0.0242341061809832,-0.13404720096545106,1.715773468142716
1.8973739126508626,-0.17386201119442088,,,,0.38699366227327986,,1.0921705990980144,-0.05309964973840762,
-0.9994452531256002,-0.011873656699806152,-0.3892141752135995,-1.5981807799195185,-0.23001035641762968,-0.012954902414859241,0.4710415146263971,-0.5265784885407482,-0.11102836774241234,-0.4590432234348394
-0.4728627196699851,-0.37957566699683254,0.2559107316175695,-0.35100703748765144,-0.32623955567203267,0.9860261482967665,0.035680133004779936,0.8682352118613895,-1.568899098909068,1.6264592733979746
0.3029220936599378,-0.13565209063776362,0.7474508035359557,1.5994795716814934,-0.8613151164779101,-1.9773469110087487,0.21825397003600974,-1.576745210465999,-1.0157744210396644,2.0561458610031447
-1.1082622846939736,-1.3302372218821987,0.7022880793623484,0.7496037947228262,1.3776794443198959,-1.467216708960159,-0.3262074909701379,0.6586051619655106,-0.44463193041407423,1.3654775278445808
-0.4680758953160522,-0.3113910560555334,-0.35004759375219674,1.1598415663123591,0.3814853410558702,-0.37736391539269104,-0.8101139146287837,0.11962702496062463,0.3749449500843478,0.2360907229538035
0.0086089894411625,0.2939300679319959,-0.6367186921235357,0.17188606232541617,-0.14816801669708907,-1.0461760893037662,0.03805129244370553,0.025625921623273644,-1.2853268059761223,0.9186097357473939
-0.45331662163880565,0.04207591639467083,-0.7523765663720585,-0.1685501011670522,2.1467722065711787,0.4776644888339108,-0.24800664058105965,-1.1865459824092333,-0.3674008468400409,-0.4807214179596384
0.3936678791220846,-0.6669929326068522,0.7428411360975489,-0.2220290746298348,-1.4343889352449326,1.0603667407224626,-0.3872294075421164,-0.7925906341575326,-0.056487067381519915,0.38644556997600543
-0.5274058552207546,0.6362384844894315,-0.9224823303650219,1.1537431341455266,-1.6067011248024927,-0.5449306537164328,1.0546216944960287,-0.5663722474522251,-0.4008060010188809,-1.5504205221364231
0.9459452905068697,,,0.34487124164744765,,,,,-0.3247470468801747,1.7021215770433777
-1.3954446937223288,0.6136151726350263,0.6486210958227607,-1.3289736566570742,-1.8788896544117424,1.447318452352367,-0.919169971984616,1.200360214402525,-0.7316932971348442,1.0413212502388578
-0.16926030807795794,0.8703396298464463,0.7104764961721584,1.4605845290978279,1.3981959623372662,0.7001071260323499,-0.3043260908442021,-1.7747772054423336,-0.17276176245942557,-0.2669363787600697
1.5241029536192332,1.3475879263539168,0.12292992778316396,,,,,-0.7480677151362837,0.7391008238765236,
-1.7703506219315182,1.2106428158287377,-0.06928237149249665,1.4044340029094884,1.2551243632448974,0.323332847478725,-1.454036651961387,0.4330400369519477,-0.3741612974044804,2.3029249678440173
0.5817521182786392,1.5034690560346926,0.2823069854724062,1.4306387227884358,0.6791144387238376,-0.30273761251088616,1.2001710333234417,-1.5400747225034468,1.5111587611974393,1.5890287374172742
0.5881365996964368,-0.493041392179426,-1.094224118192388,0.8737094560362147,0.6365915999665951,-1.930387623408492,-0.3933857465958257,-1.5928399356937635,-0.05716493849934831,-0.5437548480556027
0.04439261531704067,-1.0714787638291738,1.364470190773592,-1.680918200206455,0.9371796988031624,1.1189616717665802,-1.2832179173280769,-0.4459291855185576,0.06273774397779709,-1.7888294772889894
-0.21832440888324797,-1.4677877709183824,-0.1988667249075859,-0.6240339834739812,0.19247646904603366,-0.3946146566194054,0.3279959854704579,-0.719790596122998,-3.387220767225011,-0.2982717304100265
-1.463789852258252,0.9400305312222564,-1.2473774325673155,1.037146805267262,0.5663364879160699,0.14270756303966944,1.201227764764384,-2.497920130398502,-0.13156028872753728,-0.0536412230059933
-0.4431713896217838,0.004891750584757717,-0.23038482824836953,-1.396496707417024,0.4832406884145838,-0.5316167926120591,0.2740483916016367,0.04126953513173219,0.9541023014063299,1.7827963766767272
-1.752041718090208,1.106445179615128,0.672231292414612,0.3557309704702705,0.96378415181639,1.7511171951894822,-0.5950616047722548,3.322979937866601,-1.2790433720755554,-0.31612671350407634
0.6327955084519352,-0.5008263213550538,-0.09509984335675087,0.5595723615236448,0.23239733836850093,1.741952517945049,1.3857904767336051,-0.5028306926723093,0.3267786848979605,0.9584211300392675
-2.0717554519052883,0.22277635178898575,-0.3792129261145255,-0.042732655427174214,1.8975849920081618,0.8628582707396525,0.4659968139285983,-0.7069173366657999,1.186201710324922,-1.097292321587135
-0.12228970829910041,0.4237420279513628,0.28090578182818293,-0.3671913769873799,-0.6925028616746156,1.8004987817178844,-1.2341736033150177,0.9571888376645358,-0.24893068856356787,-0.9205590271990355
-0.29237382029614045,-0.22484450827822045,-1.1388924234153923,1.437596307357571,0.2939741071841793,-1.0165389521970247,-0.7463550493305265,-1.8292727464083645,0.3124313827976947,-0.37591378132889164
-1.5191143697670069,-0.9794271443862007,-0.6349560337441816,-0.8690771212818215,2.5466387667543025,0.9869246661024168,-1.2840234067073315,0.6103649498092367,-0.18427648288730308,0.17978862884237923
-0.37773007278893117,0.6419530890609493,1.342194854639346,0.1323962600115991,-0.9453499721641386,0.047982869414092744,0.8020477712325448,0.9153675599928999,-0.27618589187438214,-1.4409689394588532
1.1459633982611432,-0.17197018619457316,,,,,,,,
0.20444672647696327,-1.554743699650574,1.6963237039851173,1.0447963524600994,1.6444288863477499,-0.36722834690868994,0.3174104596404543,-0.07845260125761944,-0.3158639811194391,-1.0075994034593716
-0.2944977837338607,-0.792752949172938,0.490174152914509,-0.5685718917067067,1.2797344085381228,-0.8301067500147854,-0.26154297251321845,0.373065658301946,-0.06180500634985705,-0.5858607268303783
0.7797185641895903,-0.3331132290351767,1.094838358509184,-0.0882530351312453,0.6107654147666127,0.4373860486115978,-1.6598247251661968,1.85040677080995,-1.5497854299985838,1.0567547986141392
-0.4002153909535714,-0.03219642706609088,-0.6276168678859559,0.9721362283923694,-0.7535099163491495,-1.1216876532175024,1.350654888098174,1.3783769539121626,-0.10402357340147997,-1.1895630246125533
-0.46114694596104927,-0.4200822338586063,0.98189084648907,1.6074705978483723,0.5744470796444839,-0.17920156162108042,-1.102623869846562,0.5535044977865108,0.7117058387249333,-1.3711238968213337
-0.1668592489492262,0.7259160686924827,-0.35017981649993307,0.04537510724908342,0.9262544529232086,0.051936408449933004,-2.2819341750431033,1.1576409768819937,0.4561204622724886,-1.5675693098238974
0.9187571338857292,-0.861255539193126,,-1.3528364813384535,,0.2466307047008412,,,1.5529895746430515,1.9414599962282177
-0.29330972015095697,1.0298789627130462,-1.561936258334245,1.3407113297850628,1.0261620923411288,1.6815475015400447,-0.5117874112271377,-0.5181251852100891,1.1778894984429156,0.3472999707279165
0.02408572186126099,0.8267722494307975,0.6937287045488395,0.055897356044681656,0.9759204200685435,0.4870825835457719,0.003521711861717642,-1.4258020635882733,-0.40695342354463493,0.2931173791466842
-1.45509604456844,-1.3085496017315659,-1.422400294725426,-0.06505821132435606,-0.07935199172859031,-1.3231522441155836,-0.991782625800615,1.1811203937039187,0.5771801557753562,0.5470429458157987
-1.3199045714026865,0.47185989437498704,-0.441062013986275,-1.481458379717076,-1.2702012701180474,1.0219723365675557,-1.730159283763355,2.5823576427838937,-1.9190339453821368,1.053660024222771
0.2793657240107066,0.7542542928015941,0.649886269996502,1.031854450098576,-0.07689096258760846,0.3489257553367583,0.3278883242100037,0.5555638734690195,0.1623397712605418,1.0866828091549292
-1.2411459303824037,0.6643099417604943,-0.4691907510429263,0.06205477297899628,2.2535195571591635,1.305400616752065,-1.6604491592657566,-0.41559731268883443,-0.7231114647455988,0.6572620972812048
1.1980059032926946,,,,-0.6046035283230864,,0.785483295453319,0.502086060793684,-0.5251056869545395,
-2.209188419161083,-2.145876204466276,-0.46446917108138275,0.32937398812346697,-1.0604516951571277,2.4217232080678417,0.1563809051744379,-0.16291781585616502,1.002752145000026,-1.545903988392946
1.4351767209903692,,,0.12537626638427987,,,,,,0.36409235736331974
0.01942677054077161,-0.40040054973574696,-0.20107489069345072,0.04349337134176478,0.8227858931252855,0.1642723701559078,-0.6345461444575484,0.7467455928186073,-0.4704910294352911,1.4567175078167445
0.5318294050506088,1.39074703126027,-0.016786683295812795,0.6535736606237974,-0.0369625114807241,-0.5916585803388014,0.7050306421066542,-0.5749642423282059,-0.5886919450796395,-1.7134314310006353
1.3411578179038606,-0.3705749515511303,,,,,,0.6101226055128095,-0.6300218130812026,0.9894065138927888
0.10077919825181936,-2.0722793953793976,0.6085680649104371,0.012602037289276473,0.08611297969893043,0.6842425197886451,-0.8234523178902047,1.2735273853182643,-0.37785136499365507,1.6613246173050593
-1.1918880433865897,-1.034020240211865,0.1882756476668572,0.3694539273677011,-0.07922770448134132,0.15055680231996627,0.930726140012006,-0.27852629575768445,-1.077071894853205,1.3888941937275594
1.160973997578693,,,,0.5167209787180034,,,-0.16512567640684103,,
-0.291379089697376,2.7561429134700948,-1.0354025362393582,0.0066533769052821564,-0.7924323397231109,0.28004254707498855,-1.8303020170075126,-1.1696716377035286,-0.9876926378225128,-1.216040807293643
-0.8677284490449952,-6.48830591751117e-05,1.38288886551079,-0.24066943462776,-0.8005235767729068,0.47915286582015465,0.9966197278454724,-1.200094823853642,-0.8330091498577743,-0.7367870265837431
-0.3043459735256901,-0.21698786206749848,0.12970997411347335,-0.3658064623773004,0.5482333965234423,-0.32445552082758616,-1.5994955211167736,0.5395606263437936,-0.8751451590916313,-0.4716095012436393
0.7602845123869545,0.37451942017285966,-0.5556935915114974,1.1492260045310403,1.0784901601793742,-1.3304447215162767,-2.904907581277391,-0.045282920643346915,-0.1956154074530184,0.8434745333605801
1.4059357873319842,1.5534587910432887,2.0096945011727767,,1.4617684914111964,,,,,
-0.42116705396185183,-0.10188024309771512,0.15924213631574194,-0.027998401692839667,-1.1076611054478434,0.12574717688443623,1.4784342569272702,-0.19001521200088203,-1.3496145253086829,1.741052073147282
0.07503500216473914,-0.25808422208457066,1.5993141978746683,-0.8203603774180083,0.30331180476542924,-1.74188348826316,-0.7404198390063125,-1.467943166265756,-0.1729643654437135,0.5179075586874236
-0.1837833942513183,0.5453707999265407,-0.006785223066176753,-1.0190014132329983,0.9468387433052243,0.6486978994209788,0.6721829877103954,-0.6235710782098359,-1.6031094119205023,0.03409844668226591
0.9338101554251962,,,,,-1.9255593668751385,0.7349849615016186,0.1431186857326469,,0.11931955085424056
-1.4546525268282338,-0.7296723040658557,-0.3417374207801868,0.500070983055568,-0.49335575661707304,0.4602059308793545,-0.8126749263700016,1.4829842001906786,0.12946752046097304,0.3859010111082663
0.4902383570087349,-2.512263602798953,0.361041143214754,-0.10936663862900477,-0.3258831386785589,0.35494399892174455,-0.47936870218160055,1.2937798900824444,1.7914126625149156,0.1538131293929958
0.7648281264691785,-0.36325021349339875,-1.1296638923451574,0.38905203368621594,-1.0994078283113256,-0.6986040857921966,-0.026837624574060165,-0.124371155199111,-0.05474222651017476,1.0896477789058583
0.9830201524942661,,0.18064206812300876,,-0.3253524861404486,,,1.1171261317608305,0.3417911337965105,
0.7046301105161268,-0.07452265102539038,-0.17459773291962755,0.6997287021083199,0.45427491555780475,-0.661146396426694,-1.4254096224172093,0.17208074080933064,-0.34087550498159963,-0.4429047264924933
-0.5267886592818679,-0.1124634031701862,0.03717276226002107,-0.5557779581670027,-0.8286484916182992,-1.7236211136731354,0.031173004251904966,0.7353961957283845,0.13178818740953666,-1.4384224887363302
-0.861130451821964,-1.0553477644102693,-0.9073586015007935,-0.741318180658532,-0.6618895311168053,2.2818051728909037,-0.5636790109393437,-1.9741344354347374,1.001287547228961,0.11081321597906435
0.8414511095901451,-0.08692432761104726,1.3281074113515914,0.15555530176151658,0.9536040368186298,0.9175362157294839,-0.37784561484501283,0.19220775257995515,1.1610613185892058,0.49175735742110077
1.0098406413946082,2.4188100594086817,,,,-1.0583739148380134,-0.7174284257161618,0.3412963169345203,,
-0.19493561441512355,-0.5806613992377084,-0.299750659299501,-1.4787119915531224,1.3680263190644417,-0.25055136390084154,-0.6004220964889859,-0.2553731118292057,-0.8850570358593699,1.1115521128133838
-1.4294620871065855,0.09530969780070932,1.6095539720441576,-0.7833119886271322,-2.127303008223199,-0.1381311911916161,-0.199576611647163,-0.14215868640997997,-0.6409809214972979,0.2452563182815613
0.8297815766168993,-0.5916986788826925,0.20509921724709135,-0.7263972615513439,2.096952539706268,1.0465003122119576,1.9090634348007824,0.8794625585766902,-1.296524083750901,-0.745509404018261
0.6726257182037158,-0.3222958971543953,0.6732811111654291,-0.19547359591184313,0.8034417578834466,1.9622324300053,-1.3278023557806637,-1.6167177442515406,-0.275729339663452,-0.05785790673479957
-0.5317922722111693,0.3816826052022664,-0.33893420588248147,-0.8051950720984726,0.26627740720149434,0.7877825706991397,0.21216877769792095,1.901600019231256,-0.33811805248758425,-0.8977920676900832
0.2654007948768002,-1.7659835874922238,1.9767136676940067,1.6686470272186174,1.3283682607925604,-2.3101857539194466,-0.41973944229678745,-0.035176534693717704,0.08583713485194068,0.6762193239221873
1.0607612639564126,,,-0.13954708176225983,,,-1.1943383963348377,-0.16912681644016386,,
1.064346821753901,,0.9943745324919683,,1.875001124184378,,-0.7310599287615087,,,
1.256806171091805,0.043681865293507295,,0.3057275470453239,-1.1581856750532822,0.9055504956037551,,-0.4347314043225689,1.3123291022570616,1.3164371168919657
0.42775541224664787,-0.7356690035326165,-1.082695252670247,0.49166385208180463,0.2759083487643638,-0.32784873033061734,0.5309947749335608,0.14660964385724407,-0.5245512616849654,-1.061111338181396
-0.04555187944955469,-0.3522898196901256,-0.3370355849630577,-0.0840699533347759,0.007730060017622795,-0.5347556194916976,0.6338101944016502,-0.32586199268579075,0.32714051349237755,-0.8651502232288479
-0.49486139735480117,0.5360759332645098,-1.3472222960943383,1.2782072866346206,0.5756181563430078,0.04166299404207695,0.5168377259205454,-1.204807029700109,0.3585364000422645,-1.6963096247436447
0.9251183826836625,,,,,0.08355217170163305,0.05203435498272031,,,
-0.7123035366887522,1.0648431587390335,-0.3872093671434216,-0.6332961279633914,1.8090973608868055,-1.0502423146516668,0.9226853710816575,-1.0223244866771148,-1.0512396889312643,0.8612262025232176
0.6450226614528809,-0.8310290276771611,-2.06282603126939,-0.14198500151569776,-0.16892852235250316,1.927533119954587,-1.243939269880736,-0.24294309056285307,-0.11029798483294995,-0.0715087456375909
-0.6272477772108564,-0.5099883357913925,-0.17194693792354993,0.30274879308332103,0.8914398727019652,0.30703721451933225,-0.5543913020827173,1.1086988871888888,0.30195163434366157,0.2795824990770814
-0.8077083234155701,1.1793753920818864,0.07279998021086614,0.8749925180891884,-0.39344661932462416,-0.753414379792723,-1.5275416571958942,0.09851810794434607,-1.0007438564898006,-0.9991109115357796
0.8704560202887967,,,,,2.1156745957562517,0.11712667236009586,,0.7755206135436369,
-1.0095447338473615,0.23035765646868311,0.09149115027673574,-1.350266222216829,-0.3305881726069215,-1.0737486285794595,0.31573271967563876,-0.15984783453232906,1.0372041355316743,-1.2303184842922692
0.30172260300929743,-0.6283399486320372,0.7123885629201567,-2.2047518448423147,1.2061750374468292,0.8911073180887256,0.16441083599714826,1.592172816637068,-0.4966293678509924,1.3982420933563071
0.699282180304776,-0.19592313296860023,1.5955321074232918,0.3480564122726845,-0.28998828259058795,0.8346622496214615,-0.37440852718799233,-1.1037126296599495,0.36184808653336314,0.301221026865043
0.08016753844986887,-0.03370958403562049,-0.5033637342543543,-0.8048968840685673,1.0419419040283795,0.16489771011841803,0.08907574004995655,-1.3982683646789753,0.7855355570852394,-0.6780579474191032
-0.5106043953238882,0.5810851765459447,-0.7139156499101074,-0.003762546920178548,0.11577333487863832,0.20371103540558333,0.14797548841960026,0.3145953246473126,0.9385792031395346,0.2739297642869795
1.5304106739834726,,,2.2687340447134674,,,-0.3278658761546965,1.6467799786058273,,
-0.25623307295180037,-0.8363168661553511,-0.9594204735663193,-0.29887405118264343,1.0401262697296754,-0.1444303202710763,0.4006970977137999,-1.9777348603174534,-0.36474806322223136,-0.6392196348896594
0.2459465229255895,1.6954005328680553,1.0085315130476267,-0.4642888764744658,-1.3101647240004026,0.4261232452969289,0.1536194982362664,0.21234245959126138,-0.531890629095723,0.729910947947908
-0.22916250946996206,-1.2696143229762547,1.3327694875088947,0.3014999916973921,1.2086813543216623,0.817993808245142,0.7822297985933411,2.2856187624529776,0.7884554836857698,-1.3055468842448725
-0.9933388934918091,-0.28326189520185646,-1.4491464347726595,-1.2259627277808414,1.3072210515372515,0.8405986494230084,0.8162579079343133,-0.653171340494216,-0.8957511159926302,-0.2901198828716509
0.9927321513152009,-0.168541738331573,,,-0.31309166584116194,,1.820931855236883,0.5134168676851399,-0.910378873478204,-0.7656972081330919
1.0562354367566813,-0.2021766724707341,,,,,,,,
-1.4393974731742094,-0.16005796218077212,0.36917465607971195,1.0343201340007466,1.7731814841220632,-1.0125616176798042,0.25667943856721187,-0.5069331580456775,-1.3046460522450054,1.1881718993737629
1.020318597418299,,0.5257635488450799,,0.34978969376281227,,,,,
1.279402282671408,,0.14995806314255022,-0.22605460918029519,,0.3543199660331014,,,-0.9316087935539142,-0.3906563216771437
-0.8980462530683496,-1.1766764173219957,-0.7225248827108869,-0.10217555136948707,-0.2944787613387268,0.23126378692304309,1.0063909272341722,0.2733239078931111,-1.0985984292739954,1.0185255964765076
-0.11026850773292843,0.25034570529327904,0.3739138995414748,0.2238555575581653,1.7988608248461457,-0.13695083036272918,0.9841143324918123,0.02597443840058818,0.09283449949018241,-0.3088893496411358
-1.505986506223439,0.5976688902022051,0.7126284336368325,-2.7666889207675682,-0.03859905433258858,0.10415682911900336,-0.01308234832557898,0.44668103412140603,-0.3933241307866702,0.18399000767301654
1.7427802462213184,,0.5178176922969205,,,1.309193359628277,0.07129139916913979,,,
1.2617795218112555,,,-0.4805997856447949,,,,,,
-0.34906063048234415,0.3232711327506129,-1.5777218243352649,0.8450598135801078,-0.6675917462510275,1.9407299644826597,1.8576312372628223,1.4059946087219959,-0.7691011040619248,-1.050452592414179
-0.23755413444478335,0.8447086636488729,0.8184627965083241,-0.17373554508656555,-2.436893617401665,0.14845613540729666,-1.5501294390136395,0.27247556097418824,-0.017089146203418292,-1.024663064843213
1.780913577809562,0.08471336025547659,,1.0600822836584631,,,-1.4371335701821595,,,
-0.1485812306352374,-0.7895688340776177,0.9249147294621616,0.5062961354417369,-0.11286956775755087,2.5540598817696227,-1.1286180079844312,-1.2561292223106912,1.463688591861102,0.9121962483785933
1.1463413479188915,1.4481987012497788,,-0.8086363635580276,-0.13440003077061619,,,-0.69592261872658,1.794711992590822,
0.5114264922232298,0.06367068457448857,0.46725302825106707,-1.2350413027406173,0.5040409098525415,-1.6869393699994566,-0.3244961858494045,-0.11833219709489406,0.24090846553770648,1.2212085833376565
-0.8626728038195807,0.9245405750052772,1.4257462998238402,-0.7284550198399689,-1.6512794274280753,-0.3228875249816745,1.1664999683367856,1.2638558259838204,-0.7126281851055632,0.1600637093295343
0.7401349728630467,1.00928805435937,0.7445884418902741,1.426609967565807,0.801760629835378,-0.033742877556696554,0.2698324266644593,0.2355027906688111,0.6875774316830349,-1.4146640106010244
-0.584871618655696,0.3600484344876671,0.8833123033014888,0.9497472694281792,-2.354016516445481,1.2204491567900617,0.15120317025546928,-1.5033671051316584,-0.6686366882500824,-1.604227043257975
0.34780917377092085,-0.3783833600627133,-0.48833483634988795,2.2693027332084474,0.5767833450067918,1.0255787509688248,-0.22335349419443518,0.05074949048458141,-0.06476038690437293,0.9704202430669254
0.9589662122119292,,-0.8476154224733312,1.3797019857404718,0.13444194894474035,-1.7996766242529776,2.490487334339564,,0.10584227698664077,
0.8255843746445504,-1.3785123707105449,1.8109325603539956,-2.2279835463717332,0.8497009028650989,1.5317148756025196,0.2555943840526072,0.13668501696991045,0.3183878326466273,-1.7530159445626636
-0.5434048126689992,0.296344549864761,0.8746626685141653,0.8874710158759156,-1.0020078692147039,0.7836214659655814,0.7164051368511765,-2.0398132401430686,-1.5334069159850954,0.9411096631577791
0.009996638516920127,1.1427402365530281,1.964562093389109,1.287410853115777,-0.49062328778248704,-0.4103700380957305,-0.08877397742086425,0.593590983807173,1.2271357968976506,-1.697372528152183
0.14353651128693737,0.9454783480577905,1.2953855669090355,1.289020910958447,-1.6974838137871657,-1.7253809129679836,0.5036163880633305,1.7614243531703067,0.2861702108662378,-0.0046748882327377955
-1.1785008198751536,-0.6897176157825122,-0.9088443213256723,-0.24381898107318703,-0.6181633038841879,0.6102461088375297,1.2908367426034855,-0.2712056316155947,-0.5083240644111904,-0.5723281650378096
1.7804149411944101,-1.0990950978976348,,,,,0.08534981659631505,,,
-0.2660593107793172,-0.18265020003182764,1.4465838291109505,0.883632403525399,-0.05426994336159954,-1.2895952310225982,-1.1985337977543649,0.5037755924680308,2.268004873186688,-0.2273908762600001
-1.733701532490454,0.6787277114382354,1.1673636063671657,0.33029152747561547,-0.06108334134840323,-0.7654559876901742,-0.9138458884975291,0.4425845758083503,-0.9037581002915559,0.33695211356331195
-0.8090954431339327,0.9387664017033136,-0.40624412975678664,-0.11038580805942204,0.45121973240331686,1.1889924949479236,0.7680857907324521,0.09534307706672081,0.053329969404459075,-1.1120987982402142
-0.2523526541363696,1.441972116496374,0.12833599954293673,-0.7475509591770482,0.7646121095596801,0.1830409459805859,-1.9040712122122228,-0.8569862170962108,-1.199069185403218,-1.0350847357355752
-0.6506707441505042,0.6301383539908304,-0.9639049338339248,-1.3373562504208034,0.7375978167834368,-0.12485101738627231,0.8522483142249007,0.1300181151538646,3.72047441873335,-0.15735414976860207
-0.8398112471324902,0.2458887175733684,-0.32567084766299736,0.33286990415979817,-0.31736462410084154,1.2051211147940395,1.257355676645773,-0.5978640165271126,0.7112290465009197,0.8907253751243241
1.0449403513430906,-1.3818777499886017,0.4196493090554618,-1.0415564004569402,,,,,,
-0.4682761865763709,0.1797561812230177,0.21625261605050472,0.5736642734816098,-0.9539203201183593,-0.27601675971146056,0.017363706298413085,1.5827443968989106,-0.7812412658938819,0.27352176691611924
-0.49729159954952223,-1.021221775489058,0.4094802572250938,-0.5770177376571144,0.9967066006281619,-0.8049027214644128,-0.09397680073105225,0.2601167514331049,-0.007281197284980534,-1.4074944983122213
-1.3243240148842026,0.4884399933611143,1.2515319077224927,-1.2502353953182233,-2.355413334105804,0.41350331977141375,0.5712328732356837,0.8267157176697194,0.39474579330919474,0.6900126192886292
1.9504201526881255,,,1.8357699087402404,,,-0.5843103624376006,,,
-0.4562335562003826,-0.1622893806445624,-0.9903957033912175,-0.15749385404998636,1.0924319209184516,-0.6431076643363294,1.8877523169741812,-0.21680131381492615,0.11077858668371794,1.0088920549727731
0.8753012565422411,,2.563028255042918,0.869825816493952,,,,,2.22316214448686,
0.7506796815504048,-0.5648277540686757,-0.8595102417231962,-0.5070005500266785,1.7041732917338142,0.41631383593451626,-0.2557653158917651,-0.25723138519734867,-0.23613516532421888,0.14415806984641644
-0.8630568591662677,0.5126414210512481,1.0777631415967972,-0.09384149789266691,-1.3160640502577932,0.2579609986895594,-1.2345501072911857,-1.4432573499587384,0.7117735589305099,-2.360108016942653
0.1625986352928468,0.8667317376247432,2.1586504770815513,-1.6829895070280807,-0.3684857281057384,-0.8099524486491445,0.4959027017823515,-0.9896964543577791,2.2198457589041136,-0.9691580284826149
0.09820504161397747,0.6264841063284985,0.5425053848095227,-0.2357191591270713,-1.6704042388929794,-0.26267620231056116,-1.5655990449431392,-0.08586091116772127,0.3066709230993981,-0.519795874015152
-0.45065236015164234,-1.135569186822504,2.664228901930856,0.5593706897842351,-1.2226507729470077,-1.078497337936529,0.4577577056055092,-1.949567459374894,-0.8128370591499815,0.8592903226973898
0.9647845202787301,0.28604915384341734,,,,-0.683959088696449,1.6794074530138745,-0.10178287633068371,,
2.8051518644228803,,,,,1.1652959946249548,0.8975583702855746,,,
0.8213265148573164,1.9940423024664504,-0.6312508860531394,1.6658369077741713,0.13882163421265056,0.4293035367248326,-2.4547713691205035,-1.2038214443346626,-0.036735534748148786,1.1740577615935395
-0.5320130838868103,-0.7238385931463119,-0.4815822980310672,2.076603737314807,1.0330698381941092,-0.22934907973587307,0.016473400149267865,-2.1767486106073792,-0.9997401509579356,-0.989717496923693
-0.24170139535911084,1.2595071736176586,-0.31175588857074893,-1.1489969462532674,-0.39400396571614466,-0.30837887692936605,-0.18082456340333666,-0.0889935722824648,0.4902884290147461,-1.0128346388675173
1.4423611170218147,,,,,,,1.2149488435481646,1.0562734442652195,-1.957760451423852
0.552447891241228,0.16863174511709184,-1.0546666350906866,-0.730794766396392,-1.049895146824775,0.4937436748845739,1.0244173111038721,0.027646512735412583,-1.8490400992292608,-0.2006058048140231
-1.6010857814856259,2.2971186123796903,1.0462511481524146,0.9035554022388902,-1.505979275595547,0.9870492151212892,0.24705163597665078,-0.20697800879705097,0.43656400049342275,-2.2580146826353062
0.14613423888944388,-0.3353178516890872,-0.6597775968854741,-0.9189802494690762,-0.4744303484864293,-0.35228000597455283,0.45897247112548956,-0.3440441935591315,-2.919182022388359,-0.5773898628174643
-0.11693083364732355,-0.07464278062416596,1.782700328517076,-0.942624631243466,-1.460645344287754,0.883576433078165,0.1339477596540374,0.9303963387435938,-2.2838125026974754,-0.663255624843022
0.5374951153251655,-0.6591339520741729,1.350107456784227,-1.0751065470527323,1.870042883980067,-0.4154755193417345,0.4069333656837353,-0.9157869653456456,-0.379261444705238,1.7472630543492922
-0.6927985049590358,-0.04186018861229292,1.3581870757136192,-0.8595568010291813,0.8518490421656656,-0.31170401536706416,-1.6020817849733051,0.9146533637966018,2.484809897252411,1.2257301773202942
0.3364546596766462,-0.5673879431786241,0.2723915792987524,0.8554470134427485,-1.2428037689181781,-2.342994697382577,-1.5950709213285765,-0.751015076610952,-0.3663906748287197,-0.4805566380703832
-0.08298607764704853,-1.0131588511966134,0.16183538808172895,-0.36667184730790925,-0.5801222051862444,-0.025562482492455962,-0.6311550680250821,1.414787766982786,-0.507027656909558,-0.13089637309571658
1.5377141355211574,-0.7218210333090826,0.9481749503304352,,,,-1.1595298151556008,,,
-0.32341405189409594,-1.3753064171601421,0.2711557475942112,1.734103542126549,0.6865988333325352,-0.3239096338324857,-0.4200533695269449,0.31075833927796465,-0.9890656673242003,0.2840818178886897
1.084121360221047,0.4717660521774458,,,,,0.7877329027610437,0.7902220882467934,,
-0.17940501903663916,-0.6327794702122824,-0.5562717635504273,0.7672996012163175,0.6676545958400276,0.7172653577666895,0.6766961994345402,1.781981228548196,-0.2315784825981868,0.6776793772773775
-2.2956992548778823,-1.3817943217749176,0.6584821969613525,0.047677107854742884,-0.013710698315185631,-0.15388608315840757,-2.095691983819235,-0.9680827623352424,-0.042930181629770775,1.310308108271215
0.22707938570147787,-0.16814476512745277,-0.08080975514504128,-0.7269247911515017,1.4796264505925034,-0.258116370696574,1.6445835448982533,-0.3187779036553913,-0.08118438989395538,-0.11350483438495047
0.26682097205480865,-1.4092834788407738,0.023764997013766057,-0.6283435493765177,-0.07418023185932815,-0.38233286370871356,-1.7058365471966057,-0.37505901071445186,0.9064475084506769,-0.17931381855725875
-0.5557459352216216,-2.1075432545985673,-0.41232018740780224,0.3075287990202797,1.250659819299511,-3.118813954975274,1.297463949138124,0.6006708636493333,-0.15474964182157824,-0.7682745534631259
0.9140649480921772,,,,0.35011319923874873,1.4233643579707371,,1.703588426034792,1.5204561903316116,
1.4153639806483151,,,,,,0.19185992160580084,0.8910059239016328,,-0.35944496560446065
0.206833963935344,0.23241847388404563,0.00951017193926165,-1.6679589369520733,-0.7462117400688011,-0.25234825903612285,-1.163500443686738,-1.136993442962275,0.3976678424702951,-1.5763174414365995
-1.3459557210989017,-0.6804833753469808,1.4900200127353598,1.2044698430623941,-1.6957089112688737,-0.4916091084427839,0.8627024148481287,1.5375173081664626,-0.8758121992616041,0.38832348233792047
-0.9004303368829956,0.9712392774952342,-0.41610367429085243,-0.20495222962436738,-1.4498106282591803,0.8384620751339694,0.3892536436467526,0.2432530594234873,-0.44849633626556545,-0.5138859189664065
0.5601928803019376,-0.6164449649625493,0.8311812010785616,1.205001312716151,-0.4332911781444195,0.024736834341294055,-1.8595271392605968,-0.20842862910086035,-0.171736761861795,0.29780850466163344
0.7072510760548563,0.35178081567556907,1.0977411809981006,0.0272661040092232,-1.0250115063552796,1.2004730207656271,-1.1483574578092508,-0.9062732761862109,-0.0900691283298697,-1.1518966041308751
-0.3228848164863113,-1.56852223524346,-0.5551440196487674,-1.4883238600714244,0.5233995565349843,0.15081839077282638,-1.1687878426668106,-1.31955366058996,-0.5657116834177729,-0.324728258062084
0.7565678055753173,-1.4206088653298825,0.950431442507436,-0.4798334577173876,-0.5183335817701541,-1.2728411129809583,-0.34320812339489937,-1.2584419888727012,0.0401339490323153,1.082883720818524
2.1144111643506536,,,,1.7460031621558838,0.00759129975029357,-0.8835655485175123,-0.21309362684660643,,
0.45729420631072476,1.0027028799212603,-0.7262954966166143,0.48308498741655204,-0.12749260752777714,-1.8343349810351979,-1.194906087923322,0.3096972854478081,2.390768359798782,0.8992973773071312
0.6474696996165612,1.5072710655424386,-0.6026523924606652,0.5840679002913938,-1.153152098985632,-0.0011318253305123806,-0.6849614273781403,0.8911154098751842,-2.0409266040758336,-0.9906272211114289
1.4745900170796171,,,,0.30965925275546097,,0.25662021891450476,,,
-1.3907656201623446,0.23947371988519123,0.4699777734694784,0.2865307675692943,1.2536249758374163,1.3792859707876308,1.458287750937061,-1.136247295772528,0.8657357117761191,0.5929558488664415
0.9550429663701796,,,-0.7293878036649885,,0.08994242678841288,,-1.1338595925440558,,
-1.6896660219266804,0.7291392388429304,1.1384540234368996,-0.7340585517884103,0.03259231633949068,-0.796236128477571,1.3254851919264725,-1.7058380323533275,-2.0016175185036076,0.7834659925760027
0.5052568225878235,0.6264112287045328,0.2764333916004411,0.9904427246913962,0.04791221872097012,-0.3568788867343258,1.9533647247807713,0.41944855292483024,-0.3699262837429745,-0.11765070468180387
-1.0838061303641953,1.4404543897422435,-1.0130715629480145,0.01495713615195847,0.3991328049677933,-1.853066564353889,-0.30788290612644836,0.04357322195986865,-0.7029848547246845,-0.38883110857704634
0.6164756115376895,1.178208745526673,0.30586058145223416,-1.6069274219502758,-0.576140851319723,-0.6527893963123037,-1.2340654320517381,-1.4607440331047552,0.21543499055419096,-0.6202467768222764
0.6893343206906867,1.1257349546323183,-2.1845014409064256,1.891325683819354,0.5791621311699686,0.5692125910872297,0.5817514679131554,-0.15734510123174775,-1.3172935271698707,-0.1392536554484271
-2.855100159362345,1.7231583849502283,-0.7219327240973499,0.23881436278613016,-1.3742118899208435,1.2030985097308051,0.02616769257615643,1.140765897148964,1.1241524904250277,-1.6940361795145962
-0.23986469710456806,-0.4221444622756324,-0.9630971933172477,0.8081562141013462,-0.037808498844158975,0.23116667615694692,-0.19582739757831558,0.1398956295706629,-0.4660809921345131,1.1263264074074106
0.33012459564907115,-1.5101763275851305,0.24375070351337444,-0.16560307129277543,0.4898295350095527,-0.06211118664005279,0.21820277404088362,0.558101943864762,1.2329054096768284,0.04494993584709755
0.22535042034539698,1.726161219710689,0.5917075633979704,-3.8126363289814735,-1.099350544552991,-0.052936913758524655,0.6982955717678987,1.3281691492392484,-1.680076169769747,-0.7577259592562242
0.29353027938384035,-0.3566936400138037,0.01622413976624892,-0.25318898495860287,0.3857647296574333,1.6574287824609637,-0.2757759410815146,-0.3804835406325836,0.31456745010963094,0.09464898886924285
2.4446477031837435,,0.6096066732868628,-0.6071039403429406,,,0.2759458561223628,,0.036737409029050934,1.1500735175259107
0.6435909317454748,-0.12804702481485367,1.9589376933002705,-0.7557825090030693,1.596436768787569,-0.6792636757257554,0.5118225665767159,-0.7757041073739063,0.32431970724799347,1.2690424564445912
-0.48003943514515185,1.4852481503355883,-0.13133538832814187,-0.689819496572248,1.4919485832533936,-0.7058239010487344,-1.9041800295888804,-1.7196980191423235,0.6016891752311575,-0.9146100790794874
-0.2895342350891509,-0.34389251286359784,1.259550897533471,0.6238560953379196,0.6253483326296962,0.49127107611558163,-0.34747178057273453,-0.9112157893860792,-1.1734956503751026,0.38839051800979324
-0.42557723737700465,0.8533279910049152,-0.20810648360243325,0.5510590204382695,1.6467141844946689,2.0893921602887873,-0.14640999851659348,0.6547302499430198,-1.6833164453515947,-1.0668255732951133
0.10441210027363329,0.7664618323825232,-0.5813915300856214,-0.8594557013956615,-0.7954716770296041,0.7933256056236856,0.11724440871610474,0.3286809081260448,0.2934798978490001,0.5420504857380756
-0.010977672553969663,0.35196450731166273,0.3352005015270556,-1.858766815048858,0.5912831574579367,0.19613942182798103,0.06561831745944759,-0.997753054107641,-0.3284972956518689,-0.1340763864084608
-2.2745177337122073,-0.03865987515468803,-0.1631471934569314,0.4215715339349292,-0.29312497863146725,-0.2678882146144062,-0.047369045878964795,-1.7698778044979482,-0.6875074247971047,0.10810102362350404
-1.402891463707514,-0.16471636646229032,-0.7533731354994098,-0.8758064586058242,0.5369343117662161,-1.3249595787812314,-0.5558073210420253,-1.7040885543913378,-0.5201475000900648,-2.032896157498015
0.07601118858012983,1.0218625796066445,-0.3001207211323975,0.1094873050365136,-0.8598415235873487,-0.6638638773538089,0.44746404133586,-0.911072787615306,-0.9696826456620236,-2.115697167232429
-1.1146833172737418,-0.6385431138372663,-1.6651093134246118,-0.18124533990762523,0.21443803594366548,-0.8631182282288553,-0.06974052127587249,-0.5726749508170416,1.3941327261586582,-1.7389317426602107
0.7580321329370674,0.27024587770036074,-1.1261187098877607,-0.13167614002930225,0.1498724353480886,1.0585346498149666,0.18830501338274946,-1.7552495807947315,0.019717746392872434,0.6762422048798445
1.9431569660715147,-0.8676158644440434,,0.0913251104609252,-1.8179538897680463,1.5470792067597638,,0.7821578166202466,-1.062316647510269,1.097851365283555
0.22884897693277229,-0.6565270997751123,-0.9036846946866374,-0.7178025334955648,-0.783870463399087,-1.6528044003408813,-1.2397215428180868,1.9815592170447816,-0.4536142560263912,0.2158740302825203
-0.6309638126551786,1.099008809503821,0.7965583548881852,-0.5742468550599539,-0.8768195089324518,-1.197072918966221,-0.8504582094373445,0.514802453926241,-0.4413390516635025,-0.8741620994414407
-0.7272817705568646,1.2211177919466154,-0.5302751739216256,0.4925970146438277,0.2862093004712526,0.08638084324507679,-0.5697695327646354,1.2656708370677283,0.44749131439981293,-0.19831530431401673
-0.7574147118441077,-0.830684791187391,1.1761581699035353,0.7565712601758843,1.8260186767224038,0.24037497235365818,0.5327236281275123,-2.290771413479371,0.5591722604080032,0.920747695173659
1.4267442745259857,-2.4776109611532977,,0.5538430338099196,0.18637286776396947,,,,,-1.0191509482051186
-0.8336465237546525,-0.8262293134564891,-1.6686907704543659,1.7271792699831907,1.5098389453142516,1.0834092815187113,-0.163080277855094,-0.8828306003181069,-1.7894821737424342,0.6709433176603693
-0.3891928142891139,1.7174293331721369,0.04397566405219151,0.0018584482637203608,-0.9624306596917829,1.7901321208942125,-2.190035162993312,-0.024069031482562855,-0.7938399613855857,0.8668147050397621
-0.014123470514467622,-0.8548787715049978,0.21678357096373674,1.2338057040727812,0.31700571441223013,0.6186216191174843,1.0174927106761242,-0.3897610919948826,1.6551097858668988,-0.047644451059629375
-0.09020398134525194,1.9501629487834244,-0.24571746754057197,0.6727201782208404,-1.7517453403409127,-1.4067149470698301,0.9992558476127176,-0.645481286856071,0.7076585849736869,1.3925714909450668
-1.1164474282952321,2.4447571064883236,-0.9538529532615723,0.3818485686427068,1.1270522482697294,0.34935554021015847,0.6802253437587055,-0.6438149808258039,-0.3510095792698865,0.378182113357469
0.6793131584454516,-1.291798303529232,0.5286817132953697,-0.5218701496261624,-0.7010266783551863,1.2853217543958322,-0.1929556220786256,-0.024098822454344155,0.5002109263158079,0.6044428337083625
-0.03174249606143036,-0.0018839494165383205,-0.7804640843346099,0.19544415274357058,0.3093221487553304,1.0058757342178237,1.165446271121994,-0.6445011146231748,1.0455205513354906,-1.0538863126009583
0.2667073004541946,1.1818528985465162,1.309165815410227,0.5404158102645416,1.1586182361552406,0.411710482180947,-0.48015277306625725,1.2309315867212371,-2.3583236401262457,0.5523642022827634
-0.42741953006744554,0.022493875729997136,2.338798607268324,0.6477384997442915,-0.5937339854124533,-1.7988272134099517,-0.8100370623389409,0.9418656013641977,-0.47187163619695605,-0.12195436747565248
-0.29282859140010453,-0.9364824209053623,1.8127691230143554,0.21569193383240798,0.43042123047579633,1.8339115507799253,-0.17556359445291983,-0.45446657103213967,0.05943318962114418,-1.3542485444786918
0.22015908491354338,-0.051737707916589645,-0.21106989397896903,1.0812729453682777,0.19930218888536977,0.32034551203927136,0.3598452358292127,0.428304594088942,-0.24915092419018478,-1.5450865938029543
-0.8406107778188943,-0.29724015012944416,0.6688300681481492,0.4065275948938068,1.3435393876428532,0.0596940217683875,2.626129738876692,1.2211101328127565,-0.703444314958972,-0.13289566566185793
-0.4793027200449436,0.6769832592398093,0.5735051695594445,0.6919224946299384,-1.9956390075525492,-0.7660753682258798,-0.9755012087807952,0.09438920756371445,-1.024361769986263,-0.6158822732210237
-1.252450383756166,0.1590980696533095,1.8139246629342394,0.7577771055481235,1.0284638824834056,2.0301956378334753,0.8188290570278981,0.49336722994637316,-1.7500497839284097,0.9864702041107095
-0.4888753659155481,0.411464751290118,0.7714398559526504,-0.19188533806051114,0.1034673608130113,-1.5932658608098065,-1.1429610222385098,0.011935890813495649,-1.9963080020129351,1.6546548799063119
-0.1570308146460784,0.33502273945038824,-1.5231584712022432,-0.7277595119315423,-0.3401325624278928,-2.020919559825077,0.3231948170033062,1.1796814503975,-0.027935659798074074,0.08354820412671131
-0.21458280889119377,-0.841959357436414,0.02079532628025672,0.0995157866311304,0.5381222747987283,-0.8461615863368575,-0.029500954791356407,-0.5538014614483567,-0.34649242699824245,0.30200647889858334
-2.235652010296655,0.9954321311776516,0.28999566692371054,1.3017015848301228,-2.3575761964544455,0.8439423304631664,-1.0148836399537162,0.8335957652476403,0.7950102063303609,1.79881057522282
0.38929886438513,-2.0692194175187972,-0.5189304717729151,0.40510632112832695,0.06206138586797023,-1.1057989941756066,0.6794334791702095,2.5424927949358187,0.09241969214046224,1.086269214511614
0.3152720932759497,-0.8623923644338815,-1.3686254891406886,0.21585412494225997,0.20964364329406693,-0.383340471290635,0.034438406618486725,-1.0685549926187696,-0.07865858955557571,0.015861207049315686
-0.6901333567246689,-1.1383862603431276,-1.3009211086597388,2.085376085634842,-1.1486978371042782,0.1419976055476172,0.7944428874242244,1.124582928738455,2.0361144393927737,-1.343570904177385
-0.07712102780095542,-0.9795427269288061,0.23240545658616657,-0.8461071497540625,0.05127425710565748,-1.0144534685551385,-1.2045070537589733,-0.9667944690613957,-1.2028155987204456,0.3255448026133303
-0.3568993155781993,0.12566740466704243,-1.565999963021771,0.17543920496543794,-0.4144063811261303,1.2893251714405634,1.9842714694654895,0.42970146564296396,0.7371197221803145,-0.31348356677245626
0.3076217002310618,-0.3615723235033528,0.09679079003512538,-0.3418172845928648,0.2831786098729038,0.45877205428971657,0.10619827965759399,0.21670673728002238,1.748145147757486,-0.07384121898492935
0.7716295723962746,-0.19733627338118478,0.7675746777601841,0.9607488011617006,1.0255197549772015,0.8300961180494848,1.1987969138551757,-0.9250358346409467,-1.0324019206987112,1.2896548968377999
-0.901177036554952,0.2002153024205735,1.218268997712454,-0.20452994751743714,-0.49919873568815254,-1.1282648483513666,0.3401666357812544,0.16491896282812815,1.607283152186702,0.4476600779920882
1.5121468083621845,,0.8580683745699917,,,,,,,
-1.6050527538205284,2.9232371402775414,-1.2693430916031927,1.373452001156835,1.0850536848257049,0.636365738962798,-0.16356124814698664,-1.3085296927936272,0.2687955285188356,1.2823587009540907
0.7120775840893553,0.14902225298424426,1.694618602856093,0.8407780133822756,-0.12063728700188873,0.8031600604062151,-0.013938301199277487,-1.3806483728533903,2.3835139589186394,0.652585050080776
-2.563668349481587,0.9976935922396013,1.3945083200726143,0.9133972031886246,1.4058420517261514,0.6403167355917422,-0.609170735604175,0.504191312194854,1.537427925412082,1.3585280945639033
-1.0339786920525356,1.5147909975308043,-0.32174846655438405,-0.09033779575479513,0.10865752941710285,2.101498488556384,-1.385167977921993,-0.3197688525209687,0.7487369584307695,0.18770589268740198
0.16827921367221388,1.1792395982011916,-1.2663835944522204,-0.41152817670031105,2.939563456602833,-0.8126982997928291,0.36079754680484033,-0.24338893431592876,-1.7078251505413986,-0.8531440178434747
-0.8368898783697367,1.111996996573267,-0.7328274515454266,1.3831440660514656,-0.5790876826019764,0.6378073731849483,0.4741088190138386,0.16146044815825822,0.9895792473957303,0.317551859575249
0.8806218716112396,,,-0.5051946461040094,,,,,,-0.500990205419189
0.2617668605504816,0.9737089541191442,0.8128622131942325,0.25690064163629606,-0.813026645317902,0.11374113628538972,-0.9211650500954118,0.8763472012706875,0.8997196796836361,-0.482130706684398
0.299520458713018,0.32661268433802154,0.2044932115395123,-0.6916656285181766,-0.6245104616745167,0.8136737416205817,0.5075016690872032,0.7738427829292519,0.22677877220403592,-1.3449511478001872
0.20526888970887744,0.030475083677903265,-0.5653582443174938,-1.7654350350290773,-1.3487341774576602,-0.7742375446179823,0.015598749087614583,0.8507928881815023,1.5352858647776628,-0.431904656156366
0.6272191607090599,0.3470492980289091,1.1808859608372448,1.5314617383865279,1.384376708811726,0.8308182502446786,-0.035675588148592736,0.1781734327218964,0.12364040854352815,-0.27766784456319105
-1.0938448615831455,-1.9891343689917922,-1.5738367515821967,-0.23220936049727997,0.013251857110203491,0.4519912097525581,0.1078175880248422,0.7753457422335928,-0.11824834169626505,1.02590957544623
0.6213460133330404,-0.609836092845408,1.2598215652012328,-0.26663900494908094,-0.07966195089111897,0.01052936059605508,0.6348053503207369,1.7529882057959363,-0.8140526880772956,1.049941699272581
1.7114785971489876,1.3705912244843979,,1.2223971836041219,,,,-1.3317915370914943,,0.27271846161283075
0.11498043870016955,-0.9039383177444874,-1.068294299356018,0.3535681345021622,0.7073749756068102,0.05419327117051622,-0.8656686992697284,-0.488646010855125,0.6594006449224179,-0.7600568166915236
0.5743499038252161,-0.2936200677055355,-0.19421846231753961,1.11675271185533,0.07276282564900392,-0.7482777088706118,-1.3890561033270594,-1.9185113430696046,0.12112239301797248,-0.057082983073313436
1.6313938261728023,,0.5425654527229289,-0.5235620551087945,-0.6810010627742963,,-0.3061405521270677,-0.8700878160516329,1.363992086567692,
-0.8538981022107194,2.0107520350725827,-0.6246982771841054,-0.42078851911752785,1.3474367794326374,2.0105748767104554,0.12630259773908084,1.6838082090063733,-0.11440229290897572,-0.8810580794632444
-1.0393826239780672,1.4216357337314165,0.5831887020966758,0.3234986087324693,-0.7189974503136394,-0.36803088787365973,0.447475513627412,-0.9877417309206833,-1.2153456792819146,-0.43872004725185454
0.09315216836747169,-0.24736294880101498,1.6154904861864139,1.6505622364579309,0.30399733063427664,-0.9563037509362389,0.42302092393747326,-0.4217730712776799,-2.7847162884373238,1.7887271294014393
-1.1545320744182412,2.0163407599991956,-0.014765215374095492,1.3051810358825564,1.5448074251348098,0.9269579601714069,0.32696301140452905,0.1778439977232523,0.2266781414392042,-1.301706254345141
-0.6678295101080536,-1.9159553631465813,-0.39908230712108833,-1.4509487682098372,0.6186861520448711,-2.1813118302504657,-0.2665596337107746,0.22908390961852293,0.26902325512979935,-1.5735934387264074
1.3739151464878037,-0.006804203094472793,,,-0.13635673262629242,,,-1.7661269911217545,,
-0.7682874716095784,-0.5951031399881906,-0.5883917577498821,-0.003626372681427259,1.0001906154200122,1.3980862996499788,1.0007246976472997,1.3831258882196804,1.0761742576851816,-0.0637092829711548
-0.3130488171168837,1.7955618239594269,0.03215977953766731,-1.1137733516743522,0.5373358270827935,1.667645300527573,0.8658429613133782,-0.19019292197331256,1.177655701021576,-1.046510125589128
0.42718857824644657,-0.27719753185620305,-0.6717365961522521,-0.7780812317895741,0.20244535818314027,-0.0019512999636721756,1.0190333302101229,-0.9995573200956819,2.8194223970463805,0.25892172469963187
0.38013279121476845,0.8124519467835444,-1.5240656435049897,2.0660148812221935,-0.6556196213986765,0.9768668947407952,0.5125383757563956,-0.33396096592046903,0.7722025195892427,-0.14523625739068652
0.4018232871203074,0.6905062560153546,0.036447639300485425,0.311404137485576,-0.5671726624175498,-0.8927368768823214,0.9166304691543029,-0.7911686797403695,1.5211669425212018,-0.9027227621206231
0.030065709474887597,0.6421995356213102,1.1576241136786434,0.18750007400411825,2.087059487043466,-1.6158077400171185,-2.170845840005066,-1.5181742957568707,-1.5510325192634509,-1.2696332808897863
-0.5662971894997328,-0.5322794082168284,-0.4330350094948649,-1.2160512782265203,-0.0022276804340301518,0.778594537635861,-0.49097773380565324,-0.2888466462411182,0.9676149586339226,0.8141357067722721
-0.48482936080272904,1.198215556661456,-0.3203625409395588,0.6128792730566963,-1.1909600095028423,-0.7917095308606822,-1.2334372833274547,-0.05604031583165778,-0.5161215061631901,-0.7903015479144498
0.2446510901092254,0.9293292013873518,-0.16748808819916014,0.2114721125180593,-0.08805565185771505,-0.9739705086815544,-0.4673853182693795,1.3812997109708143,-0.39025374295410487,1.9744012948455631
-0.49873505089696907,-0.720869050085173,2.0844409033675415,1.3767631463507501,-0.5838992150943001,-0.16172252013960312,-2.162115915368765,0.6719100680650943,-0.5718390026072477,-0.11353714618521962
-1.2008426560086358,1.1803912212304948,-0.7272108768472458,0.37412698460819377,-0.1363180028063627,1.4899461028096268,0.8183635588926675,0.09598030652798775,-0.217940609380231,-1.1022929419051517
-1.6886619302198775,-1.3452897844351654,0.2947224696550098,0.7987632947596985,1.1371193346102941,-0.04140794206724326,0.04536871407845789,-0.481201187932824,-0.38917161936178896,0.6600425559339289
-0.7252039023354541,0.2056024715769946,0.1279791852280138,-0.03639266944860125,-0.08086519444814946,1.1090720044060063,0.5296898465528779,0.3395273425250326,0.6952226745966756,-0.43994958313181026
1.0823063839445193,,,,,,0.38842957563613156,-1.0153148235841267,,1.3767185631170606
-0.300471686767848,0.9706338377771578,1.6091991580723546,-0.00915248187339902,1.3218503720874044,-1.081819671983415,0.20972046762140367,0.4323633848585369,-0.5143022408737076,-0.4153411144098874
0.542492840921145,0.17390541372297877,0.48256118347624116,2.8185252210926444,-0.17635233254355714,-1.287688601792636,-0.7630228459943552,-0.06855365745430123,-1.4244848175213565,0.23773920513495633
1.4592316019207536,,,0.5729997533720026,,,,,-0.32196440805152216,
0.3838156288540723,0.7696831471578777,0.04742836079116205,-0.7612669441901215,-0.6169497086670567,0.9339427885039385,-0.5159217743887904,2.5675081038224845,-0.9656459696117762,-1.0217364778932847
-0.934285253501837,1.2355310648631417,-0.27652522672815505,-0.3737588673032337,1.8318395332307977,-2.5773339167685427,0.30888822786663195,-0.2639417250006056,2.502681487928021,-0.4906965976903236
-0.7743233316971816,0.6832742255757586,0.3345090324233468,0.5849537737547583,-0.3936152465730801,-0.603839378661893,-0.9283251993695274,0.2716249575923658,0.18097278108439,0.3609835754753577
2.452740443307016,,-0.03854342375571666,-0.45285005213457574,,,0.3274996694344215,,,
-0.5352331499207946,-0.12368487568819321,0.7504588066357355,0.9291407258657958,-2.086348799495458,1.6120602528454773,0.9636544634222894,-0.8056344875993229,-0.3928164651545626,0.24148071351809117
-0.354343301489516,-1.2817270622164594,-0.8576912520746806,0.6947739291567246,-1.0340836045103627,-0.03721862133889759,0.4728404706844268,0.2907014440917801,-0.3335309138155683,-0.5889993408328811
-1.0863602686178246,0.3678473160343648,-0.8780650455300231,2.0760957367277557,-0.22799809874546934,0.2677118605695618,-0.6492183479616003,0.6644653497692384,-1.8987244838778967,0.42762047021126876
-0.2317276820040175,2.759526807910362,-0.046398512041949246,-0.7876444889261146,0.9580255572023583,0.19084232638755338,-1.4116969486661646,1.6897620808889533,-1.2436784850127869,-0.3964703296421593
0.3277885793808035,0.11729764135765558,0.8771801670446041,-1.3156950054548475,-0.1807591070732507,-0.8235333213891617,0.6428922201745639,0.9566378044737244,-0.31389521176749535,-0.11848107689730229
-0.5058569194624295,-1.063809943389033,0.6283491040824102,-0.9576921185737584,-0.012608159711336525,0.6206225457489787,-1.491759655834294,0.1655130893464252,-1.0597660526299162,0.3792300172847547
0.06975722337291024,-0.707872347514755,0.2948629210685812,0.5201940373095587,-1.2129763431965845,0.11505633179750001,-0.6916926266981175,0.7338856258701454,-2.2679528498320907,0.43471967597428296
-1.3028132951089764,-0.45979763416736724,1.3701660483568912,-1.4960593553741903,0.22497660674938252,-1.0387344782470422,1.3448780967664307,0.3732256838997381,2.641226247886162,0.1482496534925038
0.8892668633330949,-0.1329517466339713,,0.09844582105826571,1.329393648792175,-1.763251478941175,,,0.7428153863584878,
1.907329204795166,-1.1744011698901502,1.1879273822752607,-0.30143154215351664,,0.05697748344047433,,-0.6459064131688088,,-1.2218755407311213
-1.2600815873912918,-1.179984675566718,-0.16455367223050282,-0.20940787342433595,0.48203536722654255,0.29507898632291796,-0.16700085558197025,0.35580425242834285,-0.2534329378740283,0.6050965453868007
-0.9294722831870781,0.511528813507191,-1.6244535414959382,1.5856223568606975,-1.0539171185710372,-1.1371915833010746,1.4662954495873604,-0.5297094290638124,1.3572919706336084,0.06164283669539694
-1.6233675214577268,-0.22987249313735925,-2.3321543520186765,0.4577729837087622,0.8755946075327607,0.5815567123660516,-0.7327470774397892,0.1963827061388969,-1.3482968775837831,0.5270890404947634
0.6058943718644487,-0.6346234174070102,-0.767781263863482,-1.018346024443488,1.53654926089254,-0.747432552961817,1.1946819258562564,-0.1637742684695888,-1.4286192100681983,-0.7026074462025492
-0.19838747804002943,-0.6275564039930303,0.7054404459160966,-0.49256207496653615,0.07915120794077506,-0.31092981977664796,-0.3306940890602657,-0.577714987618091,-0.35791087974872626,1.288752110068405
-0.14156598097636403,0.4889824124519131,0.6490836525878272,-1.0187913367686987,-1.1451928045724886,-1.4947757726253592,-0.8221881678085917,0.6302244328706413,-1.7984376094639876,0.3901044709737552
-0.9122773671819043,0.5291548691837852,-0.6003598524401368,0.45980034769178596,0.6288097230254099,-0.8159267040803792,-0.41095967166013087,-0.6175311112427604,-0.20106739044315278,-0.1741932590061015
0.47745669663838275,2.251386046227411,1.262126515002186,-1.4449672005286907,-1.112458259096319,0.48082055029911547,-0.887604024440023,-0.7006973212060873,-1.1508697221624107,-0.19440705009509046
-1.3506450059449668,1.0939840470296764,0.7610852257566123,-1.6343914171060563,0.6069474313054154,0.5293965638044459,0.40056818711215186,0.13110655455665676,0.0236109816546928,0.3833479789073605
-1.097552326996751,-0.5311227873143666,1.450676156571759,0.027250486068444657,0.26909998558726556,1.6438456951527134,0.7736265265202336,2.14094116341319,-0.2240191729493323,-0.3291481815033191
-0.20004320357167427,0.4466630212125771,0.9525201549937898,0.48333312781351695,0.7775250021198515,-0.9022695984981128,-0.16036051093290815,0.9851744285183545,-0.13839642989797454,-1.3066836465441225
1.2281488456482568,,,,,-1.0179618558637111,-0.47518907468987426,,0.23782573667934775,
1.9367593896068471,,0.18759570306616943,-0.9251945564870546,,,-1.7637681828990834,,1.476589714100836,
-1.999568308469299,-0.4757382252594393,0.7601889926386325,-0.6866198589307545,0.31457642984712647,-2.382441752474117,-1.6911447116975082,-0.6429515729552039,0.07734885626317332,0.3095677422581854
-1.9085903268664233,-0.08096747402452215,0.924149920866697,-1.296636673807106,-0.04290882756800863,0.11642679548876424,0.7122660832044769,0.3092308399995814,-0.04607239643140902,-0.36350856759413624
-0.044861880357548276,1.7857178644548486,-1.185495537921247,-1.075465137104032,0.21127562431009891,-1.3459879659265424,-1.4444480619769542,2.407709222835533,0.13654146266317427,0.49687288731012363
-0.1299379793878857,0.8798537401178814,0.26956900902767583,-1.0017889216629718,0.39755504580658174,-0.6600693820777694,-0.355469155568105,-0.6333095716321601,-1.6011574778078408,0.6801345469882707
-1.444539728210202,0.03384793223766346,-2.3591281102239856,0.9993372913111875,0.09103353140919798,-0.24801853985856018,-0.05456507467983372,0.2982723950720256,0.5349672401802577,0.8017376076849916
1.1352821438004106,,0.20095580846036984,-0.7282740066892219,0.07172450939927838,,,,-0.5442956522747193,
-0.17640678613844576,0.11293902808861406,-0.3756125200157064,0.41890328506880925,-0.5757183032824973,-1.344115380330987,1.0232162175019242,0.5313895995797832,0.5417713202053481,1.7888968654514068
-1.1483126561098225,0.918894929031866,0.19752307168835168,-1.5911160063066943,0.24089708574423813,0.6400074811726044,-1.059759582202877,-0.5616734061402533,-0.40724590765564594,-0.9668156272805511
0.8275955390964037,1.5860053219360266,-0.5135847811979305,-0.16945740551290808,0.27005312423786565,1.1013791175163679,-1.5353564922409952,0.19543301180851272,-0.6911611694027141,-0.014692474665228453
-0.1655211822025561,0.7487374993571628,0.30208874167085015,-0.46453203609035504,-0.2660180087895289,0.4245077884499089,-0.9676388321016067,0.8155873345331777,-1.6517677877204429,2.3247150263163188
1.4628550445256938,,,,,0.3981780115661574,-0.16341280901550034,-0.4607873388327356,0.8132295956350799,-0.2766981079374952
0.05451755615396572,-0.19753858038386599,0.03977698770740127,0.017823187636654025,-1.1603063252892276,-2.2511011009940365,-0.4229207283543121,0.7169213983477188,0.7603045044052887,0.09264829444328569
-1.0185003521955538,-1.6597399974757772,0.4529801594387772,1.25462674459323,0.07800966964937034,1.6408833986722111,0.7232811204120405,-0.23964727443927267,-1.18002824653678,-0.6490051750734195
-2.2517360448782093,0.37283525822337804,0.25847980948263916,0.8359706150604571,-0.21247839004420804,-0.6075838755428857,0.0497446354506268,-0.35954409040686736,0.75274638275015,1.3327101836605908
-0.6045538877713731,1.451122669435762,1.2213299330500973,-0.3709117043613159,0.21058802891730546,-0.40875188845379784,-0.2912787339660852,-0.9377247344831314,-0.9972887110690845,0.19116399577467066
-0.9005003413046074,-0.9398371204690276,1.0023825662252486,0.9548081005312906,0.13363140251800265,-0.40296970870160975,1.375287762547053,-1.160221460270705,0.19989120968528706,-1.5017096208624874
-0.7363544274104209,-0.6624973274786031,0.6010695200723557,-0.6578978909900943,-0.32305945537059466,-0.4810359644442687,-0.16811809677178394,0.13544612866670713,-0.2503649660816251,0.604578515400871
1.6252606815060617,,,,,0.09187292970585956,,,0.6049545832788604,0.31670070188032445
-0.2335900618438499,2.2665433636468437,-1.179800958189951,-0.13533121968273967,0.9092818361149352,-0.67484440067066,-0.25147645414140385,0.993514982221893,-0.19718350923088168,-1.1341449401415182
1.7990112120109965,,-0.35193113865145553,,,-1.3798419121733407,,,,
0.11549457275923779,-0.4421856407336593,-0.7944036787948967,-0.9243772525105365,-0.16073163983468547,0.41013737241905324,-0.20202869744825652,-1.3191286624187046,-0.5936222944063076,0.5933693219217557
0.021635550367222724,-1.5854481633308317,2.0123802299222397,0.7355333609172614,0.7712390000905334,-0.48763299471327115,0.1473231455710658,-0.4795737010316402,0.5578383928211161,0.5123428266568412
-1.9451043207288072,1.2830718443283937,0.7435339915018545,0.6841483475725322,-0.6993141260889032,0.32434208147817073,-1.7925932714671984,0.567383371718244,-0.10784266040754137,0.6489024930523694
-1.3069784139041303,-0.7361936360248192,-0.3290508370967564,0.10976847427957508,0.35562628388786155,1.508655508675174,-0.3347513367556744,-0.5974820525057561,1.3388252277010757,-0.5903366340285181
0.6752128029217688,-0.967399625525202,-0.7492494828461715,1.608683317665281,0.8650335855471896,0.5040967188268676,1.1448837077678575,0.26028781459145844,-0.3347989390848585,-0.4372968948517187
0.43286825361569153,-0.14352684105298574,-0.3284476349289788,1.699624807342827,0.6528260838780838,-0.886103313487491,1.5553574781136175,-0.7296496182025383,-0.11603020735942488,0.027975537872187203
0.8538011159247352,0.8423528677571663,-1.1225134044675964,0.6305007497556872,-0.6877246655624517,0.29513873129011325,-1.2191530557049584,0.7583008731335704,-0.8118641070167552,0.5966753204749525
-0.08444429180625372,0.8718485871100926,0.1164749680560029,0.307210860040547,-0.6662286250612613,0.14736393468637582,-1.8135069996401219,0.8032265601599634,2.125773081104708,0.16145442065710877
0.9753341522871362,-0.7882774475760884,,,,0.4442357749309588,,-0.22081341948761368,,1.569688920785221
0.18540536557747614,-0.22031592105108513,1.3093546692363518,0.6529171767013393,0.6872903979846454,0.29502217201390946,1.592330291880773,-0.40308733575632194,-0.5759246779205486,-0.8734182202104762
0.21387259475056172,0.5447582028327941,-0.8427677297296855,0.7231375037763648,0.3432974416795963,1.353576371287908,1.7439913548538375,-0.6116535312168608,-0.512901200690776,-1.123976941288702
-0.18980744027236965,-1.964792687774341,-1.0550646320023984,0.8287643660778735,0.7256205392000393,0.858747494294814,0.2742982736333659,0.49763357034673944,0.9556829961827011,-0.40454036508101665
0.586961725137979,0.9256879612707366,0.33779716105467605,-0.04404538595259976,1.0937961295546625,-2.25578554978518,-2.7120842175656557,-0.3187522708833385,-1.5646993521545531,1.7555369650707837
1.8241164863538595,0.20204606404664038,-1.8296051683145833,-1.14429191082952,-0.855210859412434,-0.18256497947470593,,1.5344703882937434,-0.2751045243532316,
0.3934496177209344,-0.182542493734409,-1.5344815706341846,1.3416259612922075,-0.7378571903451199,-0.4156936804564123,1.121007669028158,-1.4441734963290944,-0.47007818831081427,1.2040459085257633
0.07268124007047648,-1.0674514784957496,-0.39482490083508986,-0.7219893322225298,-1.6392497903633707,-1.5617696858329608,-0.22161587566240035,-2.0362683456479207,-0.964285499124153,-1.4188231760368695
-0.34394474443849354,0.45381416928484963,-0.5961493381842232,-0.17176961165864463,0.9569598702747691,-1.050848748775889,-0.03767130785844689,1.1353669205947532,1.5999674106522805,1.1590559489634131
-0.8394809939640681,-0.7885028252699396,0.6768096015121772,0.8909754962688616,0.8278980898735638,-2.058523690585957,-1.6706088315827903,1.1398375444575677,0.2528421954408787,0.13550701622017913
-0.4483265465331302,-0.8974434356341003,-0.1575898993299165,-0.7950016412015763,-0.27029939678855736,2.2469431883435718,0.22052292870739465,-0.6933109875670483,-0.619410595737785,-0.1389473291729222
-1.8561166409298786,0.5421583030724765,1.7174006188791835,0.4717002307762708,-0.6419545665034313,-0.6109384594667278,-0.19392530215503015,0.09312591271008569,-0.07850663872853604,0.3054269090951586
-0.25402326710463435,1.0136010420707442,-2.0268478520162474,-1.2493140105746694,1.024651938176294,-0.40597263061305355,0.012470165524748743,-0.4644697586096457,-1.4487918464913205,0.2898482412828048
0.09985525909851428,2.8145775990292403,0.0994004181577212,1.3132151444061948,-0.07908800871756208,1.3280279154524894,-0.7086376393070991,-1.163617551020237,-1.2514004611880827,-0.6640631233814241
-0.4640062914687412,-1.1078229680391039,0.8361707157620174,-3.0907199584947973,0.5571527577322387,-0.318044321437156,1.5845276146853586,-0.16133810954496056,-0.16748759995244697,1.066551225798469
-1.0611214111687615,-0.06740912543128946,0.8625123125993044,0.14615245870319438,1.1131661809774411,-0.6314980264665264,-0.631567712681469,0.7321395052768731,-0.8226188277548357,-0.72827894862921
-0.024714851064459017,0.4619022074382224,0.9300276686052346,-0.0483850248242418,0.5523677423468051,1.5149807679129568,0.9508475204018345,-0.21827487162115883,0.45653923421570586,1.8350115986669324
0.6944331188598578,-0.17760701655706665,2.0580680255179535,1.3671181162958852,1.2254879667880454,-0.3604359387334745,-0.7997216499081563,1.2373459110924654,-0.7822245058897551,-1.5481560619734123
0.6382519418807988,1.6256906097790091,-1.3968426431845682,1.6296825293461692,-0.7462280533124922,0.44880211270981296,1.1794079384959315,-0.04027914226222119,0.6987584051335156,-0.3071425978669946
1.0153057293941858,1.4880852325010687,-0.22167627145947616,-0.5931742976287185,,,,,,0.4076308011641609
0.019117905851496992,0.7134228109439305,-0.8737515598167453,-2.6144808083924116,0.6822213803981791,-1.297933895218992,0.2191951014833989,-1.0950325598177901,0.9090399883170361,-0.7128059724477009
-0.7244447870465882,0.8117895450247923,0.5901290295852456,0.7082780540000714,-1.0142152725676041,-1.0615254887326013,0.6491041432646812,-0.29576251844230667,-1.2080714053894095,0.14194476296007716
2.4571401837532347,-0.40848822830801734,-0.8373863037334486,,,,,,0.3367291847900793,
1.8534224372241521,,,,1.4542843246645119,0.693275731158021,,,,
-1.0534672485973913,1.5444187221323695,-0.8945744843217446,-1.7174806411722625,-1.027912792817187,-0.6402351351460378,-0.8638383980685224,0.1511019920069438,0.8596840288114044,-1.3174893016050517
1.2470972018767914,,,,,,0.08011080426276837,,,
0.8467177441895777,0.688992894879032,0.83807210093412,0.2546921012675413,-0.4220141171335837,1.1007014724513695,-0.7665509177675782,-0.426751183829293,0.7223677076011434,-0.12075366009882281
-0.34874715278730745,1.3565201090384098,-2.6519119313928776,0.8896418866262646,-2.1081864779055697,-0.016341646701850086,0.9495042333093436,0.5562854556524347,-0.6478101437648361,0.46938589352872084
-0.777950146722508,-1.3019940093553977,-0.9377413794209715,-0.9399732799932841,0.6544441709562301,2.694192684961146,0.360155350485828,-0.5129139168090916,-1.296759837396384,-0.6740545560488975
-1.1448403083415704,-1.0649369692903872,-0.6630204970975044,-0.14348937413820215,-0.9389674849027907,1.1684188261210073,1.2623218502333426,-0.10089174767748518,-1.980544311575332,0.3133351691405797
0.7470203823412921,-1.0012681835401827,-1.3754809964090704,1.5991602449154965,-0.7624368906915788,-0.6122399062598238,-0.88026453693517,-0.7410561991517374,-0.5286177269685362,-0.14391658102384824
-1.1931069884430454,-2.4836827146932356,0.2850011772037183,-0.6703906214339275,-1.3655982735116066,0.003751437008682815,-0.08281506377082427,1.0105276304198516,-2.5715847113948933,-0.11490162852991578
-0.5091096051145344,-1.0540691832477507,0.807191955980328,0.24527845202508278,-0.09214895778043179,-0.881627138138598,0.8725869173053494,-1.8736704888924423,0.9741613658669773,-0.8856517844488393
-0.36238054830483646,1.3050456638947456,1.254753192267088,0.3081905051261701,0.3198420055309055,-0.2872851653784174,0.9342610584934046,0.5243681563990146,0.6682946153900262,-1.0204777455420118
0.1659190854009712,-0.13841073818053182,-0.7999832323702873,-0.01601759826287903,1.4581894943527005,0.5111483784848765,-0.1250529450409097,-0.3929281774014622,-0.417276782571736,0.15988473049767915
-0.04520363523160114,1.101296951390986,-0.4355042963880948,1.033421411569884,-0.4749470479950521,1.0735914222697207,2.2171526209782817,2.270936074252304,1.2282783033837175,2.161014025672583
-0.9592818868289255,-0.9073446220406012,0.1562404519392276,0.6270545571245301,-0.05344179831791208,0.14018531786395402,0.9629858267990987,-0.1715394850379088,-0.5570241960045939,0.5203604989508294
0.34190637244849614,-0.4278747847155469,-0.43265043955513527,0.6184218214271957,-0.6731663278823888,-1.4202849172836898,-1.3403936832194874,-1.2160232784853264,-1.1958833866866287,0.4157391793476531
-0.32667360542646345,0.6151044586312665,0.1496917679199591,-0.040266637840533546,0.18942812140421916,0.7481633677841644,-0.7095875215134707,0.5199280179991456,0.3619882434462858,1.0197314383519105
-2.0251316170745635,0.608239790115267,0.4982831874478664,-0.7114301709076627,-0.5214952848332887,-0.7375834922191565,-0.3625741762045802,0.7236304185037937,-0.5213868145975199,1.578731907173974
-1.0289941579412067,-1.922099409370911,-1.0582501377384743,-0.19165977817642807,0.23746179379915636,0.3516921313823785,-1.1619029466581348,-0.10157467997419252,-0.3825977357748859,1.298900830146673
-0.5059190336239602,0.4275420236584562,0.18600157124390784,1.3742621507272454,0.49739765623646415,-1.0640529367055507,2.050860020318072,0.2099595566386217,1.421620828251488,0.36755233408086013
0.05974007490135942,0.20561204206311254,-1.8251677091716483,-1.065180188267472,0.3644484115449541,1.730044314860822,-0.9739568100779905,0.6491277822637181,1.0165972176537867,0.5963521720491931
-0.5170215368299782,0.2784436970404946,-1.8642803456446264,2.0362068792327124,2.315858302398836,0.20332290647961637,-0.1332490920832567,0.32813156217710415,1.599455333237401,0.16692303624641436
-0.7166469331928874,0.583651789881094,0.24613338057200113,0.17439107868356096,0.41104484004375025,-0.6973940154263162,-0.7465031616571988,-1.912568903013498,-0.3294893752850731,-0.4413480276115423
-0.5431647351384483,0.9072746669763834,1.7061727762811365,-1.25567389249343,1.1536997759609544,-0.6142690491632573,-0.22748894198572175,-0.61282332930683,-0.8029365979737425,1.2589199822471333
-0.7993396506240802,1.380270786142576,0.5775224284965035,0.5243647832478224,-0.7902689154053726,2.2074828533166118,0.021748279526929485,-0.8803955614253098,-0.27494739340785973,-0.28969806131097947
-0.11549905023589335,0.2259104569208879,-0.2666796900675539,-1.0544687981495777,-1.2288240038126519,0.07575506808312706,-2.2995315301913166,1.8505828994539955,-0.27078126839015065,0.8087162645573814
-0.2399197531865329,1.3441849011466998,-0.800378416912072,1.9682477191316914,0.02401502984450452,-1.4790627183051261,-0.7309575281218399,0.2004077302170478,-0.5262830425200294,1.1268428042550083
-1.1395331252529766,-1.0300595302772828,-0.9219213007147699,0.17132375937701155,0.5092203023506546,-1.2059689470291721,0.7485077591930706,0.7127308418408611,0.0012000246587664828,-0.9559647704949672
0.293626639710572,-0.6825585527555224,0.3307414196165264,-0.6827113265105745,-0.6234602422741811,-1.3776442460316403,0.3861297436290287,-0.24600644733164276,0.784685708107117,1.5785848567825456
-0.5774984694648532,-1.2590394703174523,0.44593114155740343,1.3452533456477298,-0.94785253255988,-0.8659462961945049,-0.34694045684412067,1.5830459056559727,-0.7125797386355932,0.5642048711218239
-0.15811722784644222,1.2653666893290052,0.39281420789094534,0.7218436482417957,-0.18240992066345027,-0.9071360003852726,0.5685604420095349,0.6526709411535462,-0.6176399650028499,-0.21864533382590906
0.5167743085809614,-1.8051792845295334,-0.40908840538121644,0.06986179433548327,-0.12924879018645674,0.4661770324853084,-1.967835579901644,0.02626192736266241,-1.470418251846312,0.7531445178485184
-0.3057249674905705,-0.9696575361930279,-1.2794829013309978,0.5980839296499446,-0.018826367870011206,0.5582570239914988,-0.29009658642538966,-1.9257572533987357,1.3761857153772106,0.5088114063297915
0.9020187368453845,,2.7016997990913088,0.7948091118154059,,,,,,0.41906883566079733
0.23368996316260363,0.09492673989785327,-0.1774243888639454,-0.06135147649371172,1.5692252699766733,-0.43709220260199855,-0.23449126036430404,0.6616554461814345,0.4046628412679538,0.36528668646685075
-0.08953621852899876,-1.1174339405283806,-1.219489851758013,0.28646649807593194,-0.5747067116034559,0.2747303374812,0.055467602734407984,1.4773919870809713,-0.3699769522711566,0.6728713758535676
-1.1908364765427664,0.5606065034534613,0.7804224541134397,1.0672768079331774,-0.4259022441268593,0.8692730989234152,1.4955831083411293,-0.4630069061413781,0.24685277640826553,0.475765975263833
-0.5042931043382918,-0.25056134415024683,-0.5300711738032273,0.2474471035448765,-0.6603624896792859,-0.9783809879895541,1.9069843510147417,0.5288420637739057,-1.0406678018871311,-1.1885397772504571
-2.321978285107411,-0.9672239253976159,-1.2536418251386703,-0.03156329980984105,-0.23091027572140987,-1.3592392907557067,0.81124076688792,-1.344350576306088,0.7663462998289562,-0.9525468766840872
0.9244139356328199,,-0.7360066762605404,,,,-0.32337894178354715,-0.8340162594925992,,
-1.1086268289291972,-0.03867066786419754,0.28559119431480195,-1.101969038784789,0.7708781347479544,0.7429968784590187,0.28465079185693726,0.2852301550628283,0.11499889558121248,-0.6132437956988729
0.1309485573596149,1.6677728555444225,-2.929263128443749,-1.0058997376302479,-0.7879501746058887,-0.9744067384713904,-1.1541592840077157,0.12989516740382603,1.2087848236521905,-0.36639239183031996
1.606802909680258,1.8599406245701435,0.8250883863179634,-0.4176890315173106,-1.3617144819799871,,0.6887586371884176,0.4579437348273626,,2.328222275602642
1.0908201882855648,0.0599097881672136,-0.6215648498279259,,,-0.5116026428980416,-0.46599754031923607,-0.49289214198682535,,
1.4666335031242708,,,,-1.3022529397401066,0.371776555830366,,0.23211458452875064,,0.4357101001029157
-0.05330928574757542,-0.8126169359848703,-1.0709211514902364,0.3835711419731256,0.5136695339573496,0.8613608394738288,-0.6658889261128461,1.0927837191966634,1.8735308254378644,-0.05149189298952672
-1.5004727870533776,-1.15730075089552,-0.5709252815621547,-2.0138028627804836,0.1052729908179837,0.3984276657476881,0.33186915826588564,-1.4245256934586108,-1.9638286626634405,0.6865639864587227
2.175210688475053,1.4193308962725146,-0.028349233036145317,-0.8748213017954907,-0.5698988674634662,0.5026520818282303,-0.5728553581542443,,,
1.318378022443691,1.4534372539397928,,-0.27585202768302997,,-0.552949008975223,,,2.373217565878444,-0.9029759906078317
-0.8394040076335,-1.1120940860032427,-0.30740093846241734,1.7189733804530636,-0.6822625766603474,0.1984120089286264,2.4387679631115002,0.40727071750930377,0.9603629218157697,-0.5392708561299002
-0.2533267726444085,0.6378662266389122,1.0607092779842116,-1.4784426749052684,0.2808934487205725,-0.3800885318978905,-1.6313411822127846,-0.48725420766620364,0.40601220277158334,0.15195114934792822
0.9778400893710512,,-0.9162592994288706,-0.7237723060056974,,,,,,
2.729730028813183,,0.391542470258764,1.42839473864292,,,,,-1.4570186807003342,
0.8358971617888925,-0.2523592094790703,0.5364735298519517,0.49143743426063474,0.7381780582925535,-0.9111405084462965,0.580876559366533,-0.930464092285588,1.0411650369739838,0.48196082475847796
-0.46767779786484853,1.4568602825821535,1.4216333366982317,-0.6377361159543242,-1.015151811551553,-0.8958914239004784,0.17549768100675353,-0.5660350683985013,0.20286965406799892,1.0922720744581622
1.7527520078759578,-1.4921388040150074,-2.375355533876324,,-1.2003024493368202,-0.6510951314896407,,0.8136968999138877,0.08097822335297998,
0.2325719985866622,-0.05291856975188442,-0.3231173151604624,-0.9928963133641723,-0.39451719663148116,0.5695990758047015,0.5871208951730322,-1.0566527801719057,-0.34211318243562355,-0.9402381165737936
0.8430014556112626,0.06606503512995617,-0.8699562209404182,-0.43940669226663337,-2.299622170558566,-0.42063858865945053,0.39691813206532295,0.4443801883738645,-0.5841775725830565,-0.07553410998622957
0.4819873879566686,0.9495968302677872,-0.24410976450710348,0.7385695467028126,-0.9972970562655996,0.4716760937607194,0.2583359258352462,-1.784865758225913,-0.11195809912287935,1.2868307915450268
-1.1358097409400671,0.2508216385916599,0.726425818623841,0.9550343386966714,0.279629557430459,-0.44288335890442043,0.8623989574168569,-0.036921880916676766,-1.2463489649830328,-0.15755172544958435
-1.7646201927890168,0.12886584400455794,-0.1031884313906963,-1.1651216894782692,2.351811626231624,-1.1246849412930573,0.3369334642913125,-0.08738581972054896,-0.5709624040850277,-0.36915716611846255
-0.7308857594028154,0.37173192100470176,1.5433916872739326,1.8498959917965028,0.6273925856279285,-0.7195448776355574,0.45470419528875783,0.135671755717031,0.40831230070209035,-1.3681358738234974
-1.6533838231346802,1.2335719661534932,-0.0982350339678237,-0.38344515296692455,0.1923013724999543,-1.4615422708891048,1.5430610704830385,-1.2663063086150215,-1.6567763227778793,1.2890123378380174
2.8224901285593016,,,,,,,-0.5284375446963613,,0.6242471114595594
-1.0766443771955656,-1.2801630985861558,-0.6522291149908059,-0.466485694101881,0.050300568698529266,1.9407762352586544,-0.5386936632096926,0.12077705582259751,1.8030803357161589,0.9828607216669252
0.045202052976838866,-0.2457408285239851,-1.600157557233284,-0.2428657330581223,2.315156118226462,-0.6994765734280269,1.0597135823435486,-0.6886181648928285,0.8273972719326559,1.030195701830172
-0.534749541528633,-0.6428604194079932,0.6318203566168723,0.7241281913822785,0.8710555406143943,0.027898267882505313,-1.073406074858201,-0.09713352516003942,-1.0940679079634814,0.5643083103694903
-1.0771677419277947,-0.8012567355808369,-0.1753734575679835,1.3603747954431853,-1.2153905085786152,-0.6787019911871645,-0.5054578661928928,0.43339742206941534,-0.9187899524398935,-1.2404863418684402
-0.7957585918328344,0.3495407969859174,-1.6238302834987555,1.0439534198503075,0.722738712167954,0.6655285010152832,0.4179941806643415,0.08513852700811471,-0.8171547991998493,-0.45687846610897415
-0.49095518072227834,-1.4673886632978232,1.4372560675217294,-1.2418639306597226,-0.4892425312044773,-0.33113264559961647,0.31447989516283703,-0.4479847810108446,-0.7231527344584587,0.9623938765345131
3.2728470814423964,2.120333661773246,,,,,,,0.2953413115684185,-0.6963949042578031
-0.014257218710482994,0.5348098292051371,1.6173540462671903,1.6594677352008602,0.7225040733955033,-0.46791115821922974,0.20174513166523436,1.2287842016725938,1.8765605203850635,1.307930729603312
-0.5209740709425713,1.1760574109021593,-0.5860792557781656,1.0845485576665832,1.2951858050960903,0.828223557043292,-0.5625599473876233,-1.0572987884511023,-0.3093297786868086,0.6061086827790126
-0.8117878072494653,-1.7795864748120773,1.4490698711497014,-1.271624454828141,0.2104249282669871,0.3758734806555228,-0.7881773445383442,-0.1771989839122319,1.5663998001211075,-1.723511790790687
1.0948040974017257,,-0.8098247167193243,,,0.14143711287733177,,,-0.42393867714146494,
2.0106755880957836,-1.1989441938446042,,,,0.01815615584480909,,0.58042152451217,,0.20361356331028804
1.3852968109629684,,,1.4920546681063274,-0.19489974915786454,,-2.986036901588812,-1.5071431792675039,,
0.2891749979815547,-1.53426654073653,-0.3456898688905499,-0.6716591394722422,0.38800314547371206,0.8178088361820115,1.5728784986969007,1.3588148171951981,-1.3774349932529142,0.15986663189930905
-0.2746887097655694,-0.17489875630964657,-0.0941101204557576,1.5908701676255863,0.6963127770713112,0.04385382347900729,0.14003542165757288,-1.2266606647118057,0.6323241362732851,-0.2637839994826888
-0.7998198565807393,-1.3075058128703096,1.909187958107398,-0.49356308679006755,0.8768814013825414,0.3240821925290932,1.2415745240669924,-1.6161315228418414,1.3069996696137336,1.511221018270576
-0.9746912030553805,0.7834455335052319,-0.9567858917329397,-0.3389071771883241,-1.01560652312533,0.5345258053606534,-0.3239626555999185,-0.025500170177073043,-1.0338632754524237,0.8957735634886677
-0.2544025253308652,0.10198578516310819,-0.5605204551630452,-1.7343322702762805,-0.9419168588154687,-0.24625345230366488,-0.18392314086062497,1.4933174449166275,1.5375024347373787,0.6747818468478375
1.9710650397751681,-0.4918907610344026,,,,-0.9355527908503727,,,-1.0914305542423337,
-1.721475072651284,1.2426458827653892,0.06165041953919032,-1.141946097123629,-0.32522847601549465,-0.029666360820064356,1.0733569054221601,1.3540953043229063,-0.1857611040744992,-0.08124627751200207
1.8891191066311142,-1.595475126957782,,,,,1.4241613318589683,,,0.7510902055525063
-1.477162196010504,-0.5234078166982805,0.03867886947164432,0.6527837489534553,-1.0356376864466477,0.7773972219461759,0.08953561070452953,-0.8430322148859836,-0.5354729645990063,0.48871886141919674
-0.6164429620659765,-0.3391719538078364,-0.36098218001414123,-1.63992705782294,-0.5326843142505555,-0.23794881261124168,0.010076631248131221,0.6990838959916862,-0.9227080682111983,0.9280639187603069
-0.3872806623607761,-0.08089881384938777,-1.6178354272110558,-1.0586260607686733,0.9208927493814452,-0.9573944548741042,-1.0317810320571326,0.05826592993654699,0.6734571773644665,-0.14912167323159067
-1.9547253674821383,-1.3926834111848274,1.3356628364988181,0.6339953190944931,-1.6213516721510048,-0.283194708288232,1.797090159531154,-0.006813829692142347,-0.7257658832717225,-1.4425965134483025
-0.43772277733929504,0.7916449688976741,2.075007406573584,1.3008007370083845,0.45289283966105853,-0.1051564519914706,-1.1100876376713087,-0.24832595422760376,-1.7763317858584418,0.8599592404913113
0.1845052898230133,-0.11485143456116696,-1.419719973820926,0.3240597513271075,-0.25583706524730143,0.4407764621902001,-0.04036900441104539,1.0118430248657744,-2.2700998403317127,0.24019439251155947
0.8661307750245034,,-0.027138373582593356,,-1.1829402245962792,-1.2415434148684747,-0.001095553452849935,,0.29583613028789485,
1.6600388432982804,-0.46132295512500326,0.6408320909712534,0.6954309030659247,,-0.5040260240250979,-0.4717133253289087,-0.10114495625357932,,
0.5473242911053213,-0.9257329906482432,0.6117204039748992,-0.3796153794746545,0.6672744948015323,1.0920136621905576,-2.693724219378767,-0.8009474631136246,-0.0015463439780844734,-0.5216184363126698
-1.6811490331409007,0.09941244866739786,-1.3831089488677326,1.2613164424846508,-0.4949062748336945,-0.47919993192453664,1.1135863658840612,-1.2651964016866861,-1.232926920747756,-0.0934930863994707
0.4247467605391399,-0.7572766488376451,-1.8744245782392388,-0.1088430397930064,-0.14054835182602385,-0.4167910694159306,0.002125035142943015,0.9098322251739509,-0.047654396728116555,0.33211424383077903
0.3355016486019012,0.20471239796800772,-0.4125642557312648,0.19555779132558762,1.0534780644681125,-0.7122629248860837,-1.4322601138459163,0.6372089361571965,-0.7082728016580326,0.5383339995628452
-1.5406682558850175,-0.7061874700527648,0.25955515797652534,-0.3852939121147482,0.4011494509575701,0.7486970084993554,-0.21752209991730506,-0.22239276807649172,-0.3434945547383568,-0.3495303592399268
0.8245047778102503,0.413870932650546,-0.5494861615436081,1.375983014753863,1.5573012004149485,-0.02691573835320217,-1.1246442854951295,-0.5507484523784002,-0.2405589139460253,0.24842781153357768
1.5595247353840715,,0.278099801548418,-2.7893189181301903,,-1.3628116164276605,,-1.1147522205957472,-1.8447535415528447,1.7758475628796893
-0.4760909514282607,0.13181403868773112,0.299057233745908,0.6686905060220257,-1.6455804381231132,-1.3430499092270625,1.4337727192392966,-1.0815261361337942,-0.17221962654593165,1.7445084684807786
1.61860712780598,,-0.6009096475749245,,-1.0600981972017616,,0.6623623348478782,,,0.673543784610399
-0.6681541574348343,1.5298332602855436,0.04737620955799476,-0.09825325879596347,-0.6216325558769868,0.9187699485264768,1.5041934896625144,-0.16651428841285115,0.15480630889409835,-0.7563866433097106
-0.3095543150548345,0.6760158295434036,0.9905697273799928,-0.14707365861419996,-0.19097800448294938,-0.033989558432216724,-0.5997071153483895,0.8099331752191059,0.2988444536848995,0.49430066181588234
-1.0431904973084525,0.9884957455961203,-0.6819309126943858,-0.3855493539903147,-0.8742812404384678,-0.5936883331224633,-0.14656577910460075,-0.26053101458117695,-0.5707516741350257,1.4146103759577733
0.8286486074455416,0.606722080668474,1.1747640802883312,-0.39592185840216343,0.2528622928999389,0.008945597644669881,-1.901184510551064,0.7396487324937249,-0.353951179400173,0.10988043842081152
-0.6536682750381799,-0.05721091894411329,2.510535352656583,-2.4844808521644035,0.920211727729084,2.0381554798291885,-1.9018949366459983,-0.6632361084355959,0.568912476453743,-0.40968921690586263
-0.6184179806296802,0.6940064125567572,-2.4373576337876024,0.7595880799813207,0.8029776267490847,1.1110171472615564,0.5162525638748033,0.8726255273890389,0.010827203026976458,-1.760878993131367
-0.47703662538597535,-0.2190282631621211,-0.251335442736812,-0.7251073858588822,-0.4954007466706644,0.6601607193878282,0.25218171699914993,-0.874551705798416,0.6310993658798297,0.1741987450807747
-1.5087618178338573,0.12668756835908374,0.5505386854178345,-0.870155032338336,0.13160334141528782,-1.0218143883948294,-0.6897521838610435,0.3161285304687645,1.4200236717797146,0.4911026554422585
-0.8000017766389204,0.553953716230742,-0.14418093188484096,1.0428251091694956,0.24848001134890443,-1.138403950248,0.0009662510611532408,-0.03867324459309681,-1.8834419506297042,0.32246938276714393
2.3689424007400097,,,-0.4747807032224354,2.3492558921737925,-1.0657596561555667,,,,-0.06612220406067267
-0.9425676927823525,-0.964366846284449,1.114938955911791,1.3285674237995262,0.3391366770407194,-0.8865829796328033,-0.09989955320692044,-0.2144352043294562,0.45272949260382805,-0.09654716731960569
-0.5350787703059695,-0.5176337874248437,-0.15244465426331036,1.4747435290265425,1.7878798094593085,0.4814858026705856,0.2544501559069043,-0.8057220084316815,-0.280366475738182,0.03470662163667454
0.9700396289459905,,,,,,,,-0.6229084775717576,-0.20110477927349332
-0.4828218670402442,-0.7888551118854744,-0.6627933433257941,-0.16700209258640678,0.46438576369020357,0.07220093950640738,-0.11348922100671417,0.3632324943799056,-1.1221713871863381,-2.0214499329471103
-1.4027137082616774,0.5497702397067923,1.7311602631124625,-0.3091658946486407,0.5514073458795575,-1.491936405769181,-1.4332111201218765,-0.015928902661759014,1.486657758600752,0.05342974508776598
-1.5481441191651926,-0.47751439366364906,-1.3030355383720609,0.32249119403217,-0.943846601325809,1.0684619097812167,-0.9663332975187383,-0.9247333053270512,1.6461120764915989,-1.429353835331052
1.1926977832567125,-0.9022586404948342,-1.0256865403829782,,,,,,,0.28364934156622557
-0.8128097045722298,1.3883750255823297,-0.8044569038208949,-1.1647670434116977,-0.22877481701642616,-0.5767705114294656,-0.46921936757247923,-0.9681622747413964,0.1325071373870508,-0.27784725453703407
1.104510305556729,,-0.6773257225015181,,2.4093575777281893,,,0.6827287285920696,,
1.8945109422039468,,-0.6325069490976551,,,0.26142661986810767,,0.5694961697707867,-0.08680521916668817,
-0.2782024020800264,0.5509904121758558,-1.6095500101533535,-1.3038013418013064,-0.725270623664443,-1.4807994625999217,1.574834716195787,-0.4168488718258266,-0.09289568140121753,0.8720146511467519
-0.7088393315042749,-1.5621190934595448,-0.8651641702536024,-0.5682892218688798,0.2295126239957137,-0.9807505033555315,-0.1636290828659366,0.04426559690096,-0.2718135108881835,1.5733422827213355
0.3532295258152839,0.14757677158629715,1.1358644659108204,0.45391540182788115,-2.4064458362080714,1.2922480403484922,-1.067796881858169,0.040199834058970874,-1.021662350881523,0.2767469891880281
-0.9742012610553076,-0.007759253223882848,0.8420370432115307,-1.218754241925963,-0.9681138986789537,-1.4857556430847967,1.5350748327370658,-0.2474488770085932,-0.27186585935899776,-0.9692680489098334
-0.6838180845977346,-2.031615612816328,0.531263376163058,-0.9781244363634458,-0.03350441848919341,0.321614155027037,2.247141307811029,-1.3705297735073652,0.06833369306078403,-0.4477108520450677
-2.0632223967515437,2.508208086248117,-1.0562230356605138,0.04373079234289608,-0.05783738245072837,0.27745259832144237,3.7982103403702117,0.24042824908664945,-0.2544820899489343,0.34966044573005145
0.040612530196324784,0.9910493052501828,1.0454460878417,0.0073102853674713855,0.5859032490166834,1.411524813778143,-0.021531696545603937,0.9607225504574126,-0.3221353872828692,0.4099200710886124
-1.2048387760758419,-0.9848531370666462,1.5210086914536385,0.17019737766564685,-0.11573667528746472,1.2915568938423556,0.6468251167128946,-0.12574825736004858,-0.43392754488929314,0.6046376974300726
0.6065478268045873,0.30429411625283276,2.13481638540021,-0.7744657550195061,0.38813718368508726,-0.2635947087128935,-0.5594617619417825,-0.3841974644092533,0.3098648151053831,-0.7501087467652764
-0.7709065675228705,-2.165454435789053,1.056156551119986,0.3244565844957103,0.8058110762184216,-1.0366816758971602,0.2714468103860091,0.23201624468578588,0.20204967027274895,-0.4459520881035857
-0.8913701688664495,0.3984655502786123,-0.21682627802973653,-0.21959831844596325,-0.9601615906761439,-0.25093889923038176,1.2389287626727798,0.8183013077215425,0.15430445972093482,0.40886361073276867
-1.5068041765426916,1.9249962974412478,2.1399013203580566,-1.0604336135745982,-0.30394634289122513,0.3401848917606061,0.44579325157817856,-0.5817434206340464,0.16490292310464338,0.4894220792015332
-1.0707607689649072,-0.3156888412995907,0.9098090053386935,1.1813970023063796,0.6687516123909906,0.6803290980181218,-0.21607579105801786,-0.23680720663854396,0.1636368223256031,-0.8194276012418579
-0.22457938738095043,0.07673776466371275,1.4911656832668332,1.9797367188004906,1.930260291829538,-1.149596328579139,1.4191353496914167,0.23054398386240318,-0.5654506027133831,-0.2782236662429316
-1.3491116784340857,-0.015015961235362632,0.8059996386735511,-1.1476732682904334,-0.8275220374465417,-0.25962600367064,1.5817177253929644,-2.229125372794712,0.5674376259170683,0.3275412894809973
0.5310127253296905,-2.1678194029412676,-0.7924927804251231,-0.5391547938448917,-1.5617804842177074,1.8866651418889797,0.6616373824779654,0.9569430079664174,0.7482529682518171,-1.6038671967658134
-1.6144876661727645,1.098438642467677,-1.1543768779732495,0.3771222446480864,-1.0608413246143347,-0.8766630630748729,-0.11262526026005462,-1.205654636572661,-2.363536126711908,0.0666845546984499
2.4607833325796977,0.6846696874297905,-1.2151983156092867,-0.6625996516379686,,,-0.9253130100202682,1.215993796669393,-0.6523650237224315,
1.692909263282737,-0.19911703490014226,2.1289600490976492,,,,,-1.548068879155401,-3.6916192430855945,
-2.156912759219092,-1.037455800684271,1.1580858895085684,-0.4677385138873866,1.6250585682430696,-0.5744343261048033,0.8724440778232078,-0.15167321660088903,-0.44433029893981396,1.4427353448670885
2.1984496552301285,,,-0.050398192515987865,,0.5895113211314901,,,,
-0.18563871185225148,1.149679188411574,-1.0470847890645962,-0.019975663022374336,0.5895501330398991,0.20068453848683476,0.4653529786400012,-0.2638391972552916,0.28347117189051485,-0.7404823839994135
-1.6946533525446892,-0.689726457139351,0.017376284421687434,0.5584202364368555,1.2424293489370133,1.5697015684440456,-1.5058960518655946,-1.0291273813154935,-0.471091659099317,0.31499231954515283
-0.08568670860008816,0.7021080140977236,0.3523035462694868,0.7020307248941582,-1.4633848854243454,0.09936267022038697,0.18401985199998053,0.20626255170325408,-0.03804276995168104,1.6227358548908561
0.015287847464541909,-1.146527706547363,-1.1450223370618169,-0.551477867244905,-1.1499485422820186,1.7387168808269693,1.4849921568224824,-0.5616062624488087,0.42242302727895975,-0.32732469128617486
-0.23374180878650766,-0.6705023548038502,0.5689066107617878,-0.1780887768802617,-0.3922544712139818,-0.4158429027246736,1.0666448279082212,-0.8687987629289334,-0.6050421427962265,-0.6732388106441943
0.7275812516341458,1.6327061138556784,-0.6937077096519777,1.4459548840411383,1.156523237798154,-1.0067847656828728,0.2186464685561014,-1.112879847110372,-0.3489073759631875,-1.4403876083624356
-0.43548497677436054,-0.2767148763718736,-0.9710317000343002,0.4049123851130768,1.1324338144917458,0.5142895748622806,-1.2912460671927468,1.2269022444400157,0.1807840217390206,-0.8343273947221813
-0.19417217602958364,1.2661299268944295,-0.028171893087435423,-0.5726205441697221,-0.13059422937702297,-1.3919068567711674,-0.833084800086284,0.6080007619151234,-0.17294041244660985,-0.3799262235210228
-0.040910456641700364,0.7355865063643805,2.6313676189071318,-2.939998685400954,-0.07762592102568185,-0.3540882474322465,1.249166517923181,-0.1566041137716989,-0.5041457262255623,-0.30344953876076874
1.4066482761622354,,0.2431921199348915,0.3856069812328171,1.6234015119630565,,-0.5923988110676939,0.45132648216313676,-0.4010265934502742,
0.9046050553340454,0.020110209684084834,,-1.0755542524867556,0.3099097756990377,,0.387759695826476,,,1.697851781670868
1.2309282089451135,,-0.33532426341183763,-0.508081658466198,,,-0.38620421453995507,-0.7064336469830707,-0.7335214965679375,
-0.9793722162188143,-0.6385588661083607,0.7565814536531766,-0.4247489549530266,-0.7200863068492709,-0.4054252745770462,1.837392038709351,-1.002234667836393,1.200963128231455,-0.6229034051637165
0.37415887245821294,-0.5488501690262018,0.8761512051797351,-1.3396313172495726,-0.8467638990425442,-0.6552286122034479,0.2823987459703334,0.013070357602759883,-1.7495672004683236,-1.0592535796110867
1.7041992386673939,,-2.0592054206075567,,0.04811895230280514,0.32320862624479924,,,,0.8898459911785311
-0.3163243453718463,1.2133559739090807,-1.7358823250783082,0.6482100991161203,-1.1053755577319238,-2.234680729100435,-1.3099076733741901,-1.8542400890248318,1.4124266166465926,-0.7914080761927043
0.4343506596781956,-0.5998184246526557,1.6489678092046636,-0.5524076019411446,0.26418275583407136,-0.8173281427370956,0.698806849445241,-0.19414188572679666,0.5495298012341188,-1.5597991073332238
0.4354766114533111,0.06763600155619447,-1.6705422511322772,-2.0751472978998704,1.326921212075571,0.4838381415412373,0.49785148350647157,1.5494202501378282,0.8307263976052348,1.3306213621641143
-1.1335762583644347,-0.0029620917518116694,2.6283113004466605,0.6393930478958837,-3.036848464107789,0.21222035105960807,-0.6016922920495711,-0.9260079170305653,1.1727156099737541,-0.4843378144611162
0.2813046273514632,-0.746523712748926,0.28463586502755794,0.6430249254994299,0.31860586031046584,-0.3568943447389381,0.31468317194822676,2.0129098980809204,0.9163168033679746,-0.3073564967302182
-1.0842996257465034,-1.765977506658263,-1.6415833214502067,-1.6995967520268338,-1.627056143722022,0.42118329908773283,0.9934997781736751,-0.4954528852979794,0.0740773082231241,0.7294892798524867
0.5761191044771783,0.4428927771882191,1.0469005370833542,0.5974853993532534,-0.8793736212780094,0.28615666352833913,1.8625325396260386,-0.2311578836130679,0.7136914418293052,1.9290461541470698
-0.5162051654647003,-1.3071708512320772,-0.02749033716822038,-0.5489704181147916,0.06170064767747669,-1.226023901850074,-1.1612066331851956,-0.16889504142226963,-0.4752744283825986,1.6037389432374962
-0.7064687920489429,-0.39415031691235985,0.48486770581152605,2.674915793007807,-0.21650880003993006,0.9845613584052287,-0.4195218070549663,-1.3042098299908815,-0.7950354521165649,-0.303073736506346
1.7273872827503576,,0.7688255221815978,,,,,,,
-0.8445421900415022,2.064782857614892,0.7297762702952906,1.0994419755207008,-0.13276254992165462,0.8692249855077707,-0.39969790741413425,0.6402482181645884,-0.10543508382055676,-0.10109534020946655
0.015750383328394145,-2.2108772692311147,-1.2074953343434833,1.1548355631270946,0.6206969601708553,0.5544666188401977,-1.3285112556028404,-0.5173089522467714,1.1214673394573011,-1.4343511511862725
-0.7164116141362497,-1.5052647078324273,0.6010137206867883,-0.688790222789589,1.24310997829973,0.15252151257710375,0.39258302065712836,0.49513076518993443,1.5014698714040207,0.64884083877826
1.1389873445343315,,-0.7018595017048567,-1.512161270594129,,-0.4109857435771371,,,,-0.5680932074499135
0.33344693270229203,-1.2200030382375635,1.2041394080123156,-2.2233540869260313,-1.0895352994634833,0.665257050862174,0.5916666978535786,0.6128749584208807,-1.310244704518493,-3.0059290927810642
1.3658203705455616,,0.6017728363936894,,,,-0.2944709588724291,,,
-1.3704731852012462,-0.6223538640515376,-0.3484359084331547,2.1479855797462974,-0.23903263331586136,0.6064979997825538,-1.1625208815330486,-0.5441046553577121,0.04411622028445093,-1.8716299274389336
-1.2149351108098696,-0.551374293445259,0.48491091017350385,-0.043020950508281065,0.6853961774416001,-0.8876154148531179,1.2765906976537182,0.675859240384295,-0.36203144470739357,-0.49488569939094434
-0.5014785662380712,-0.9278575609332521,-0.5273641698581685,-0.09634612955656782,0.21840009069514557,0.8468345092399093,0.19628476116168905,-1.3566145879477034,-0.15097209088140143,0.6901933518229354
1.8680211861280465,-0.06014019576518601,,-0.15229156355556442,,,,,2.281646940557014,-0.06394240167933024
0.8091404606607795,-0.4372209578207479,0.2940100831167582,0.5836172650241349,1.8348150286430456,-0.3827547973504091,-0.419770274017754,0.028508460814736857,-1.7315067143796807,0.8509374088351243
-0.05879477784653803,0.453545192027573,-0.47481729956706514,-0.10554495473568992,0.6267254956374029,0.46806038481302337,-1.0016820847974621,0.8584407452796146,0.2117209263258515,-0.2664415634128865
-0.4232601576949487,0.5845019481095155,-1.0674794207427616,-1.148108174571746,1.0914149023850246,0.2822786180765395,0.4857580236142944,-0.24838905588278948,0.5496088166107362,-0.7014720263966039
0.4518075665651811,-1.0863449508163254,1.0363579294794802,0.9469254627461813,-0.3090848581056697,-0.4694776089404025,0.5831895118139785,-0.9781536730084804,-0.6377124273994363,1.1565984166185486
-0.2681214893006081,0.25759374025059834,-1.3289099526056378,0.5150338294161219,1.5319140563480838,0.2703753854138601,1.2550166764841824,-0.6729624184955122,2.1969587789241976,-0.07839373703318761
-0.9580497464810429,-1.6433784309151318,0.6850982157491478,1.16386243591607,-1.7512960301409115,0.5379682987329469,-0.22906796412870992,1.0723464713288524,-0.7422618171086228,0.6846296021406046
1.9240735280753227,-0.5419736158269254,-0.8900466652252986,,0.10050551589789367,,-0.6590843730256291,1.1914785166806836,,
-0.5078181231930687,0.047164255223113745,0.3528627154294493,1.2397743346143424,-1.1723467923767632,-0.4130799441375575,1.779069799469795,0.10878317961857809,0.6348835475968655,-0.3180219937688619
-0.29362024656797003,0.8523940870772636,-0.3026507825704176,0.6829040775264252,1.0563267581327032,-1.5134693453889603,0.0749651790466804,-0.06376814864315078,0.555670935839467,1.211230222313705
-0.4633296975076047,0.9458035856183101,0.9080961044726391,0.1561306421415804,0.27497273773160896,-0.19520770197504841,-0.8154236007752506,0.7274511165312563,0.30824755402997167,0.29139324129367233
1.2545892494216035,-0.6115134393736694,,,,,0.17059175823897713,-1.596606639906359,0.1459013213026695,
-0.1454934379385014,-0.23300269132789117,-0.6185003699281876,1.4379590477517268,-0.9766575572646036,1.7295336602626687,-0.26163146045918656,1.4955035785025863,0.10012549883239558,0.82460034862162
-1.1276950215840178,-1.6990855030282195,1.3407603779045643,1.5251246481568785,-0.7556916065668751,1.7906036275022024,-1.9144476974341786,-0.011220046798517545,-0.5716739923950502,-0.12520322706131842
1.2867249309792173,,0.23687461020250222,-1.5812741138402069,,,,,-1.3322046356897408,
-0.7851235987770525,0.959264445713141,-0.12884397477670542,0.9198530203924352,1.8062836229814059,-0.1554198889559383,1.9301382740195885,0.6683692802949228,0.27546983132207536,-1.1757038833511722
-0.5124853000999425,0.37714906704362255,-0.2890501862830096,0.3975370673858442,0.3412998615352661,-1.101827280821207,-0.4994809999317313,1.3505795985148017,-0.5026583987260177,-1.2690593475527132
-0.8444442336572322,0.7846249355712964,-0.5153492726808405,-1.356223397919414,-0.35513799272505064,0.56984130878886,-0.7573480289168228,0.4858280628583831,0.3285726732755205,0.19362333962977224
-0.9070603520594803,-1.1590407613555354,1.1344977481617387,0.6719346149821996,0.3346926536773051,0.3611228736801531,0.7248634384915303,-0.5707831485779469,0.9728035852648818,-0.2991673659547033
-0.2110676482622536,1.5975277232862453,0.6519477040398091,-0.6747461220857726,0.5186679256606345,-0.3502805551289487,0.005090630532080887,0.28879462559149477,-1.6703072082437498,-0.4486632413676383
-0.3324300213022917,0.15552918619096878,-1.3866172127359775,-1.5520115697998977,0.1541077337895752,1.1741076462382827,0.2843926200883541,2.560798765237224,-0.16326191436188112,-0.09414302828976
-0.750186996536198,1.3971566984504975,-0.7204583196858171,0.0995636956816469,-2.322468353011604,1.3373131922591346,0.788033302468727,-0.2070007620506686,-0.1698912974216058,0.31282356701024344
2.0537511874836514,-0.4576992740793886,,-1.269901733506649,,1.2185906165762783,-0.8564405326998631,,,0.22516287119882397
-1.4673559037418193,1.101171834610405,-0.37087406137158163,-1.084999843707977,0.6969165245731385,2.3066257314188676,0.1164883332390381,-0.18201350988684478,-1.6207325276296274,-1.3271663844620425
-2.1141045730958488,-0.8829944570170638,-0.7902005830468722,-0.8376123038212182,-0.2661413279139268,-0.0638808291489184,-1.0994985265057444,-0.1241213626336393,0.6195228216441522,1.0073852915425758
0.4552760620536689,1.3552761791597416,-1.4938347153002687,-2.9732079889244245,0.5349819859831316,1.555045262407714,-1.5116567505653895,-0.2526449130059852,-0.4609501864814137,1.6935424614459247
0.49967242702976933,-0.17649276540850536,1.1168694328940654,0.17575703976223267,-0.787994837264949,1.1386939749832492,-1.5435015035301016,-0.2672838289472451,-0.336516870477856,2.422031770854543
-1.6023896636825454,-1.0624033166163194,0.8457818557370309,-0.8098729799965235,0.32137235449361146,-0.296441143796021,-0.7361979520732429,0.11609373408908522,0.5913365955033263,-0.8856970518066044
-1.2146372088488475,-0.3006852620591077,-0.5811195972384381,0.5612368622981313,0.11374922758156833,0.36444887602376164,-0.05127102046425113,-0.5997602869627376,1.491421260030608,0.2717150160047425
-1.6213088849245487,0.4198304930215374,-1.4007224284398376,0.3923321340767346,1.331323623724212,0.15976150873935896,2.1507051355493765,-1.3883913674529007,0.8531849669586979,-0.3014542378278725
-1.0753286544616278,1.5378464764043267,-0.23083425367108676,0.009513291255444593,-0.03577304007487144,2.5643375933122576,0.7001320828898049,1.1750139993388313,-0.8550972346249875,-0.9429720196774531
-0.7135406914924073,-0.4215792539857421,-1.0508042836639198,-0.30614403289456643,1.2676320427910694,0.06538426418672792,-1.9515514741935065,1.4371646902805422,-1.5883132688102808,1.2096011453537874
-0.09389599558862163,2.633692277562038,1.6856574311733479,0.6579710035002029,-0.03962823064437782,1.4827162144028998,0.14221303405418081,0.5681120324610941,0.19258304252357358,-0.6791057351938412
0.3490500996859912,-0.7919872678696922,0.7569208293439627,-0.001287262666925387,-0.5434045028382231,-0.6814895351960158,1.7154905727381202,-1.0938542256377513,0.31711007111255973,-1.177918735250974
0.44282292977212656,-0.33417091183810843,0.08639537471697321,-0.42040534025207754,-2.084406639080869,0.35125493040553896,0.27491035093561783,-1.0713385036971044,0.06111613900774523,0.2854143860603593
0.38684573768244074,0.06429261482814111,-0.709667013146522,0.793063424198735,0.3330998932694883,-1.9436129596912357,-0.4518277759515814,0.6523948702316685,1.7065545034591165,0.20767762477702004
-1.2832889208707727,-1.6787928370012506,0.08025281801467869,-0.169598642729309,0.36298763412000973,-1.113297278763754,0.22756658628618454,-0.09064458151119381,-0.9402285101451443,1.5877720449387738
0.8604643172779284,-0.13111418994732243,-1.3484513863936722,0.488633522458776,-0.683566475539572,0.6639992530667762,0.40726576509260937,-1.0282758224921316,,0.9753950290399706
-1.574957683282803,0.33851460578109593,1.6701675971145042,-1.0889258864414377,-1.741349663215445,2.700135969272584,-2.3244439529574024,-0.07807501645881526,1.1901262199884601,1.3453883381071527
0.2994668937639624,1.500476273816705,-0.2319818210664698,-0.47151697725837466,0.13571896061162506,0.4056386607599228,0.4540304376883924,-0.9573784811085063,0.08859400546616192,-1.0578134113730076
-0.1627427525356998,0.5924358963880747,0.5367820426367924,1.9553491275239603,-0.5165464896659263,1.0547364310105036,2.019274262507867,2.309473429090922,1.0520780988623966,-1.3955738342869624
-0.9899320885857997,-0.8658353195674835,0.13599129172003946,1.917465574215403,-0.1405368799218885,-0.7581824395441691,1.2302128359513738,-0.47981729120840505,1.0200349704414273,-0.36121980320889363
0.9128469085299369,,,,0.050179470500987686,,,0.9415580061922513,,
-0.055603196366576055,0.7248902895528948,-0.6076765213405003,0.1892950246450803,-1.3837862877755713,-0.7313425451026616,0.2519207323147247,-1.3396107969102593,0.19935084881630893,0.6488646434901708
-0.7018133084525588,0.3396149494155037,-1.354048326652431,0.45168736529583214,-0.4601494978902228,-0.9673841404687646,-0.36263888992714444,-1.190834967708685,0.766200857925701,0.12644470892081444
1.037538635559104,-1.8087859496130196,0.8931511272304304,-1.6376766832371985,,,-1.595115515229063,,,
-1.0027113734068878,-2.662286668766235,0.5126894806442808,0.016823490315652636,-0.9445322953238314,1.2486280552425353,0.5344531711855919,0.0033056974143214637,0.5339035560395808,0.5408110794986963
-0.04122901327528182,0.44453882784265814,0.23887441814383842,-0.3787103136971461,-0.7135132071122703,-0.687645602188978,-0.9123259581136339,-0.16132581098705656,0.5095738835245305,0.9028732654019251
0.2081095040099816,1.0969492933334462,-1.153859198119547,1.0559072081735648,0.9793733708698608,-1.410826657047774,-1.1724129339328848,-0.6735053355875836,0.4787919433097534,-2.2744071248080666
0.2579373708749962,0.5584595154973958,1.8347794661328942,1.47714281626428,-0.42239304598867844,-0.6219079662236265,1.1278577184573686,1.263314531765792,0.5354448774866843,-1.2208605668440211
-0.038596115124808206,-0.5636133280576273,-1.2312088704215587,0.2820504332217116,-0.900876995425973,2.278064518916503,-1.0464488041971958,-2.386920281438327,0.19084513770237307,1.5256649265297473
0.1605286218354358,-0.5317166025440855,-1.0709595648025052,-1.445875856946323,-0.5944650564891291,-1.027916698736935,0.1802608473055522,-0.15442801900317282,0.0702135777594499,-0.8962425401567198
-0.19050752473182478,0.9593299968162854,-1.7896525243078307,-0.8522077400861345,-0.31877463361832176,-0.4565716309968007,1.5022819918261432,-1.6480084504323145,-2.9257357407578857,1.1616364866791296
-1.4863224590315078,-0.7976008526606069,0.3107003604541438,1.256607904831588,-0.7184651022638271,-0.6326570936675051,-1.23454507149839,0.02338140387228882,1.5030586588724664,-0.6412273338148331
-0.9087450898409429,-0.13901155675993737,0.5564776339114246,0.813461072306755,-0.1861721674395406,1.5754270001609607,0.6093863745820323,0.009806010442337353,-0.030641339724024233,-2.110120830585084
-0.6088507966780877,-1.0435697493851925,-0.26778942610684875,-0.8834921734975681,-1.423971212176619,0.8621405710525497,-1.7254051253998912,2.4057176475875783,-1.1005024705847921,-0.08693400974487275
-1.4160209003162734,-0.9839258434350715,0.8007560785978082,-0.7579971938732365,-0.6774678722094619,0.970275003409685,1.9136141890370137,-0.41641586917562545,-1.9337131475913891,-0.35785664777049014
-0.271494472958172,-0.042224912116261844,0.6124406180371154,0.8136857064908337,-0.8254684225598533,0.09913595123458215,0.15180765873549149,1.7682510477760027,0.8908771392295475,-0.6526783068420401
-1.245454321470713,-0.47613983662833803,0.05122443547786267,-0.2726821687228183,-0.9154862926648942,-0.8766556367763663,0.9154126803619287,-1.8917154505811846,1.2331837946279465,0.030159567803879118
-0.8325099679417605,0.026060967278360568,0.9542300887637656,0.2567705430898286,-0.590932910930889,-0.46450700731807343,-0.2341494251608649,0.4528024128164524,-1.6088952063514976,-0.5416137938203904
-0.07831103185908851,-0.0290370219031529,-0.40064511690869914,0.09797826331446516,-2.0139438398058016,-1.794004314866676,1.4181841508437174,-0.05378478878012071,-0.1774527460871754,-1.7802055567024093
-2.085846634803189,0.3683765515876522,1.2928333852701455,-0.9557984784825025,0.2699096334948337,1.0802813101583735,-0.32998735278701674,1.2346707569998914,-0.3760811524916754,0.2502397739261705
1.750685787117248,,-0.14570359533748672,,,,,0.1430641741048972,,
-0.7295963959523288,-0.9150086741751003,0.6094508605381056,-0.6743768345325335,-0.7949430320722913,0.13445874178761036,-1.0154273376746819,0.48737597594065735,-0.5681794843710102,1.3952167869309788
1.3538859745467025,,-1.1114687293341137,,,,-1.5406972093473603,,,
-1.0459513797592594,-0.40352824171818164,0.9923830711538505,0.9647136453009871,0.24610323363627168,1.2569017385570178,0.9204612234338194,1.6361776321554176,0.609402086951458,2.871396556055803
-0.29569496212238944,2.047244965563501,-0.9851713030787701,-0.09607323067577027,0.7229091840049181,-2.6505024145724714,-0.5443938950280096,2.2391077410564435,1.4968583219222662,-1.4847512087935284
-1.5962856602611544,-1.507158560344689,-0.8459762488021344,-0.014953649232822597,0.8696185717625685,1.0805005855384562,1.8536378500297954,1.3873594688192847,-2.3317074253772705,-0.470394154546827
-1.3768439406423294,2.384612403543547,-0.36528440939453855,-0.7232430079617401,0.7892020526357454,-0.23512322487338433,1.131940507499173,-0.5888390440461834,0.9826992140863923,-2.5096406640811737
2.5688696137547775,0.7645026322898443,,,-0.016021655078542862,-0.03593713799137871,,0.30714305536008063,-0.11103283607763846,
-0.39120805173917383,-0.12392564206206788,0.2572895290811126,0.16194628996886998,-0.06372387303864885,-0.25216406051682877,0.5859467303020384,-0.6267321547137844,-1.7212379508330071,-0.07744386759997594
0.9152542532694368,,0.8247024307057746,,0.45453498950179855,2.0902705937637562,,,-0.35092961169535364,1.3132850023464355
0.005867086030579424,-0.26805477852453846,-1.3881070748953352,-0.927279506948296,-0.35818048665539876,0.9411713883562365,1.5517374601912255,-0.12337608569068521,-0.32893593533926624,0.3678947302437174
0.22180383198499548,-0.1621509725342296,-0.02315729188728575,0.2997334684881234,1.189708725111037,-0.6929554685961439,-1.2853717520427679,0.1931204106106744,-0.9034572687278868,1.4297185854761194
0.3712333389894159,-0.12252378636765415,-0.03282918055697103,0.41445327449785874,0.6272264435774996,2.4966549799813795,-1.0494176969219395,0.9826651719494663,2.2619595592777055,0.39509515090078917
0.08393543496104197,-0.3503975956117218,-0.06692481226559999,-0.022349192288464926,1.1934001878227742,1.280908600787607,-0.49472520815216176,1.3162769298197812,0.20267845744868845,0.25498017236903114
0.9600400290355484,-0.19041743591955337,0.15765065639307346,0.37070550459562374,,-1.8610553035496415,,-0.9700206035213051,,-1.1185969544508159
1.1396675774755254,,,,0.20521480882478862,0.495161164815215,-0.15892903075683254,,,-1.7579002759396998
0.33124569099203366,0.19227847809861232,-0.5314056904530459,-2.470168495338634,-2.132160120433534,-0.9018669442578761,-0.24569230377857235,0.46412233258619817,0.14734907801623554,-1.35545189275626
1.4962084576821213,1.1761165906524185,,,,,-2.02730337219123,,,0.7732287140725427
0.8307050741822228,-1.1638933763393589,-0.9189838541713609,-0.3638130855085652,1.327860389470803,0.9385111698036296,0.32521691452683443,0.4332643833922164,0.11294375823594187,0.3976671471270367
-0.8569019244798013,-0.5889049927245499,-0.8536021750021723,1.1651203439892988,1.7211080247408679,-0.009622472266150501,1.5966876232524663,0.7405634688757602,-0.10121610002477961,-1.96221181545193
2.2647181605012006,0.9646136970610177,-0.07181587207381857,0.07336546212790625,,-0.32119531761108183,-1.426532189708382,1.40844181223511,,
-1.699044857984978,1.437709455132473,0.9117527622286469,-1.7844845340331748,0.9539495811570786,0.7308280009126303,1.2630564483594184,-0.5750463992309115,-1.7859623414194417,-0.5417269719604773
-1.4942152075501915,1.114012280280789,-2.4640649894954794,-0.2785072752552976,-0.9843169891038658,-0.6268515590724238,-0.2988728332357975,0.4140255380904188,0.0217300795776332,-0.0543367366765321
-0.2839245094565612,1.2861272778676933,0.7251711806228144,-0.6740422538421035,-1.4003937822421302,0.16721828523330887,0.11484288648044061,-0.7960768177007234,-0.7341884651730473,0.4055469515556215
2.2045274478304706,,-0.8018253305317125,,,,,,,0.16760715164549955
-0.8785119796479863,0.06359808671174683,-0.6537874885000587,0.7079140500500204,1.3408904104415853,-1.110733402765092,-1.0097493511845068,-1.0100153031479364,-0.32047484730400727,0.916699253713907
-1.4888496099562774,0.294367185050756,1.6699629209207791,-0.8946828885386319,-0.640763737760189,-0.6244938486976886,1.4612049145566912,0.12595153298066644,0.871090698740971,-0.6014453776858414
0.8959535555367591,-0.1231913026000222,,,1.6670386578044498,,-0.8647752958360594,,1.656902744183671,-1.3464723986949365
-0.06575102118619357,-0.7718226704869048,0.37857251117191615,0.18524564401233698,0.5151485459369293,-0.6232372758204784,-1.4727107189842268,-1.1554740706864575,0.7252249005184118,-0.8349184959881191
-1.5094419831933474,-0.8645081939855186,0.86656553736182,-0.9069509148599514,0.46400036741448697,0.01435798937897976,0.12439068183538783,0.38782257289962874,-1.4702186867648128,0.2728789325276941
-0.3967888709611705,-0.3590844433832992,-0.4889762462646678,-0.28824055081302347,0.332231442612268,0.7470905008496924,0.8659105412778673,3.401012664733402,0.06854196744986858,1.217092672618842
-0.5851388792205697,-0.9134128836708834,-0.49398193021083797,-0.8553566918326194,1.1220779947693802,1.766047582718381,0.6273453705931407,-0.026803749812367803,0.06601948230884992,0.36037539935584767
1.7696597179528495,0.9916008964085566,,,-0.13183721495490808,,,,,
2.2545787476605508,1.3368451486337714,,,,-0.11755708595410407,,,,
-1.3670571362424209,0.541879015357832,1.3228451526442648,-1.0825535571684464,1.1252104424303813,-0.5459055369683856,0.4550740773325572,-0.1419487575523442,-0.3909785472376924,-0.16251538086434475
0.5637569211195457,1.455450536536036,-0.5435592585236971,-0.3243327809940286,0.5786386305495541,0.5436549389989185,-0.9373927002974678,-2.360638428876425,-1.2165449249657405,-0.5445431513697058
-0.048444785499514725,0.8861030987247557,-1.3946973569842291,-0.2123588162856504,1.5341903459955522,-0.5602384212507503,1.1679126986401074,0.8867428777068956,1.3293416110326215,-0.6376879083993133
0.004520094873836702,-0.43813156139335324,1.261235530292675,-0.0006504978491863897,0.001657418158919024,-2.44768300309379,-1.6031217691115671,1.0374946075772342,0.9342183259369291,0.21139959417271834
2.783366457177457,-0.2552648637286403,0.7467772582318353,,,,-1.1202862581966007,,,
1.8962891809564144,,,-0.15787872204487902,,,,-1.9569024288765413,-1.131615444514862,0.5302903342364588
2.170034130602184,-0.5820096742515478,0.592380693577489,,,,,-1.194609811303069,-2.0755657915583865,
-1.7256958572525076,-0.8666834568659411,-0.14015800172296228,-0.5558199397050968,-2.4291484339417893,-0.25999449571268224,-0.0728076954041786,0.685038576374049,1.1148061610320203,0.670676422209711
-2.680262924782981,-0.7178093727083841,-0.5168843025327431,-1.1301540151004361,1.5802611956753254,-0.433248773468617,-1.0101329392717329,0.5010695551254872,-1.5653990748803543,-0.9742630586565303
0.3901694607469764,-0.9704728358342855,1.6929967300296456,0.5994158624128626,0.08533133828276103,0.27339473971775996,-1.4132546744954835,-0.047107112695355044,-1.2414349751969131,1.2229461586838755
2.089391078125067,,-0.5104490493323344,,,2.0212814587400825,,,0.1269000270476237,-0.39268382908013266
-1.5252523888385487,-0.6859339359636083,-0.0056457940049183435,-0.43410177933908506,2.721271579826841,0.2815124775066166,-0.24897202509635727,-1.5258905917468168,-0.3914934817056137,-0.5708861244780769
-0.0894254701157995,1.9071408199319937,0.6724814302253534,0.33967104209081994,-0.259429428904462,-0.36295210081412893,0.31775034253405876,0.5980294481555566,0.6446703029975107,0.8746158237158965
0.9068131321377758,,0.28028777999988164,,-0.5137403367194957,,,,,1.1229629466028745
-1.4620857968403902,1.1630087552628137,0.08354703536085588,-1.4941023621731637,0.6434682447575985,0.6614919212519791,0.22739401192737457,0.4177679280466741,0.7379703943360262,0.17377285210915228
0.9330551921342606,,,,1.093642543927121,,,0.5996561823180214,,-0.9238686876580614
-0.07870457511768712,-0.9980598855728176,-0.24931919704437275,0.6592459672805291,0.9210650701711832,-1.063590624872944,-2.073684202974444,-0.9627166546022223,-0.35127476943893066,2.298110936664608
-0.7173554445344631,1.7420220209594846,0.7463909813678896,-0.05570677944338996,-0.1572719549643555,1.1808574890580692,-0.5647220080141018,1.9145333943617535,0.5999516097910114,-0.29779926216644176
0.16527153797168853,1.1354341319677073,1.7917085295414121,0.4080033628102348,-0.4566224602731908,0.2674759878707432,-1.1068131815170597,0.7657058282817677,-0.6289582442405525,-0.4433014613753734
0.9342255232585842,,,,0.10754336146647711,,,0.00572551344805369,,
-1.2872124829160763,-0.38594818226619526,-0.5835991222979124,-1.2942807351141095,0.1856978526674708,-0.8617900173350106,-0.5871677904757585,0.6718514877953,-1.5681881128160604,0.5648374486246136
1.4443301661665524,,0.8015794800612468,,,0.4176041559742216,1.0645796429574317,,,-0.012534177058653605
-0.2828124009298863,-1.2070785637696373,-1.279748997237516,-1.3679324720526507,-0.5047167626572827,-1.0730936476716506,0.5696343131359065,1.4370680107764484,0.49739715937253126,-0.7129397452728704
2.14837693627267,-0.5847591011875367,,,,-0.8094168886289528,1.7044643857268593,,-0.6881772468291233,0.9074569513591502
2.445395020634013,1.5839427563159167,,-0.7918719455579374,,0.7986628775902139,0.8125740269650324,,-0.39159142970741173,
0.816207893232408,0.4071106617303786,-0.6917515252483606,0.4564254266731091,-0.41934662072037765,-0.002870973354631996,0.23043169439349437,0.6029774702735149,-1.9515423563795604,1.053437330399685
0.9848268177783266,,0.39997955348466735,-1.2764917738496722,,,,1.9826851927511455,0.2917348625922963,
-0.458237950898827,0.19397595875838586,-0.7226552393465402,-2.435862887652932,-1.1284414629321597,-0.0009188496206824503,0.7735277713156612,0.6466360396133348,0.6545294056135716,-0.8856299231620874
0.22645954719984232,0.6816794379532287,0.7127503073441678,-0.5385575623797997,0.6272393433552926,0.12914045996821688,-0.34274519980277235,-1.0637692439371027,-0.23341305976691026,-0.6422452466797108
-1.0023147745512482,-0.3358661181193539,-0.4394657651544762,2.233701500240441,0.8943828363701878,-0.6390480042332024,1.1109967776241754,0.4307906106714035,-1.350596186127924,0.08375439015350988
0.24226122848675508,-0.2739940795886444,-1.8015245075411366,-2.1252371226180764,0.7374957259657293,0.07379244583131744,-0.6951601706297471,1.0586239710278602,0.06237829753212736,-1.1915489468534173
0.16174786889806442,0.8628213606123767,-2.1976076549045658,1.0648858897831583,1.1467782612854216,0.555474599736573,-0.06108390059211106,0.2660277390299128,-0.9350676932415538,-0.8725518335071835
1.4536245155046903,,,0.721511322027032,,,,0.03076431667131768,0.5835580370828036,
0.025280254116825513,-1.463293862747334,-2.6550535454510067,-0.2584581513121937,-0.8868014396259588,-0.28105906768218486,0.42938488223174326,-1.327150693141703,1.3758865178313449,0.5710802556259348
-0.16795441562850236,0.34094825443059446,-0.6011233093768936,-0.6173192471056786,-1.9567326503440308,-2.398012212608683,-0.08623548609647004,-1.7092163909820612,0.6932173357293826,-0.2586341575659624
-0.5786494964442532,-0.7273174761722987,-2.1101043713841645,0.4694676656948989,0.5195953724543398,-1.2456725920261624,0.4905401688022497,-1.343659717680952,-1.583076833372956,1.2957491511317965
-1.8036346139774648,-1.8535303903099012,-0.8488886956836403,0.5056179515773971,-0.4388501936929378,1.0212740095383028,1.2036638810424642,-0.08576901772684545,-0.5173657455468911,0.8685385020989235
1.0848631962547441,,,-0.4967201317953257,,,,1.0911909378045137,,
-1.4927314512648795,-0.4264373804119546,1.0250783426054209,-1.851936574421518,-1.6350962853790634,0.9830747405018448,-0.5340611977242871,-0.2884785680486417,0.7379797159009822,0.6721205969285426
-1.2912487462963942,-0.08809495623344957,0.07056885483355285,-0.17085755780966602,-0.7209148918479182,0.3499858096205249,-0.5891440010738369,0.12241673353339251,-0.05366771772109135,0.40968949986377534
-1.7241407258785169,0.1671983310709021,1.4787336543151255,1.1244689531267311,-0.6335819436959714,0.3473543829037426,-0.4921602852589717,-0.7056681513714068,0.17877618293959344,-0.23923174732468883
-1.968607963251792,0.9362358205349796,0.40701248466131357,0.8472960541050482,0.5755844392814705,1.1255610915457301,0.4868323456885137,-1.1116275641280482,-1.139629601682599,-0.44459347013827755
